-0.7003375000000001	0.37622974999999315	0.26277253357437985	0.04791666666666667
-0.6898374999999999	-0.003860250000002452	0.27108180526859493	0.04375
-0.6801999999999999	0.339053999999976	0.2612951962809916	0.05333333333333334
-0.6931750000000001	-0.4012809999999831	0.2852136492768594	0.05291666666666667
-0.6843250000000001	-0.22743100000002414	0.2715867768595043	0.04666666666666667
-0.6770874999999998	0.06791975000001571	0.26962093233471024	0.04625
-0.6935875	0.19393974999997	0.2708609891528926	0.04708333333333334
-0.702925	0.25297899999992524	0.263435369318182	0.04708333333333334
-0.7008625000000002	0.849117749999948	0.2707794421487606	0.043333333333333335
-0.6871375	0.1788377500000422	0.2622377324380165	0.04583333333333334
-0.6872875	0.10626974999996719	0.2769506714876032	0.05500000000000001
-0.6956499999999999	0.28363600000000133	0.27868950154958655	0.05541666666666667
-0.6936624999999998	-0.08114025000003267	0.2752037060950414	0.04375
-0.6881124999999999	0.29662774999999897	0.2798332902892561	0.035833333333333335
-0.6722874999999999	-0.2900302499999725	0.2719224560950419	0.04875
-0.6867624999999999	0.34884775000000445	0.2787284349173551	0.04583333333333334
-0.6869125	-0.135450249999991	0.2959753357438017	0.04416666666666667
-0.6759999999999999	0.021350000000012415	0.2686284220041323	0.03791666666666667
-0.6856374999999999	0.4828277499999558	0.26502698863636376	0.042499999999999996
-0.6772	-0.05441599999997493	0.27332076446281006	0.04166666666666667
-0.6864250000000001	-0.32126100000007796	0.2764365960743805	0.04416666666666667
-0.6815875	0.4097297499999968	0.2601601239669422	0.06166666666666667
-0.7085874999999999	0.13363975000004302	0.26950606921487597	0.06083333333333333
-0.686275	-0.35348899999999617	0.29136105371900806	0.051666666666666666
-0.6862374999999998	0.4645777500000463	0.2887217200413226	0.04083333333333334
-0.6747624999999999	-0.23048225000005118	0.2719226497933885	0.05583333333333334
-0.6874374999999999	0.4894437500000208	0.2797924199380166	0.03791666666666667
-0.6870999999999998	0.13941600000003973	0.2852884168388432	0.053750000000000006
-0.6938875	-0.3763922500000376	0.2936926007231403	0.04041666666666667
-0.67855	0.47795399999998267	0.2642616864669423	0.04791666666666667
-0.6798625	0.24890775000000076	0.2712685304752064	0.05875
-0.7015374999999999	-0.09617024999994328	0.25703886880165316	0.04583333333333334
-0.7022875	-0.13768024999995987	0.26772346332644636	0.03625
-0.7065624999999998	0.049093750000054115	0.2758595686983468	0.04958333333333333
-0.6787749999999999	0.1114109999999755	0.2788506585743803	0.04375
-0.7015	-0.32715000000001737	0.27990302169421477	0.04416666666666667
-0.6841375000000001	-0.012482250000005024	0.2706504390495867	0.042499999999999996
-0.7063374999999998	0.018609750000052827	0.2642583935950413	0.04083333333333334
-0.6832	0.050573999999983243	0.29296720041322355	0.05666666666666667
-0.683575	0.1152890000000184	0.27922507747933906	0.050833333333333335
-0.6765249999999998	0.12728100000001064	0.2693361957644632	0.04208333333333334
-0.6803874999999999	-0.02263225000001512	0.2805280862603303	0.05541666666666667
-0.69865	0.007426000000009481	0.2599825025826449	0.05958333333333333
-0.710725	-0.05044900000001462	0.27771190599173545	0.0475
-0.6717625	0.266497749999985	0.28203060433884264	0.05416666666666667
-0.6917125	-0.1857102499999428	0.2880854209710744	0.037083333333333336
-0.6921625	-0.05692025000001877	0.2597458032024792	0.04708333333333334
-0.6984999999999999	0.13309999999995625	0.2643519498966942	0.04541666666666667
-0.6845124999999999	-0.0643922500000258	0.2786937629132229	0.051250000000000004
-0.6884124999999999	0.44512975000000665	0.2772509039256198	0.04416666666666667
-0.7037124999999997	1.2537997500000415	0.26971158316115695	0.04791666666666667
-0.6981999999999999	-0.41107600000003686	0.2800457773760329	0.04125
-0.69235	-0.3106539999999427	0.28146636105371897	0.03875
-0.6886375	0.3267977499999972	0.2704189695247932	0.05625000000000001
-0.6978625	0.21718774999999368	0.2733842975206611	0.045
-0.6850375	0.14444975000000682	0.282975271177686	0.044583333333333336
-0.6899875	-0.408072250000032	0.28567910640495875	0.050833333333333335
-0.7009000000000001	1.237355999999977	0.28718472365702474	0.03291666666666667
-0.6749874999999999	0.09977775000001543	0.2764110278925615	0.04583333333333334
-0.6952375	0.2854677499999525	0.27815566890495835	0.053750000000000006
-0.7	0.28025000000002365	0.2704859891528926	0.04208333333333334
-0.6860124999999999	-0.243032249999942	0.2707685950413226	0.04833333333333334
-0.6884124999999999	-0.2901202500000011	0.2829003099173553	0.043333333333333335
-0.6863874999999999	0.2320577499999672	0.27368394886363606	0.04625
-0.6798249999999999	0.23113900000001308	0.2631126678719009	0.05458333333333334
-0.6951624999999999	-0.050660249999964435	0.2680225335743798	0.042916666666666665
-0.6959499999999998	-0.3231659999999579	0.26865612086776847	0.05416666666666667
-0.681475	0.41524100000000885	0.27984181301652883	0.05583333333333334
-0.6911499999999999	0.6988259999999968	0.2762246900826445	0.051666666666666666
-0.679225	-0.01772900000000277	0.2714889591942147	0.042916666666666665
-0.70855	-0.07099600000003647	0.27112112603305794	0.04833333333333334
-0.6934374999999999	0.19659375000003365	0.26867704028925615	0.03916666666666667
-0.6890125	-0.19346225000001027	0.27486086002066135	0.04958333333333333
-0.6924249999999998	-0.2804509999999709	0.287212035123967	0.04666666666666667
-0.6880375000000001	-0.18019024999998123	0.2798197314049586	0.043333333333333335
-0.7002624999999998	-0.23526224999994838	0.27127550361570224	0.04541666666666667
-0.7032625000000001	-0.07989225000005717	0.2659627453512398	0.04708333333333334
-0.6797500000000001	0.679349999999971	0.27307651084710743	0.05458333333333334
-0.691225	0.09006099999999151	0.2480340263429753	0.06041666666666667
-0.69475	-0.19214999999996962	0.2664189049586778	0.05
-0.6914125	-0.13136025000000018	0.26614249741735546	0.06041666666666667
-0.6756249999999999	-0.06962500000000205	0.27667000258264457	0.04791666666666667
-0.69235	0.35634600000003047	0.2794513171487601	0.04083333333333334
-0.6872499999999999	0.3278500000000122	0.27554267820247946	0.04625
-0.6868749999999999	-0.2648749999999609	0.26560033574380176	0.04416666666666667
-0.696625	0.14822500000002492	0.26390198863636377	0.049166666666666664
-0.6950874999999999	0.006709749999970427	0.2857314049586778	0.03833333333333334
-0.6873624999999999	-0.016392249999967134	0.2623775826446281	0.04833333333333334
-0.6989874999999999	0.4158177499999738	0.2782757618801654	0.050416666666666665
-0.6830125	0.3659477500000321	0.2832751162190084	0.04625
-0.6864250000000001	-0.10326100000006022	0.2689201317148761	0.04375
-0.7115499999999999	-0.03971599999999853	0.27649276859504157	0.04166666666666667
-0.7036374999999999	-0.17510225000006585	0.2693625387396693	0.04875
-0.6791875	0.7642437499999915	0.27112441890495875	0.03875
-0.6806874999999999	-0.026556249999998727	0.2637538094008266	0.04708333333333334
-0.6848875000000001	0.3971477499999878	0.2715784478305785	0.03541666666666667
-0.6854125	-0.06808025000003681	0.2678573088842972	0.049166666666666664
-0.6747624999999999	-0.2859822500000462	0.28458742252066094	0.04416666666666667
-0.7087374999999998	-0.20232224999995196	0.2751527634297523	0.042499999999999996
-0.696925	0.502819000000045	0.28085136880165307	0.050833333333333335
-0.6861999999999999	0.4121439999999552	0.2845610795454544	0.0375
-0.6679374999999999	0.033993750000007594	0.2639149664256198	0.04875
-0.6797500000000001	-0.08940000000001191	0.2666304235537189	0.04666666666666667
-0.69265	0.29564599999997654	0.26495686983471106	0.05
-0.7080249999999999	-0.07369899999997642	0.2779906379132231	0.03541666666666667
-0.6870624999999999	0.22174375000000168	0.2733957257231405	0.04625
-0.6806125000000001	0.5756777499999828	0.26286318440082634	0.044583333333333336
-0.6836875	0.2754437500000222	0.28309265237603304	0.050416666666666665
-0.68845	0.3612839999999835	0.2831350723140495	0.06333333333333334
-0.6746125000000001	-0.17508225000000266	0.2909085743801654	0.03666666666666667
-0.7012749999999999	0.750460999999973	0.281466748450413	0.03791666666666667
-0.6903250000000001	-0.2851410000000385	0.2863698347107437	0.03666666666666667
-0.6932875000000001	0.2392397500000243	0.2627062887396694	0.04541666666666667
-0.6918625	-0.41927225000006274	0.27243381973140524	0.04875
-0.684175	-0.1747710000000211	0.27322255940082674	0.04208333333333334
-0.6946375	0.1903877500000135	0.2623219912190081	0.04708333333333334
-0.6736374999999999	0.2856977499999971	0.27496429493801633	0.05708333333333334
-0.699325	-0.11608100000000832	0.2832956482438014	0.04708333333333334
-0.7028125000000001	-0.38090625000000955	0.2642291451446279	0.04791666666666667
-0.6902124999999999	-0.5312802500000373	0.26851491477272715	0.04708333333333334
-0.6954625000000001	0.21083974999993416	0.270771500516529	0.05791666666666667
-0.6839499999999998	0.15920399999998835	0.2708270919421487	0.03916666666666667
-0.6866125000000001	0.22338775000000055	0.266714682334711	0.05958333333333333
-0.6817375000000001	0.005207749999954103	0.28453260588842977	0.03791666666666667
-0.6781375000000001	-0.044722250000035046	0.2751459839876032	0.044583333333333336
-0.6843250000000001	0.09956899999997404	0.280772146177686	0.04875
-0.6793	-0.02967599999999493	0.2663263171487603	0.042499999999999996
-0.681775	0.16920100000004368	0.2801590909090906	0.05
-0.7047999999999999	-0.12934599999999818	0.2580794163223139	0.04583333333333334
-0.6747624999999999	-0.09273225000004004	0.2744161286157022	0.044583333333333336
-0.6999249999999999	-0.3327510000000302	0.2723569214876032	0.05
-0.674725	0.35493099999999345	0.2713438791322317	0.0475
-0.6929874999999999	-0.13524225000003298	0.2583937887396695	0.04375
-0.6831624999999999	0.043849750000021004	0.2651678073347107	0.04541666666666667
-0.6762625	0.3560777499999688	0.2669699767561983	0.050416666666666665
-0.6847375	-0.44166225000000736	0.28955171745867786	0.051250000000000004
-0.6802374999999998	-0.40193224999998733	0.2682636880165289	0.05333333333333334
-0.68695	0.03472399999998288	0.2719610020661153	0.04833333333333334
-0.678925	-0.053960999999986825	0.25993407799586743	0.053750000000000006
-0.6720250000000001	-0.29187900000002287	0.2575535253099173	0.05458333333333334
-0.6832	-0.036176000000011754	0.27614178719008275	0.04833333333333334
-0.678175	0.4793190000000038	0.28965379648760314	0.0475
-0.6882249999999999	0.06660099999999147	0.27244137396694207	0.05
-0.687775	0.1489310000000046	0.2865373837809917	0.04875
-0.6797875	-0.0896302499999706	0.2810351885330578	0.05291666666666667
-0.6874	-0.2704740000000072	0.28701407541322327	0.042499999999999996
-0.6889375	-0.30525624999998513	0.26891238378099175	0.04041666666666667
-0.68245	0.10724400000003698	0.2837059013429753	0.03791666666666667
-0.6966625	0.19401974999999538	0.29442071280991733	0.045
-0.6739374999999999	-0.2202562500000056	0.2776861441115702	0.04375
-0.7079125	0.16086975000001758	0.2708898502066116	0.05583333333333334
-0.6928749999999999	0.2842249999999922	0.2657698217975206	0.04541666666666667
-0.6870624999999999	0.3867437499999937	0.28596171229338846	0.04208333333333334
-0.6879249999999999	0.19982900000002246	0.27003292871900825	0.042499999999999996
-0.683425	-0.2125910000000033	0.27024793388429774	0.04666666666666667
-0.6866125000000001	-0.16861224999999536	0.2781750387396696	0.04875
-0.7019874999999998	-0.22320224999998572	0.28295783832644616	0.050416666666666665
-0.6839124999999999	-0.3352602500000046	0.27364172262396685	0.052083333333333336
-0.6940375000000001	0.2779297499999984	0.278778021694215	0.04583333333333334
-0.6903625	0.3324877500000696	0.2597777634297521	0.0475
-0.66385	0.34442599999997014	0.281188985020661	0.05708333333333334
-0.6945249999999998	-0.01782900000000609	0.26520906508264475	0.04416666666666667
-0.6692499999999999	0.180150000000026	0.27127860278925603	0.06375
-0.6801249999999999	-0.009974999999968759	0.26454293646694227	0.04958333333333333
-0.6764874999999999	0.20221774999998843	0.2744794679752066	0.049166666666666664
-0.683575	0.08628899999999362	0.2646882102272728	0.04541666666666667
-0.6892749999999999	0.013551000000006752	0.2783137267561981	0.04208333333333334
-0.6941875	0.44424374999999827	0.28649961260330636	0.03916666666666667
-0.6858625	0.1919677499999466	0.26982567148760295	0.06666666666666667
-0.6880375000000001	0.11230975000000853	0.27804235537190075	0.051666666666666666
-0.6769375	0.010943749999967167	0.28768155991735544	0.04666666666666667
-0.6901374999999998	0.2897077500000478	0.2733399405991733	0.04958333333333333
-0.6826375	0.22190775000001395	0.2758448476239669	0.051250000000000004
-0.6753624999999999	-0.23466225000001373	0.27916367510330575	0.06041666666666667
-0.6877374999999999	0.10676774999998884	0.27773495609504134	0.053750000000000006
-0.6762999999999999	-0.061855999999977485	0.25675916838842966	0.05416666666666667
-0.7100125000000002	0.39342775000000074	0.26280139462809926	0.045
-0.6901374999999998	0.3382077500000378	0.2750632747933885	0.045
-0.6854875	-0.08119224999998664	0.28345525568181834	0.05708333333333334
-0.6767125	0.061089749999979404	0.26776840134297497	0.04958333333333333
-0.6965874999999999	0.028179750000049353	0.27840805785123973	0.051666666666666666
-0.681325	-0.1260009999999454	0.2673779054752068	0.04625
-0.7002624999999998	0.09498775000002979	0.28109136105371857	0.04708333333333334
-0.6893499999999999	-0.17241400000003182	0.26461421745867775	0.044583333333333336
-0.6973	0.165204000000017	0.28305120092975194	0.05291666666666667
-0.6786999999999999	-0.12390599999997676	0.2784756585743803	0.030416666666666665
-0.6919374999999999	-0.20180625000000418	0.28920189824380177	0.03208333333333333
-0.6998499999999999	-0.5742539999999394	0.2733620222107435	0.04708333333333334
-0.6896125	-0.32868224999998574	0.27876000774793386	0.04375
-0.6989125	0.3675397499999917	0.26672281766528905	0.04541666666666667
-0.693775	0.3861109999999712	0.2870748966942151	0.043333333333333335
-0.6748375	0.27593974999999205	0.2783759039256196	0.052500000000000005
-0.6900999999999999	-0.28467400000002385	0.2801093104338845	0.03291666666666667
-0.6850749999999999	0.4303989999999658	0.29020312499999995	0.04583333333333334
-0.6928749999999999	0.41822500000000673	0.28397940340909106	0.04958333333333333
-0.696925	0.045819000000051346	0.2782813791322315	0.0475
-0.6927625	-0.007812250000029053	0.2750158186983473	0.034583333333333334
-0.6981625	0.04389974999998003	0.2803460098140497	0.04875
-0.6934374999999999	-0.3464062499999727	0.26043691890495885	0.050416666666666665
-0.6868375	0.26419974999996043	0.2772156508264464	0.05333333333333334
-0.6854499999999999	0.28411400000004505	0.2896514721074379	0.05583333333333334
-0.6974499999999999	0.43134400000002415	0.26201846590909084	0.05416666666666667
-0.702475	0.16241099999996322	0.28897430268595026	0.0475
-0.6738249999999999	0.15019900000001485	0.27230675361570256	0.04875
-0.6844375	0.2774437499999749	0.2770357050619835	0.04125
-0.6934	0.21575599999999895	0.2701820764462813	0.043333333333333335
-0.6935125	0.6510177499999941	0.28319143853305795	0.04125
-0.6882999999999999	0.30966399999999794	0.2649834065082645	0.052083333333333336
-0.686725	0.1556709999999839	0.26921668388429787	0.04
-0.7023625	0.07575774999997975	0.2737538739669419	0.043333333333333335
-0.6925374999999998	0.42059975000000804	0.2642037706611572	0.05500000000000001
-0.676075	0.2622390000000223	0.2684529313016526	0.05708333333333334
-0.6766375	0.5392177500000059	0.28455701188016547	0.04208333333333334
-0.6801249999999999	-0.15547499999996717	0.2811862732438018	0.06125
-0.6791499999999999	0.19621600000002104	0.2657802815082642	0.04958333333333333
-0.683875	0.35377499999998463	0.2692346978305784	0.06875
-0.6815499999999999	0.6129840000000399	0.2864221332644629	0.05416666666666667
-0.70495	0.0753940000000739	0.2666716813016526	0.053750000000000006
-0.6796749999999998	0.4785590000000184	0.2709562887396693	0.04375
-0.6897625000000001	0.5128677499999412	0.282100916838843	0.037083333333333336
-0.6793749999999998	0.005625000000009095	0.27399890237603314	0.04208333333333334
-0.6997	0.24373399999996082	0.2755645661157028	0.04666666666666667
-0.6970749999999999	0.14297900000002528	0.29712086776859514	0.04166666666666667
-0.6741625	0.47856974999999125	0.2678557592975206	0.04583333333333334
-0.6889375	0.19274375000003374	0.2785211776859503	0.06333333333333334
-0.691225	0.7918109999999956	0.28757909349173555	0.051250000000000004
-0.6739374999999999	-0.09300625000000196	0.2763575671487606	0.050833333333333335
-0.6991375	0.05061774999995805	0.25819079287190083	0.06375
-0.6685749999999999	-0.07056099999996945	0.27513358729338844	0.042916666666666665
-0.6921625	0.4105797500000108	0.26910646952479356	0.04958333333333333
-0.6983874999999999	0.1622877500000186	0.28395092975206593	0.043333333333333335
-0.6809499999999999	0.5982339999999908	0.2619028279958676	0.05875
-0.6962875	-0.02120024999993575	0.26644098657024784	0.04583333333333334
-0.68665	0.3863160000000221	0.26958025568181826	0.04541666666666667
-0.6865374999999998	0.034529750000018566	0.27336240960743796	0.05458333333333334
-0.6819624999999998	0.22340975000003027	0.25319511880165313	0.03916666666666667
-0.6865749999999999	0.4057090000000301	0.2689987732438016	0.051250000000000004
-0.6839124999999999	-0.008760249999994585	0.2814644240702478	0.03958333333333334
-0.6986125000000001	-0.13234225000002198	0.2761437241735537	0.049166666666666664
-0.6942999999999999	0.15472399999998743	0.27397778925619837	0.04166666666666667
-0.6850749999999999	0.01914899999997033	0.29072146177686	0.04083333333333334
-0.6917500000000001	-0.19435000000004266	0.28372914514462805	0.03958333333333334
-0.678175	0.2090689999999995	0.2745922004132236	0.04833333333333334
-0.7064874999999999	-0.10948224999998502	0.2693392949380162	0.04375
-0.6891624999999999	-0.15463024999999675	0.27347243026859513	0.04625
-0.6890874999999999	-0.08742025000000808	0.2811502453512396	0.04208333333333334
-0.7036374999999999	0.24939774999995734	0.2849236828512396	0.04083333333333334
-0.6801625	-0.04446025000001441	0.27118562758264453	0.04041666666666667
-0.6871750000000001	0.07500899999996591	0.27076607696280997	0.05625000000000001
-0.6871375	0.06958775000003925	0.2689034736570248	0.051250000000000004
-0.6912624999999999	-0.16732224999992695	0.28007057076446285	0.05458333333333334
-0.6888624999999999	0.09569774999997094	0.27127782799586764	0.04875
-0.6837625	0.1358777499999917	0.2625534607438016	0.05333333333333334
-0.6886375	-0.09120225000000914	0.2898910769628104	0.04791666666666667
-0.7037875	0.4919497500000034	0.28081572830578505	0.0325
-0.6911125	-0.17979225000004817	0.28295977530991756	0.03958333333333334
-0.6830499999999999	0.3909240000000125	0.28456824638429773	0.05291666666666667
-0.680275	0.2583309999999983	0.2723927556818183	0.04708333333333334
-0.6993624999999999	0.5496777499999439	0.28284510588842926	0.04125
-0.7011624999999999	0.24600975000004155	0.28831495351239683	0.035833333333333335
-0.689575	0.5849290000000167	0.2651691632231405	0.03666666666666667
-0.6920875	-0.1661302499999806	0.2810129132231406	0.03833333333333334
-0.68455	-0.2569360000000245	0.2621325542355372	0.05625000000000001
-0.674425	-0.2125310000000411	0.28080410640495834	0.050833333333333335
-0.6752499999999999	-0.2726499999999987	0.282665160123967	0.042499999999999996
-0.6819999999999999	0.19040000000003943	0.2794737861570247	0.04583333333333334
-0.6958	0.07711399999993773	0.26439591942148755	0.06
-0.7005250000000001	0.20970099999993863	0.2721717458677683	0.04
-0.6942999999999999	0.06772399999999834	0.2824923811983473	0.0475
-0.6857875	-0.022410249999950338	0.2840993026859504	0.049166666666666664
-0.68245	0.9624940000000493	0.27489688791322314	0.052083333333333336
-0.688375	-0.4312749999999994	0.2709179364669423	0.04958333333333333
-0.6937374999999999	0.12352775000005067	0.27751007231404967	0.04
-0.6818124999999999	-0.156056250000006	0.26417607179752056	0.05708333333333334
-0.6926874999999999	0.16049375000000055	0.28566380423553694	0.04625
-0.6935875	0.2816897499999982	0.2704598398760333	0.0475
-0.6876249999999999	-0.249225000000024	0.2825233729338843	0.04083333333333334
-0.6911499999999999	-0.033673999999962234	0.2774223269628101	0.044583333333333336
-0.715525	0.15490099999993845	0.27003757747933915	0.04416666666666667
-0.6769375	0.10069374999997649	0.27121991219008246	0.050833333333333335
-0.6963999999999999	-0.037304000000006	0.2804992252066119	0.045
-0.6906999999999999	-0.09312599999998383	0.2723852014462808	0.049166666666666664
-0.693775	0.27061099999997396	0.2815721203512399	0.05791666666666667
-0.6754	0.42141599999996515	0.27101556043388464	0.05291666666666667
-0.682075	0.32712900000004197	0.27939901859504135	0.035
-0.68065	0.13443599999999378	0.281951381714876	0.04541666666666667
-0.7051000000000001	0.006125999999994747	0.2725645661157026	0.04666666666666667
-0.6791499999999999	-0.023533999999983735	0.2715092975206612	0.05666666666666667
-0.697975	0.038770999999997	0.2724791451446281	0.044583333333333336
-0.6819249999999999	0.27341899999998986	0.2651879519628101	0.053750000000000006
-0.6815499999999999	0.10773400000002198	0.27464236828512384	0.051250000000000004
-0.7001875	-0.2942562500000463	0.2797203641528924	0.05458333333333334
-0.6981999999999999	0.02542399999998679	0.2809865702479339	0.04166666666666667
-0.6934750000000001	0.14093100000002323	0.266210291838843	0.051250000000000004
-0.681475	-0.0005089999999938755	0.2735675361570247	0.0475
-0.6913	0.05679399999996804	0.28582515495867766	0.03833333333333334
-0.6955	0.3481500000000324	0.2747893853305784	0.0475
-0.6942999999999999	0.21222399999999197	0.271524987086777	0.052083333333333336
-0.6873624999999999	-0.4031422499999735	0.2818597623966943	0.04666666666666667
-0.6894625000000001	-0.4474902500000155	0.2715451317148761	0.04041666666666667
-0.6935499999999999	0.2188539999999648	0.2824906379132233	0.053750000000000006
-0.6825249999999998	-0.5335389999999904	0.26633735795454566	0.04791666666666667
-0.6898374999999999	-0.045860250000004044	0.2585092329545454	0.053750000000000006
-0.7003375000000001	-0.026270249999981843	0.27944066373966925	0.04791666666666667
-0.6840250000000001	-0.2798689999999908	0.2760114282024793	0.05458333333333334
-0.6841375000000001	0.5232677500000023	0.2798609891528927	0.04041666666666667
-0.6820375000000001	-0.05086025000002792	0.2749821151859501	0.04708333333333334
-0.6846999999999999	-0.7363659999999754	0.26921784607438043	0.06583333333333334
-0.6828624999999999	-0.09596225000001368	0.27571816890495837	0.04208333333333334
-0.6839124999999999	0.2652397499999779	0.28044130940082657	0.03875
-0.6819624999999998	0.06515975000002072	0.25847204287190073	0.06041666666666667
-0.6995125	0.13770775000006097	0.28037312758264493	0.053750000000000006
-0.69265	-0.27835400000003574	0.27566993801652895	0.045
-0.6859	-0.1575939999999605	0.2685970428719008	0.04708333333333334
-0.6830499999999999	-0.25757600000000025	0.2813731921487601	0.04666666666666667
-0.6804250000000001	0.12562899999997512	0.27654351756198353	0.0475
-0.70465	0.16590599999994993	0.27466425619834745	0.05333333333333334
-0.6789624999999999	0.6100697500000081	0.2719046358471076	0.04875
-0.6858625	-0.09278225000002749	0.2863934659090909	0.04083333333333334
-0.6773874999999998	0.5573477500000195	0.28553034607438016	0.0375
-0.6935125	-0.06898225000003322	0.26957095816115706	0.04708333333333334
-0.6848124999999998	0.13949375000001396	0.2833609245867768	0.049166666666666664
-0.6828624999999999	-0.09921224999999367	0.27292503873966967	0.05541666666666667
-0.6780250000000001	-0.2795990000000188	0.26239365960743793	0.04958333333333333
-0.6868375	0.18294974999997748	0.28813907541322287	0.042499999999999996
-0.6945625	-0.12875625000003765	0.28525200154958685	0.04375
-0.6853749999999998	0.07347500000003038	0.27487112603305774	0.051666666666666666
-0.6804250000000001	0.1541289999999833	0.27974477014462834	0.050416666666666665
-0.685225	-0.12105900000003089	0.2877251420454549	0.04708333333333334
-0.6892375	0.2551577499999951	0.2576709065082646	0.06875
-0.6888624999999999	0.2364477499999964	0.2617912577479338	0.03541666666666667
-0.7010125	0.19906774999998333	0.27709613894628105	0.04791666666666667
-0.6976749999999998	0.2405390000000125	0.27831818181818213	0.04666666666666667
-0.6934374999999999	0.09059374999998226	0.2556275826446285	0.04833333333333334
-0.6830874999999998	-0.4261002499999904	0.270052104855372	0.04375
-0.6824874999999999	-0.17202225000002613	0.2697756973140495	0.04083333333333334
-0.6911125	0.22470774999993637	0.2779828899793385	0.037083333333333336
-0.6853749999999998	-0.09477499999997008	0.266583354855372	0.052083333333333336
-0.6855249999999999	-0.28499900000005596	0.27319602272727267	0.051666666666666666
-0.678625	0.16702499999999532	0.27996674845041347	0.05625000000000001
-0.6707125	-0.07424025000003098	0.26904003099173557	0.051666666666666666
-0.6890874999999999	-0.2916702500000099	0.2767835098140494	0.05541666666666667
-0.6953499999999999	-0.37409400000007054	0.2475114282024794	0.04125
-0.6855249999999999	0.023250999999959276	0.2773611182851237	0.03791666666666667
-0.7006749999999999	0.04441899999994803	0.26155727014462826	0.05875
-0.6959875	-0.03436225000001514	0.28375703770661165	0.04958333333333333
-0.6772	-0.018415999999973565	0.2663993414256197	0.04791666666666667
-0.7063374999999998	-0.060140249999960815	0.29178564049586764	0.028333333333333335
-0.6837625	0.07562774999999533	0.2901155733471076	0.049166666666666664
-0.681325	0.41949900000003026	0.2695376420454547	0.050416666666666665
-0.6949000000000001	-0.24062400000002526	0.27088326446280986	0.04666666666666667
-0.6807999999999998	-0.04703599999999142	0.27166057592975157	0.053750000000000006
-0.7134625000000001	0.06652974999997241	0.2860566244834709	0.044583333333333336
-0.6952	0.15515400000003865	0.2739452479338844	0.04166666666666667
-0.6946749999999999	0.46320899999994936	0.2653121126033057	0.05416666666666667
-0.6973374999999999	0.2549897499999929	0.2861370092975208	0.04083333333333334
-0.7006375	0.30117774999996527	0.2661614798553719	0.044583333333333336
-0.6811750000000001	-0.15675100000001407	0.28975723140495885	0.04666666666666667
-0.6966999999999999	0.03131400000006579	0.2772067407024796	0.0375
-0.6854499999999999	0.052114000000045735	0.27558509814049587	0.050833333333333335
-0.6831624999999999	0.42084975000000213	0.2742642691115705	0.06125
-0.6900625	-0.15130625000000464	0.28645002582644646	0.0475
-0.6864250000000001	0.21248899999991977	0.2754849560950413	0.04541666666666667
-0.68815	-0.3304640000000063	0.26844034090909086	0.04166666666666667
-0.6999249999999999	0.09924899999998615	0.2715503615702479	0.05
-0.6824124999999999	0.5195097500000259	0.2654161286157022	0.051250000000000004
-0.6808375	0.18321974999997792	0.27567904183884306	0.04625
-0.6923874999999999	-0.04155224999999518	0.2900561079545453	0.04791666666666667
-0.678625	0.2892750000000035	0.27970544938016534	0.050833333333333335
-0.6889749999999999	0.6051409999999748	0.27017820247933866	0.04833333333333334
-0.6974499999999999	0.5153440000000273	0.2668370996900825	0.051250000000000004
-0.6755875	-0.22045024999999896	0.2824914127066115	0.03875
-0.6944874999999999	-0.20990225000002738	0.2793796487603306	0.043333333333333335
-0.7027375	-0.19408225000000812	0.2762622675619832	0.03916666666666667
-0.7057374999999999	-0.020852249999961714	0.28936518595041283	0.03666666666666667
-0.6906999999999999	0.14962400000001708	0.28717290805785123	0.04416666666666667
-0.7083250000000001	0.6281789999999887	0.2716218362603305	0.04208333333333334
-0.6795249999999999	-0.29452900000001137	0.2637020919421488	0.06583333333333334
-0.6980875	0.1955997499999853	0.2684736570247931	0.045
-0.7013874999999998	0.24040775000003123	0.27484962551652875	0.04375
-0.6720250000000001	0.6601209999999753	0.2693687370867766	0.053750000000000006
-0.684175	-0.24502100000000837	0.27505184659090914	0.03541666666666667
-0.682825	0.06480899999996836	0.26976271952479325	0.04125
-0.6908875000000001	-0.08426225000005161	0.27647107438016505	0.05333333333333334
-0.690175	-0.050160999999974365	0.28855959452479374	0.037083333333333336
-0.6893125	0.07869374999998513	0.27491335227272723	0.042499999999999996
-0.6910375	0.08496975000008433	0.27236447572314065	0.042916666666666665
-0.6854499999999999	-0.056135999999952446	0.264462551652893	0.051666666666666666
-0.677575	0.2858489999999847	0.28397514204545415	0.03875
-0.68485	0.18544599999995626	0.29156831095041313	0.0375
-0.6856374999999999	0.4245777499999406	0.2756654829545455	0.050416666666666665
-0.6843999999999999	-0.23126400000001013	0.2731309400826444	0.05666666666666667
-0.6987999999999999	-0.11975599999999531	0.27420286673553684	0.0475
-0.6932875000000001	-0.12251025000000482	0.2552502582644628	0.05
-0.6786625	0.14655974999999444	0.27598179235537185	0.0475
-0.6866125000000001	-0.535612250000014	0.2734451188016529	0.042499999999999996
-0.6921999999999999	0.12143399999996518	0.2785725077479342	0.04875
-0.689575	0.6924289999999758	0.2811519886363633	0.05416666666666667
-0.6795249999999999	0.5067209999999704	0.2831984116735537	0.04791666666666667
-0.684475	-0.2755989999999713	0.283557722107438	0.05416666666666667
-0.6986125000000001	0.21065774999999576	0.2686309400826446	0.03833333333333334
-0.6801999999999999	0.620303999999976	0.2667983600206608	0.05458333333333334
-0.7019499999999999	0.5290739999999801	0.2730786415289256	0.04416666666666667
-0.6841375000000001	-0.28648225000000593	0.2795078770661157	0.04416666666666667
-0.6847749999999999	-0.17020899999999983	0.28455701188016524	0.052083333333333336
-0.6850749999999999	-0.24135100000000875	0.2919103822314052	0.035
-0.6853	0.2825839999999573	0.29344641012396694	0.0475
-0.6934374999999999	0.3853437500000041	0.2700120092975206	0.04583333333333334
-0.6949749999999999	0.07426100000003544	0.26601969266528924	0.05625000000000001
-0.669325	0.21846900000002734	0.2752050619834713	0.04666666666666667
-0.6795624999999998	0.0514937500000201	0.27072385072314076	0.050416666666666665
-0.6884874999999999	-0.1028122499999995	0.27233813274793384	0.05291666666666667
-0.6859	0.35465600000003406	0.2822274018595043	0.05416666666666667
-0.6853749999999998	0.04847500000002469	0.28885052944214884	0.042916666666666665
-0.6763375	0.01770974999999453	0.28860317665289265	0.04416666666666667
-0.6966625	0.48026974999999084	0.2801470816115702	0.03916666666666667
-0.6958	0.5416139999999245	0.2782811854338847	0.037083333333333336
-0.6839124999999999	0.26698974999999336	0.28392032541322326	0.0475
-0.6916374999999999	-0.3709322500000667	0.2912984891528926	0.037083333333333336
-0.6846999999999999	-0.029365999999981796	0.27333161157024777	0.04166666666666667
-0.6932125	-0.2559402500000374	0.2848183109504134	0.050833333333333335
-0.6810999999999998	-0.20425399999999172	0.2871667097107439	0.04416666666666667
-0.6758875	-0.6283622499999808	0.2749695247933885	0.045
-0.6914125	-0.07111025000000382	0.27057354080578494	0.04541666666666667
-0.6895	-0.19309999999998695	0.27283845557851244	0.049166666666666664
-0.6738249999999999	-0.4133009999999899	0.2725932334710746	0.05333333333333334
-0.7087374999999998	-0.13257224999995287	0.2954846978305786	0.04541666666666667
-0.6984999999999999	-0.1811500000000592	0.28380875516528903	0.03916666666666667
-0.69415	0.1846659999999929	0.2676006585743797	0.04541666666666667
-0.6880375000000001	-0.2586902500000008	0.24712616219008288	0.03916666666666667
-0.6689499999999999	-0.18114600000001246	0.27598256714876024	0.050833333333333335
-0.6990999999999998	0.03160600000001068	0.2668535640495867	0.05
-0.6956499999999999	-0.22036399999996092	0.2569540289256199	0.04833333333333334
-0.6920124999999999	0.1541577500000244	0.269929493801653	0.045
-0.6807999999999998	-0.12853599999996845	0.295902117768595	0.05
-0.6909624999999999	0.03622975000001816	0.2725035511363636	0.05708333333333334
-0.6848875000000001	0.13889774999998394	0.28108400051652893	0.04791666666666667
-0.6902124999999999	-0.07953025000006164	0.2795090392561985	0.04666666666666667
-0.6966625	-0.06398024999998597	0.29018607954545433	0.0375
-0.681775	0.08445100000002981	0.2763906895661155	0.050416666666666665
-0.6995499999999999	0.005214000000023589	0.28493511105371894	0.04708333333333334
-0.6877374999999999	0.2677677499999902	0.282394176136363	0.04958333333333333
-0.6876249999999999	0.2472749999999735	0.27515779958677705	0.05666666666666667
-0.7029624999999999	-0.06456024999999954	0.27202356663223154	0.04791666666666667
-0.684625	0.31472499999995307	0.2686964101239667	0.052500000000000005
-0.6910749999999999	-0.22166100000004008	0.26655023243801657	0.04583333333333334
-0.6917500000000001	0.20515000000000327	0.26486060175619813	0.06458333333333334
-0.6875875	0.7788597500000094	0.27192284349173507	0.051250000000000004
-0.6903625	-0.3067622499999345	0.266015625	0.050833333333333335
-0.6830125	0.31869775000001255	0.2768237990702482	0.04208333333333334
-0.7038249999999999	0.28364900000002535	0.27712383780991756	0.05416666666666667
-0.685	-0.27375000000003524	0.26738255423553736	0.044583333333333336
-0.6835	-0.037900000000007594	0.27630933626033083	0.04041666666666667
-0.68485	0.6831959999999526	0.2827604597107438	0.04583333333333334
-0.6811750000000001	0.12149900000000002	0.2719356275826452	0.04541666666666667
-0.6785874999999999	-0.19776024999995911	0.270093943698347	0.052083333333333336
-0.68695	-0.1360260000000153	0.2707825413223137	0.051666666666666666
-0.6890125	-0.08296225000000845	0.26986460485537184	0.04041666666666667
-0.6800124999999999	-0.18802224999998884	0.28199244576446286	0.03375
-0.6870999999999998	-0.04808399999996027	0.2888174070247935	0.04666666666666667
-0.6944874999999999	-0.09890224999998054	0.2630516528925623	0.05
-0.7047999999999999	-0.07084600000001728	0.2723158574380161	0.035
-0.7024374999999998	0.3321937500000445	0.27472255940082635	0.03875
-0.6897249999999999	0.5894810000000064	0.27832128099173575	0.051666666666666666
-0.68845	0.7687839999999824	0.2653924974173555	0.04375
-0.6869125	-0.061200249999984635	0.267497417355372	0.05
-0.7029999999999998	0.631650000000036	0.2731559271694216	0.03875
-0.6726999999999999	-0.18399599999997918	0.2814144498966944	0.04208333333333334
-0.6952	0.13965400000000727	0.2699996126033057	0.04583333333333334
-0.7032625000000001	0.5573577499999374	0.26066373966942136	0.04666666666666667
-0.69505	0.039894000000060714	0.2661254519628101	0.053750000000000006
-0.7088875000000001	0.16895774999994728	0.26642181043388413	0.04625
-0.6995499999999999	0.1319639999999822	0.2751382360537192	0.042916666666666665
-0.6936249999999999	-0.11372499999998809	0.2697571022727271	0.052500000000000005
-0.6886749999999999	-0.10905099999999379	0.26929222623966964	0.052500000000000005
-0.6969624999999999	-0.1028902499999731	0.26190185950413236	0.05
-0.6776499999999999	-0.034053999999997586	0.26800858729338856	0.04791666666666667
-0.6857500000000001	0.3776499999999601	0.26505546229338883	0.04541666666666667
-0.689425	0.7381189999999833	0.26443795196280967	0.06708333333333334
-0.6879624999999998	0.12873974999999405	0.27286499225206606	0.042916666666666665
-0.7035624999999999	0.27574375000000373	0.26563229597107435	0.04958333333333333
-0.6801625	0.14228975000000332	0.27142000258264437	0.05291666666666667
-0.6734500000000001	-0.1910660000000064	0.27154764979338863	0.050833333333333335
-0.684475	0.32090100000002053	0.28319996126033076	0.04791666666666667
-0.6882249999999999	0.053100999999998066	0.277631714876033	0.04833333333333334
-0.6790749999999999	-0.10434100000000512	0.2691254519628098	0.04708333333333334
-0.6990624999999999	0.06809374999994589	0.2881630940082644	0.042499999999999996
-0.685975	-0.14146900000002915	0.26908903667355377	0.04875
-0.689125	0.10572499999997831	0.2850046487603307	0.03833333333333334
-0.6793374999999999	-0.5469002500000215	0.27595758006198357	0.04708333333333334
-0.6767874999999999	-0.05004024999999501	0.271627840909091	0.045
-0.702475	0.03916099999992184	0.27542762138429766	0.04375
-0.6896125	0.17531775000003336	0.26918588584710706	0.06375
-0.69205	0.1907640000000015	0.2756972494834712	0.050416666666666665
-0.6831624999999999	0.7995997499999987	0.2835550103305787	0.045
-0.6737500000000001	-0.09900000000001796	0.285430785123967	0.043333333333333335
-0.68815	0.1657859999999971	0.2883866219008262	0.03333333333333333
-0.698575	-0.1073610000000258	0.2757869318181818	0.04166666666666667
-0.6827874999999999	-0.1344202499999767	0.2740134297520664	0.03666666666666667
-0.7042374999999998	-0.15869225000000142	0.25448263171487606	0.05875
-0.6822249999999999	-0.4619189999999662	0.2761997029958679	0.042916666666666665
-0.6890499999999999	0.2159340000000327	0.2642031895661159	0.04208333333333334
-0.6833125	-0.007756249999971487	0.2845955578512397	0.045
-0.6937	-0.21580600000004324	0.2709890237603306	0.04583333333333334
-0.6739374999999999	0.06324374999999804	0.2833493026859505	0.042499999999999996
-0.688075	-0.0020310000000165473	0.27791315857438026	0.04375
-0.681475	-0.32550900000001093	0.2654699767561982	0.05541666666666667
-0.6859	0.30715600000004883	0.2736628357438018	0.0475
-0.6915624999999999	-0.10165624999996226	0.26882250774793376	0.06208333333333333
-0.670825	0.16142899999999827	0.27328454287190074	0.050416666666666665
-0.6840999999999999	0.18605600000000777	0.28428118543388464	0.037083333333333336
-0.69085	0.013366000000019085	0.27129777892561996	0.043333333333333335
-0.6935875	0.33818974999996954	0.2720989152892562	0.051666666666666666
-0.690175	0.022089000000022452	0.27381082128099166	0.03916666666666667
-0.6888624999999999	-0.3260522500000036	0.27922449638429797	0.03958333333333334
-0.6849624999999999	-0.10295025000002056	0.2885390625000001	0.051250000000000004
-0.6799	0.44317600000002244	0.2556639979338841	0.06166666666666667
-0.6924625	0.17964975000001004	0.2760431947314048	0.03625
-0.6935875	-0.21356025000000045	0.27359329803718985	0.04791666666666667
-0.6925749999999999	-0.08205099999997856	0.26512306301652894	0.050833333333333335
-0.6879624999999998	0.5142397500000015	0.27912571022727295	0.03875
-0.6993624999999999	-0.02207225000006474	0.26411215134297505	0.04625
-0.6923125000000001	0.5454937499999915	0.268892820247934	0.051666666666666666
-0.681025	0.11774100000002363	0.2648088842975209	0.043333333333333335
-0.6860124999999999	0.7329677500000571	0.26720551394628095	0.05875
-0.69835	0.0027659999999514184	0.2678642820247934	0.0375
-0.6858249999999999	0.47177899999999795	0.29242755681818183	0.042499999999999996
-0.6839499999999998	-0.24404600000002574	0.27592930010330574	0.03791666666666667
-0.6955	-0.053849999999954434	0.274080061983471	0.051666666666666666
-0.7066375	0.34541775000002417	0.2807090005165286	0.03958333333333334
-0.704575	0.3757789999999659	0.29177614927685924	0.034583333333333334
-0.6935125	0.07576775000001135	0.2765074896694213	0.051666666666666666
-0.6881124999999999	0.26637775000000374	0.2669147727272728	0.045
-0.6774625000000001	0.02769974999998226	0.2712450929752064	0.05833333333333334
-0.6833874999999998	-0.23506224999999858	0.2771267432851242	0.04875
-0.6896875	0.02509374999996794	0.2749906379132234	0.04708333333333334
-0.6851125	-0.28065225000003124	0.2866935046487606	0.04125
-0.6913749999999999	0.24302500000004557	0.28547301136363623	0.0325
-0.6816624999999998	0.5474697500000332	0.2771362345041324	0.05416666666666667
-0.6938875	-0.13614225000003444	0.2742625258264464	0.049166666666666664
-0.6942999999999999	0.08047399999998106	0.2776774276859504	0.05333333333333334
-0.6772749999999998	0.13119100000000117	0.27773050103305796	0.042499999999999996
-0.6850749999999999	-0.05835100000001603	0.28601962809917353	0.043333333333333335
-0.7023999999999999	0.2752259999999751	0.28097262396694234	0.045
-0.6842874999999999	-0.06039025000001175	0.288337035123967	0.04833333333333334
-0.7013124999999998	-0.11855624999992642	0.27337519369834695	0.052083333333333336
-0.6935875	0.3849397500000009	0.28308974690082656	0.049166666666666664
-0.6998875	0.24649775000000318	0.27867555526859483	0.037083333333333336
-0.6850749999999999	-0.05410100000003126	0.2762723398760332	0.04416666666666667
-0.6931375	0.025627750000012384	0.25935240185950437	0.049166666666666664
-0.6794125	0.06764975000001527	0.2751115056818182	0.050416666666666665
-0.6807999999999998	0.08896400000003268	0.29026220299586797	0.05458333333333334
-0.6958	0.7246139999999173	0.27760052944214864	0.04958333333333333
-0.6889375	0.19899375000002806	0.2751990573347107	0.050416666666666665
-0.6836499999999999	0.3702260000000024	0.27462997159090896	0.044583333333333336
-0.6827874999999999	0.029079750000022386	0.27416064049586764	0.05666666666666667
-0.7014625000000001	0.5433697499999539	0.2708416193181818	0.05708333333333334
-0.6935875	-0.09981025000001864	0.27915844524793393	0.03416666666666667
-0.6836125	0.4037577499999827	0.2760922004132235	0.05333333333333334
-0.68635	0.21537600000002044	0.2802621384297524	0.04
-0.7020625	0.28599375000004557	0.2772110020661158	0.043333333333333335
-0.6878124999999999	-0.30465624999999363	0.26446138946281	0.052500000000000005
-0.6842874999999999	0.1293597499999919	0.28215670196281023	0.04875
-0.6752875	0.1846797499999866	0.27491296487603323	0.045
-0.6784749999999999	0.11088100000003465	0.29659323347107436	0.04833333333333334
-0.67885	-0.32752400000001103	0.28265489411157	0.04375
-0.6801625	-0.00621025000000941	0.2783361957644629	0.05875
-0.6981249999999999	0.1398749999999609	0.27351097623966947	0.035833333333333335
-0.7051749999999999	-0.15251100000000406	0.25987674328512406	0.06208333333333333
-0.6800875	0.5297597499999824	0.2831453383264463	0.04875
-0.6872125	0.11292975000000638	0.2739715909090912	0.04833333333333334
-0.6874374999999999	-0.056306249999977354	0.27623185692148766	0.04541666666666667
-0.6945249999999998	-0.20232899999996334	0.287684659090909	0.04
-0.6851499999999999	0.29579600000002415	0.27442697572314045	0.04791666666666667
-0.6802374999999998	0.6463177500000086	0.287626549586777	0.05500000000000001
-0.6757375000000001	0.416597749999994	0.2729808238636361	0.050416666666666665
-0.6766375	-0.056032249999987016	0.2759961260330576	0.045
-0.6987625	-0.4792722499999513	0.2673399405991731	0.042916666666666665
-0.6960625	0.02624375000004875	0.26568633780991724	0.042499999999999996
-0.6973374999999999	0.21023974999997108	0.28172165547520683	0.034583333333333334
-0.6989874999999999	0.11981774999998152	0.27998205061983483	0.05583333333333334
-0.698575	0.6488889999999401	0.275770854855372	0.04375
-0.6799374999999999	-0.043306250000000546	0.27103764204545433	0.053750000000000006
-0.684625	0.10222499999994739	0.25613991477272735	0.053750000000000006
-0.6921625	-0.2086702500000115	0.268568569214876	0.0375
-0.6886375	-0.18170225000000073	0.26858174070247925	0.042499999999999996
-0.693775	0.40311099999996713	0.2724388558884298	0.04125
-0.6886375	0.28704774999999927	0.2640381585743801	0.04375
-0.6706749999999999	0.19361900000001242	0.2836896306818181	0.05291666666666667
-0.7007874999999999	0.6486397499999725	0.2657998450413223	0.043333333333333335
-0.6914499999999999	0.22325400000005402	0.2686532153925619	0.03791666666666667
-0.697525	0.5464110000000346	0.2896396565082645	0.03875
-0.6999624999999998	-0.31025024999991047	0.27236796229338817	0.04875
-0.6961374999999999	0.07984775000005584	0.2897531637396694	0.03958333333333334
-0.6875875	0.046109749999999394	0.27273637654958693	0.04625
-0.6900999999999999	-0.09367400000002135	0.2792963584710745	0.05416666666666667
-0.6892375	-0.2975922500000081	0.2633780346074381	0.04875
-0.6929125	-0.3534302500000308	0.2740980759297522	0.03875
-0.693775	-0.0751390000000356	0.29806437241735534	0.04125
-0.6827874999999999	-0.32442024999997443	0.28655191115702494	0.051666666666666666
-0.6863874999999999	-0.08369225000001279	0.2810559142561983	0.0375
-0.6847749999999999	-0.0782090000000153	0.2717758264462808	0.04166666666666667
-0.693775	0.3523609999999735	0.27484129648760314	0.0475
-0.6984625	0.07182975000000624	0.2696623837809919	0.050416666666666665
-0.681475	-0.26225900000000024	0.28001904700413227	0.052083333333333336
-0.6864250000000001	0.13448899999994524	0.2750636621900827	0.049166666666666664
-0.6840999999999999	0.4753059999999891	0.2766091813016532	0.04041666666666667
-0.6729624999999999	0.5692897499999958	0.257489604855372	0.05708333333333334
-0.6937374999999999	-0.37422225000000253	0.2746646435950415	0.04416666666666667
-0.6974125	0.004059750000010354	0.2717202350206612	0.04708333333333334
-0.7014625000000001	0.456869749999953	0.2716989282024792	0.05291666666666667
-0.6945625	-0.0805062499999849	0.2629354338842975	0.045
-0.6993624999999999	-0.17007225000003245	0.26643517561983465	0.045
-0.6846999999999999	0.29963400000002594	0.2902769240702481	0.044583333333333336
-0.6843625	0.600277750000032	0.2629044421487607	0.05500000000000001
-0.673975	0.5963409999999953	0.2780305397727273	0.04958333333333333
-0.686725	0.1736709999999846	0.2719154829545455	0.05708333333333334
-0.6959124999999999	-0.13347024999995938	0.2787609762396696	0.04416666666666667
-0.6981249999999999	-0.08512500000006185	0.2752488378099176	0.04583333333333334
-0.6827125	-0.11013025000002585	0.27310537190082645	0.05333333333333334
-0.6936624999999998	-0.20239025000000765	0.266212035123967	0.04833333333333334
-0.6972624999999999	0.2606677500000387	0.2744881844008264	0.04791666666666667
-0.6800124999999999	-0.014772249999992937	0.270694602272727	0.05583333333333334
-0.7045375	0.4088397499999701	0.273627388946281	0.042916666666666665
-0.6970749999999999	0.2264790000000403	0.27240069731404964	0.049166666666666664
-0.7005250000000001	-0.22404900000003636	0.26639159349173575	0.051250000000000004
-0.7001124999999999	0.1384977499999991	0.28685640495867787	0.045
-0.6861249999999999	-0.13797499999995466	0.28812764721074363	0.051250000000000004
-0.6880375000000001	-0.23919025000000715	0.28158316115702453	0.045
-0.6946749999999999	0.001458999999954358	0.27556611570247946	0.05
-0.6976374999999999	0.4022577500000466	0.2747494834710745	0.05333333333333334
-0.6829749999999999	0.25747100000000955	0.27737951962809926	0.05416666666666667
-0.6750999999999998	-0.2564739999999688	0.2816420454545454	0.05
-0.6772	-0.5161659999999699	0.27710020661157003	0.05500000000000001
-0.6907749999999999	0.19187099999993507	0.27486299070247927	0.052500000000000005
-0.6926125000000001	0.3757977500000038	0.2806202866735536	0.04208333333333334
-0.7055875	0.43119975000001887	0.259391722623967	0.03875
-0.6959499999999998	-0.2139159999999265	0.2720040030991737	0.05416666666666667
-0.7027749999999999	-0.2081190000000106	0.24883787448347097	0.05291666666666667
-0.6854499999999999	0.45186400000005733	0.27852756973140497	0.037083333333333336
-0.6935499999999999	0.3163539999999898	0.2804723011363635	0.050416666666666665
-0.6840250000000001	-0.013868999999999687	0.28086802685950374	0.043333333333333335
-0.6805375	0.44190974999997934	0.29561583161157035	0.03416666666666667
-0.6935875	0.18193974999996954	0.28155255681818175	0.042499999999999996
-0.695125	-0.42447500000002947	0.26010840650826467	0.05875
-0.6903999999999999	0.0006160000000079435	0.27606430785123975	0.045
-0.6870624999999999	0.14624374999999645	0.268752388946281	0.044583333333333336
-0.6945249999999998	0.5891710000000216	0.27883535640495893	0.0375
-0.6861999999999999	0.22814399999995771	0.2733839101239669	0.0475
-0.670075	-0.6609510000000114	0.26602317923553714	0.06375
-0.6858249999999999	-0.7222209999999905	0.27667968749999994	0.04208333333333334
-0.6871375	0.3585877500000265	0.2859280087809919	0.042916666666666665
-0.6795249999999999	-0.8197790000000111	0.26513817148760327	0.05
-0.6797124999999999	0.3155797499999835	0.2950504261363634	0.03125
-0.6987625	0.2249777500000505	0.2834465392561981	0.04166666666666667
-0.6862374999999998	-0.2999222499999519	0.27712848657024786	0.05750000000000001
-0.6941875	-0.003256249999992633	0.28813345816115676	0.04208333333333334
-0.6755125	0.42689774999996644	0.2657671100206611	0.051250000000000004
-0.6782874999999999	0.163189750000015	0.27451181559917387	0.053750000000000006
-0.6861249999999999	-0.20097499999997126	0.27545900051652866	0.051250000000000004
-0.6844375	0.7556937499999776	0.2712224302685954	0.04625
-0.6986874999999999	0.12044374999999263	0.26179648760330554	0.05
-0.68635	0.028626000000031127	0.2743851368801654	0.044583333333333336
-0.6759625	-0.22197025000002668	0.2631595428719009	0.04208333333333334
-0.6855624999999999	0.250693750000039	0.2865982050619834	0.042916666666666665
-0.6856749999999998	-0.07198099999993701	0.26835104597107395	0.04791666666666667
-0.6777249999999999	-0.09945899999996755	0.2767523243801655	0.051666666666666666
-0.701125	0.42202499999996235	0.2862687241735534	0.052500000000000005
-0.6938124999999999	0.12194374999995716	0.27030584969008276	0.04625
-0.6752875	0.030429749999996147	0.28710937500000017	0.04416666666666667
-0.6907375	0.44749774999996816	0.2709595816115701	0.049166666666666664
-0.6836125	-0.0859922500000323	0.2879300748966943	0.04125
-0.6871375	0.01433775000003834	0.2772540030991738	0.03916666666666667
-0.6728124999999998	-0.013906249999990905	0.2645080707644628	0.05791666666666667
-0.6873624999999999	0.44185775000002536	0.2879684271694215	0.03541666666666667
-0.6846999999999999	0.0033840000000395776	0.27875787706611554	0.0475
-0.6872499999999999	0.212600000000009	0.27278538223140514	0.04
-0.6903250000000001	0.46035899999998264	0.2810427427685951	0.0375
-0.6794500000000001	0.16242399999998725	0.27183044938016515	0.049166666666666664
-0.6889000000000001	-0.04940400000000977	0.2783662190082646	0.04
-0.7009750000000001	0.22508099999993192	0.2729856663223139	0.0325
-0.6875499999999999	0.13944400000002588	0.26794757231405	0.04666666666666667
-0.7021375000000001	0.23168774999999187	0.27650884555785116	0.04958333333333333
-0.68485	-0.06555400000004852	0.25514798553719026	0.05500000000000001
-0.6676374999999999	0.6473077499999818	0.2730767045454546	0.04166666666666667
-0.683125	0.03762500000001978	0.2867690470041326	0.04708333333333334
-0.70045	-0.08028600000000097	0.2798377453512396	0.053750000000000006
-0.69295	0.1936640000000125	0.2737811854338846	0.04708333333333334
-0.6740875	0.4033797499999707	0.27245628873966937	0.04541666666666667
-0.6698124999999999	-0.02075625000000514	0.27041160898760336	0.05875
-0.7051749999999999	0.2444889999999873	0.2732514204545453	0.03916666666666667
-0.6870624999999999	-0.45525625000001924	0.27350884555785115	0.04625
-0.7033	-0.03843600000004699	0.2722608471074379	0.05
-0.6847375	-0.21366225000002714	0.26929183884297503	0.05
-0.7023999999999999	0.17922599999997146	0.28167381198347125	0.04833333333333334
-0.6766375	0.25421775000000935	0.2650428719008265	0.05333333333333334
-0.6976374999999999	-0.060492249999981595	0.2812573605371901	0.042499999999999996
-0.6865374999999998	0.034779750000012655	0.27402427685950415	0.043333333333333335
-0.7022124999999999	0.10312975000005054	0.28435634039256175	0.04541666666666667
-0.6821124999999999	-0.2018822499999544	0.26367071280991733	0.05
-0.7005625	0.18894375000002128	0.2706231275826443	0.04541666666666667
-0.6994750000000001	-0.2780490000000668	0.2563558884297519	0.05333333333333334
-0.6753624999999999	0.43608774999998445	0.28047443181818155	0.06333333333333334
-0.6843999999999999	-0.05676400000001536	0.2750669550619833	0.04791666666666667
-0.6917500000000001	-0.15210000000001855	0.27914294938016504	0.03916666666666667
-0.6842124999999999	-0.07031025000000568	0.2881235795454547	0.050833333333333335
-0.6935875	0.0019397499999627144	0.2869226497933885	0.052500000000000005
-0.6900999999999999	-0.0296740000000284	0.2794768853305786	0.03916666666666667
-0.6792624999999999	-0.2697022499999946	0.28121184142561984	0.04625
-0.6930624999999999	-0.20005624999998872	0.27773166322314025	0.045
-0.6910375	0.12021975000004659	0.2726881456611571	0.059166666666666666
-0.690475	0.4961210000000449	0.2667445118801652	0.04541666666666667
-0.6928375	-0.058870249999984026	0.27277085485537206	0.04708333333333334
-0.688825	-0.16220099999998183	0.2750138817148758	0.03875
-0.6872499999999999	-0.044399999999967577	0.25763875258264485	0.06125
-0.6818875	-0.5755722499999649	0.27626885330578504	0.05500000000000001
-0.6860124999999999	0.031217750000053	0.27366496642561955	0.04208333333333334
-0.6799374999999999	-0.00030624999999417923	0.28378531766528914	0.04708333333333334
-0.6875875	0.03560975000002031	0.2723495609504133	0.052500000000000005
-0.6678999999999999	0.15381600000000617	0.27327563274793415	0.07125000000000001
-0.6797875	0.14886975000001712	0.28757793130165327	0.04541666666666667
-0.687025	0.2045710000000156	0.2807002840909089	0.042499999999999996
-0.6771624999999999	-0.3547202499999571	0.28081146694214876	0.04666666666666667
-0.6889000000000001	-0.19265400000000454	0.26809381456611603	0.04791666666666667
-0.6922374999999998	0.031787750000034976	0.28338571797520656	0.0375
-0.689875	0.569774999999936	0.2738764850206611	0.04541666666666667
-0.6913	0.6267939999999612	0.27487693698347143	0.0475
-0.6898	-0.24874600000003966	0.27040502324380145	0.05458333333333334
-0.68485	0.07544599999997104	0.28885517820247986	0.04625
-0.6896499999999999	-0.3760440000000358	0.27341877582644636	0.035833333333333335
-0.6932875000000001	0.8079897499999902	0.2623524018595042	0.049166666666666664
-0.6832749999999999	-0.14272900000000277	0.26338423295454527	0.04541666666666667
-0.7020250000000001	-0.10447900000002619	0.2811293259297521	0.03875
-0.6971124999999998	-0.05473224999997228	0.27611002066115686	0.05
-0.6725874999999999	0.4799097500000187	0.27188642820247977	0.04625
-0.6810624999999999	0.10224374999998531	0.2728543388429752	0.051666666666666666
-0.6896499999999999	0.09870599999996443	0.28071810433884314	0.04083333333333334
-0.6847375	0.4558377499999722	0.26863578254132253	0.052083333333333336
-0.6968875000000001	-0.1952222500000289	0.2773154054752065	0.042916666666666665
-0.6764124999999999	0.36508975000000987	0.2692809917355375	0.04833333333333334
-0.6965874999999999	-0.16257024999998748	0.2844930914256202	0.04125
-0.6927625	0.2709377499999732	0.2772940986570247	0.04708333333333334
-0.6864625	0.5649197500000298	0.2850261492768593	0.04791666666666667
-0.6812125	0.05974975000003724	0.26921261621900827	0.051250000000000004
-0.6941124999999999	0.36033774999998514	0.25107160382231397	0.05625000000000001
-0.6858249999999999	-0.33047099999998863	0.2863248966942148	0.043333333333333335
-0.6896125	0.27306775000002403	0.2664293646694219	0.05416666666666667
-0.6968875000000001	0.05752774999996291	0.2804021823347104	0.04625
-0.6974499999999999	-0.1541560000000004	0.28909710743801664	0.03166666666666667
-0.7031500000000002	0.054235999999946216	0.27798172778925606	0.04958333333333333
-0.6748375	0.22593974999998068	0.2855760588842977	0.0475
-0.6818875	-0.38482224999998493	0.26107069989669424	0.04041666666666667
-0.6873624999999999	0.059107750000038095	0.2778893336776858	0.04416666666666667
-0.6842874999999999	0.014609749999976884	0.2716315211776859	0.05291666666666667
-0.685975	-0.1372190000000444	0.2684734633264463	0.044583333333333336
-0.6780625	0.2326937500000099	0.2689730113636363	0.04083333333333334
-0.6797500000000001	0.3088499999999783	0.28341574121900825	0.050416666666666665
-0.702925	-0.2340210000000411	0.27718950154958694	0.04208333333333334
-0.67435	0.33853600000000483	0.28059723657024815	0.0475
-0.6924249999999998	-0.07170100000001867	0.28522759555785115	0.03958333333333334
-0.6988749999999999	0.001025000000026921	0.2583306430785124	0.05625000000000001
-0.6789624999999999	0.5195697499999881	0.2796262267561984	0.052083333333333336
-0.6840999999999999	0.2025560000000155	0.28624218750000013	0.052083333333333336
-0.679225	-0.17447900000001937	0.2685902634297525	0.05583333333333334
-0.6930999999999998	-0.02896400000003041	0.2822506456611571	0.03916666666666667
-0.7000374999999999	-0.30125024999995276	0.28883232179752055	0.04041666666666667
-0.6841375000000001	0.1255177500000002	0.2864258135330577	0.052083333333333336
-0.6837625	-0.16162225000002195	0.2729988378099172	0.04416666666666667
-0.703225	-0.4283490000000256	0.28754945764462825	0.03416666666666667
-0.6898	0.33425399999995875	0.26890444214876025	0.05666666666666667
-0.672625	0.010525000000001228	0.2799181301652892	0.05333333333333334
-0.6794875	0.2956977500000164	0.2746266787190082	0.03916666666666667
-0.68665	-0.4481839999999977	0.28262196539256196	0.042916666666666665
-0.6957625000000001	0.3273077499999886	0.2675007102272726	0.04875
-0.6735249999999999	0.39389099999999644	0.2734819214876031	0.05500000000000001
-0.689125	0.014974999999964211	0.25606340392562	0.050833333333333335
-0.68215	-0.07689400000001001	0.27264495092975216	0.04625
-0.6886375	-0.32695225000000505	0.2757346332644627	0.059166666666666666
-0.6783999999999999	-0.18094399999998245	0.28786905991735556	0.051666666666666666
-0.693325	1.0810789999999884	0.2677172649793386	0.042916666666666665
-0.6923125000000001	-0.004506250000019918	0.2796146048553718	0.04541666666666667
-0.70285	0.4105559999999855	0.2932033186983471	0.03291666666666667
-0.6931750000000001	-0.06928099999998949	0.2907208806818182	0.042916666666666665
-0.6938499999999999	-0.31522399999994377	0.2816205449380167	0.03375
-0.6950125	0.3693277499999681	0.2544183238636365	0.04541666666666667
-0.6849624999999999	-0.2267002500000217	0.27237261105371924	0.053750000000000006
-0.6882999999999999	0.2694140000000118	0.2829010847107438	0.03666666666666667
-0.6738625	-0.0372022500000071	0.2803340005165288	0.05458333333333334
-0.688075	0.29421899999999823	0.28176853047520634	0.052083333333333336
-0.675475	0.0045709999999985484	0.27963339359504136	0.04416666666666667
-0.6874750000000001	-0.2366389999999967	0.2741929881198346	0.04791666666666667
-0.69655	0.00013400000000274304	0.2811969266528929	0.0325
-0.6864625	0.13066975000003822	0.2731336518595041	0.049166666666666664
-0.6850749999999999	0.3843989999999735	0.2684724948347107	0.0475
-0.6990624999999999	-0.0471562500000573	0.2625187887396694	0.05708333333333334
-0.6810999999999998	0.041246000000001004	0.27681353305785106	0.035
-0.6861249999999999	0.07752500000003693	0.2735535898760332	0.042499999999999996
-0.68605	-0.27659600000001205	0.2764515108471075	0.04958333333333333
-0.700075	-0.23375100000004068	0.2876757489669422	0.03416666666666667
-0.6960625	-0.33050624999992806	0.2794573217975209	0.04875
-0.6869125	0.1605497500000297	0.28639656508264494	0.042499999999999996
-0.6866874999999999	0.2497437500000217	0.2866733600206611	0.042916666666666665
-0.6795624999999998	0.27924375000000623	0.2746838197314049	0.04708333333333334
-0.6931375	0.7228777500000092	0.2852835743801652	0.043333333333333335
-0.7066375	-0.4600822499999708	0.26805952995867777	0.04583333333333334
-0.6864999999999999	0.2685999999999922	0.2681745867768595	0.04833333333333334
-0.6829375	0.30899374999998486	0.25709562241735545	0.04958333333333333
-0.6921999999999999	0.09943399999997382	0.27449748192148793	0.05625000000000001
-0.7005999999999999	0.15443600000003244	0.2691601239669422	0.04833333333333334
-0.6872125	-0.18457024999997884	0.2726778796487604	0.04875
-0.6783999999999999	0.08130600000001209	0.2770707644628098	0.04833333333333334
-0.6810999999999998	0.5369960000000162	0.29125238894628075	0.03791666666666667
-0.6923874999999999	-0.18805224999999837	0.2658459452479338	0.05583333333333334
-0.70465	-0.14309400000001915	0.27547585227272714	0.0475
-0.66415	0.3232659999999896	0.2677763429752066	0.06
-0.683425	-0.23134100000001467	0.2729845041322315	0.04833333333333334
-0.68005	0.12499400000001515	0.2708652505165286	0.04958333333333333
-0.68485	-0.19855400000002987	0.27735937499999985	0.04083333333333334
-0.6874	0.5377759999999796	0.29051575413223135	0.04833333333333334
-0.6970749999999999	0.03297900000001164	0.26137035123966945	0.045
-0.68245	0.4882440000000372	0.2719877324380167	0.059166666666666666
-0.6863874999999999	-0.0421922500000278	0.26135040030991746	0.053750000000000006
-0.678175	-0.3259309999999971	0.2610276988636364	0.04791666666666667
-0.6840625	0.4983437499999752	0.2598889462809915	0.05500000000000001
-0.6895374999999999	-0.2712102500000526	0.28823282541322337	0.04083333333333334
-0.7029999999999998	0.5041500000000383	0.27665295712809906	0.04625
-0.6889375	-0.015756249999981264	0.2569017303719009	0.059166666666666666
-0.6678249999999999	0.3164589999999805	0.2633464617768596	0.049166666666666664
-0.7061875	-0.15005624999997735	0.27201814307851235	0.04791666666666667
-0.69085	0.4566159999999968	0.2730856146694215	0.049166666666666664
-0.6908124999999998	0.1917437500000574	0.2790497804752065	0.04041666666666667
-0.6769375	-0.15955625000003693	0.2769280087809919	0.04958333333333333
-0.6932875000000001	0.48648974999997563	0.29132173295454555	0.03875
-0.6855624999999999	-0.5628062499999658	0.2736516012396696	0.05833333333333334
-0.6900999999999999	-0.09342400000002726	0.2679140625000001	0.05625000000000001
-0.679975	0.06221099999999069	0.27106224173553706	0.04666666666666667
-0.6733374999999999	-0.0496302500000354	0.27042245609504134	0.052083333333333336
-0.6921625	0.2753297500000258	0.27813920454545443	0.06666666666666667
-0.6875499999999999	-0.07330599999997389	0.27966942148760343	0.03333333333333333
-0.6804625	0.09488975000002142	0.2809176136363637	0.035
-0.6939249999999999	0.20543899999995574	0.2704672004132228	0.04166666666666667
-0.6930624999999999	-0.08080625000002328	0.27794531250000004	0.042916666666666665
-0.7025124999999999	0.025877750000006472	0.27014527376033043	0.03416666666666667
-0.67855	0.6794539999999643	0.26846106663223157	0.044583333333333336
-0.7061124999999999	-0.030892249999908472	0.278397210743802	0.03833333333333334
-0.688	-0.004349999999988086	0.2847685304752066	0.04375
-0.6892375	0.4171577500000012	0.2722474819214876	0.04125
-0.6778	-0.2978660000000275	0.2681695506198349	0.0475
-0.6973749999999999	-0.23872499999998809	0.2691845299586776	0.04583333333333334
-0.6737500000000001	0.4512499999999875	0.27109981921487597	0.0475
-0.6848875000000001	-0.1898522500000297	0.26497643336776877	0.06041666666666667
-0.6925374999999998	-0.1764002500000288	0.27380830320247906	0.04708333333333334
-0.6816624999999998	-0.03628024999997592	0.27993904958677707	0.043333333333333335
-0.6733749999999998	-0.35302499999997394	0.2825750903925619	0.053750000000000006
-0.6846999999999999	0.08738400000004276	0.27256495351239673	0.0375
-0.6743874999999999	-0.15162225000000262	0.27578189566115696	0.05416666666666667
-0.6902499999999998	0.11810000000005516	0.27518317407024795	0.03791666666666667
-0.7051749999999999	-0.47226100000000315	0.2730408703512399	0.04791666666666667
-0.69505	0.28239400000006754	0.2693964359504129	0.05333333333333334
-0.7057	0.17772400000001198	0.26363681559917357	0.050416666666666665
-0.6962499999999998	-0.041249999999990905	0.2859595816115706	0.04583333333333334
-0.7031124999999998	0.2850277500000402	0.276559207128099	0.04625
-0.6896499999999999	-0.07729400000002329	0.2791683238636363	0.04708333333333334
-0.6882625	-0.12374224999999228	0.2719751420454547	0.037083333333333336
-0.6744999999999999	0.14439999999999031	0.2876743930785123	0.04958333333333333
-0.6861999999999999	-0.055356000000045924	0.2713469783057852	0.049166666666666664
-0.6786625	-0.3346902500000226	0.2718693827479338	0.044583333333333336
-0.6746874999999999	-0.06515624999997272	0.2593448476239669	0.05458333333333334
-0.6846625	0.5859297499999911	0.27012222365702476	0.04958333333333333
-0.6896875	0.18484374999997044	0.26560750258264476	0.05291666666666667
-0.6881124999999999	-0.11312225000000353	0.27878886880165266	0.0475
-0.6800875	-0.3202402500000403	0.26374780475206605	0.06083333333333333
-0.679	0.4178499999999872	0.2796161544421486	0.04041666666666667
-0.6927999999999999	-0.4184659999999667	0.27051639979338854	0.04416666666666667
-0.6895374999999999	0.17803974999995376	0.27559458935950415	0.04625
-0.689425	0.35511899999997354	0.27487809917355366	0.04666666666666667
-0.6955374999999999	0.3939597500000218	0.2717775697314049	0.04541666666666667
-0.6977875	0.07837975000001052	0.2674921875000001	0.03875
-0.7021375000000001	-0.12681225000005725	0.26603383264462815	0.045
-0.6899124999999999	-0.0073402500000270265	0.2787371513429753	0.042916666666666665
-0.67855	0.24945399999998585	0.2861406895661158	0.04708333333333334
-0.68005	-0.0575059999999894	0.2829130940082643	0.0475
-0.6985374999999998	-0.573880250000002	0.2633848140495869	0.04666666666666667
-0.6866874999999999	-0.09300624999997353	0.26588894628099163	0.04
-0.6910375	-0.045030249999967964	0.26530494576446284	0.06208333333333333
-0.7068625	-0.05487224999995988	0.27625916838842984	0.0325
-0.67015	0.3428459999999802	0.27768362603305785	0.04833333333333334
-0.6839499999999998	-0.32679600000003006	0.2802222365702476	0.042499999999999996
-0.6914875	0.367117750000034	0.2717434788223139	0.053750000000000006
-0.7081	0.9518360000000143	0.2711753615702482	0.06166666666666667
-0.7008625000000002	-0.08463225000002694	0.2796663223140497	0.04
-0.688825	-0.320951000000008	0.2813937241735535	0.035833333333333335
-0.6823375	0.38128975000000764	0.26470932334710745	0.059166666666666666
-0.6886749999999999	-0.3560510000000079	0.26562687241735544	0.04625
-0.6843625	0.04927775000004431	0.28107528409090904	0.04083333333333334
-0.6963999999999999	-0.04830399999997326	0.290237022210744	0.04208333333333334
-0.691525	-0.09826900000001615	0.28002931301652856	0.052500000000000005
-0.69085	0.5696159999999963	0.2885712164256198	0.04708333333333334
-0.6946000000000001	0.19831599999997707	0.28835311208677694	0.03625
-0.6937374999999999	-0.3542222499999639	0.27999928977272726	0.03958333333333334
-0.6915624999999999	0.726093750000075	0.2695178848140495	0.04791666666666667
-0.6960999999999999	0.36404599999997345	0.25950910382231446	0.04958333333333333
-0.6971499999999999	-0.4611939999999777	0.26342936466942146	0.05583333333333334
-0.698275	-0.217029000000025	0.2864155475206606	0.03833333333333334
-0.6853374999999999	-0.25047025000003487	0.2649127066115702	0.051666666666666666
-0.6845874999999999	-0.40473025000000007	0.2664070893595042	0.05291666666666667
-0.6744999999999999	-0.05684999999999718	0.2699508006198345	0.042499999999999996
-0.6924625	0.12564975000003642	0.2824706869834708	0.0475
-0.6971875000000001	0.41134375000001455	0.26485440340909083	0.04791666666666667
-0.6932125	-0.02869025000001102	0.277330320247934	0.04666666666666667
-0.6945625	0.4452437499999746	0.29154584194214883	0.049166666666666664
-0.6913	-0.14545600000002423	0.28197578770661175	0.042916666666666665
-0.6870999999999998	0.5639160000000345	0.2693483987603309	0.045
-0.6715374999999999	0.26797974999999497	0.2740374483471075	0.04
-0.6998125	-0.021006250000084492	0.28632954545454536	0.04
-0.6869874999999999	-0.22460224999997536	0.2733577608471075	0.051250000000000004
-0.6891624999999999	-0.025380249999983562	0.28419189049586796	0.04
-0.6846999999999999	0.4708840000000407	0.27753699638429763	0.03791666666666667
-0.7028125000000001	0.3218437499999709	0.2698039772727272	0.045
-0.7	-0.375	0.27301646435950405	0.050416666666666665
-0.6855624999999999	0.026693750000049477	0.28139624225206605	0.051250000000000004
-0.695575	-0.01873100000005934	0.25278312241735523	0.04791666666666667
-0.6843999999999999	0.17123599999996486	0.26755262138429725	0.03875
-0.6807999999999998	-0.11203599999998914	0.2734236182851243	0.05291666666666667
-0.6940375000000001	-0.04182025000000067	0.2737457386363639	0.049166666666666664
-0.6880375000000001	0.28880975000001285	0.2874111570247935	0.04666666666666667
-0.6835374999999999	-0.12468024999998306	0.26014869576446253	0.04541666666666667
-0.690925	-0.17889099999993618	0.25560220816115686	0.05875
-0.6829375	-0.1262562500000115	0.277346784607438	0.04541666666666667
-0.6922374999999998	-0.19196224999996048	0.2782804106404959	0.04041666666666667
-0.6929125	0.15556974999998374	0.2676084065082643	0.050416666666666665
-0.696175	0.24214900000004036	0.2830027763429752	0.030416666666666665
-0.6801999999999999	-0.1506960000000106	0.2755943956611569	0.042499999999999996
-0.6938875	0.16810774999999012	0.2757543904958677	0.04166666666666667
-0.6719124999999999	0.12324974999998517	0.27591690340909103	0.05458333333333334
-0.681775	-0.1442989999999611	0.25470344783057863	0.04041666666666667
-0.6725874999999999	0.1421597500000189	0.26578473657024815	0.05583333333333334
-0.685975	-0.26746900000003393	0.2832970041322316	0.043333333333333335
-0.6847375	0.07083774999998127	0.27957935175619836	0.044583333333333336
-0.693775	0.4143609999999853	0.258633006198347	0.05
-0.6981625	0.2228997500000105	0.2764573217975207	0.04375
-0.6896875	-0.3069062500000257	0.2870160123966939	0.04666666666666667
-0.6968124999999998	0.4004437500000222	0.2746073088842974	0.049166666666666664
-0.6963999999999999	-0.15155399999997599	0.26631934400826407	0.049166666666666664
-0.6891624999999999	0.259619750000013	0.2814923166322313	0.04791666666666667
-0.6897625000000001	-0.0341322500000274	0.26133858471074417	0.043333333333333335
-0.6811375	0.11374774999998749	0.2857546487603304	0.045
-0.6938499999999999	0.5550260000000549	0.2846220945247935	0.04208333333333334
-0.6976749999999998	0.032288999999991574	0.27164566115702493	0.04666666666666667
-0.6739374999999999	0.020493749999985766	0.2595939436983473	0.04875
-0.6894625000000001	0.06125974999997652	0.2529200671487605	0.05416666666666667
-0.6899875	-0.19207225000002381	0.2569720428719006	0.04208333333333334
-0.6841375000000001	0.1880177500000002	0.2761991219008264	0.03833333333333334
-0.6856	0.6753860000000032	0.28005391270661173	0.04541666666666667
-0.6786625	0.278559749999971	0.2661266141528926	0.06125
-0.6916	-0.0755439999999794	0.28733154700413216	0.03875
-0.68845	0.4587839999999801	0.27150581095041315	0.04416666666666667
-0.6812875	0.45724974999995993	0.2728312887396694	0.04541666666666667
-0.7058125	-0.3142562500000281	0.2850133651859504	0.04041666666666667
-0.674425	-0.04728100000002655	0.27512913223140484	0.04
-0.6853374999999999	-0.38972025000003896	0.2645592071280994	0.04958333333333333
-0.6852624999999999	0.18013775000002852	0.2607638817148758	0.04708333333333334
-0.6842124999999999	-0.32181024999999863	0.2736461776859503	0.05333333333333334
-0.6934374999999999	0.40809375000003456	0.27215102014462794	0.04208333333333334
-0.7048374999999998	0.25633975000005194	0.27556011105371897	0.030416666666666665
-0.6875875	-0.0036402499999894644	0.2607150697314048	0.04375
-0.6988375	0.2760097499999574	0.2748736441115704	0.050416666666666665
-0.6779124999999999	0.11376974999998879	0.26252827995867756	0.05583333333333334
-0.683425	0.25765899999998965	0.266239152892562	0.05333333333333334
-0.6850375	0.11444975000000568	0.2853190211776858	0.04791666666666667
-0.7258	-0.12308600000005754	0.2774027634297519	0.04583333333333334
-0.6893499999999999	0.49458599999996977	0.2731138946280992	0.03333333333333333
-0.6793749999999998	0.37187500000001705	0.25824154183884274	0.044583333333333336
-0.6848124999999998	-0.21400624999998286	0.2633706740702479	0.04625
-0.689875	-0.19147500000002537	0.27258858471074376	0.04
-0.6783250000000001	0.40372899999999845	0.2688385847107438	0.04
-0.685975	-0.07996900000003393	0.29757954545454535	0.03833333333333334
-0.696925	0.5305690000000141	0.2662899018595046	0.0475
-0.7053999999999998	0.03781600000002072	0.2587238507231404	0.04208333333333334
-0.6992125	0.02388975000002347	0.29533419421487617	0.05
-0.6782124999999999	0.2191097500000012	0.2650517820247936	0.049166666666666664
-0.6856749999999998	0.4127690000000541	0.26651013688016534	0.04125
-0.6892	0.24776399999998944	0.29583083677685945	0.03166666666666667
-0.6976	0.3842260000000124	0.28352266270661153	0.052083333333333336
-0.6766749999999999	-0.3759709999999927	0.25148088842975214	0.05500000000000001
-0.6833874999999998	-0.08756224999999063	0.2905221461776859	0.05541666666666667
-0.6911125	0.18945774999991727	0.28841354597107394	0.03791666666666667
-0.7058499999999999	0.24516600000004019	0.29119757231404997	0.05333333333333334
-0.6663999999999999	-0.33945399999998926	0.2781058884297519	0.045
-0.6789624999999999	0.15956975000000284	0.26908961776859497	0.043333333333333335
-0.6893499999999999	0.19283599999997136	0.2766297133264466	0.05625000000000001
-0.694	0.18310000000002447	0.26367942923553717	0.04875
-0.6799374999999999	-0.03205625000001078	0.28312248192148737	0.04125
-0.68035	-0.14139399999999114	0.27519460227272696	0.049166666666666664
-0.6959499999999998	0.04133400000006304	0.269767174586777	0.052500000000000005
-0.689425	-0.17588100000003237	0.2904390495867772	0.04666666666666667
-0.6911875000000001	0.562693749999994	0.286741154442149	0.04375
-0.678925	-0.7249609999999791	0.2877621384297523	0.04666666666666667
-0.7047999999999999	0.07065399999999045	0.2843017174586775	0.04958333333333333
-0.6749125	-0.029640249999999924	0.27418892045454535	0.06583333333333334
