-0.6973125	-0.6288062499997977	0.27388889953987733	0.0025
-0.696725	1.0205890000002	0.27658967599693235	0.00375
-0.6943250000000001	-0.5262790000001587	0.2694984662576687	0.0
-0.7041875	0.2709437500002423	0.2761095667177913	0.0
-0.6945874999999999	-0.5603722499995456	0.2711626725460122	0.0
-0.7003875000000002	-0.2739902500002245	0.28162888228527644	0.00125
-0.6960500000000001	0.5192860000001929	0.2792460218558283	0.00625
-0.7095875	0.34317775000045003	0.2778215107361959	0.0
-0.7026875000000001	-0.5088062500003616	0.2743352185582819	0.005
-0.6975	-0.48824999999987995	0.28431211656441735	0.0025
-0.70825	-0.8928999999998268	0.2708290835889575	0.0
-0.6979124999999999	1.347027750000052	0.2828203124999999	0.00875
-0.6924125000000001	-0.11636224999983824	0.27339182323619626	0.00125
-0.6952875000000001	0.07596774999956324	0.26884034700920273	0.00375
-0.7077875	-0.3252822500003276	0.2817590107361964	0.0
-0.68695	-0.002234000000044034	0.27372627492331303	0.00125
-0.6963124999999999	-1.0952562500001477	0.2778655099693251	0.005
-0.7085750000000002	0.025100999999722262	0.2672189896472392	0.00125
-0.7068875000000001	0.4195997499996338	0.28121980444785283	0.0025
-0.6952125	-1.4239222500000324	0.2688292753067486	0.0
-0.70495	-0.11570399999982328	0.27493409700920224	0.00875
-0.7016	-2.253596000000016	0.2738310966257667	0.0
-0.693775	-0.15400099999988015	0.28409585889570543	0.0075
-0.6961625	-1.497062249999999	0.2762763611963192	0.0025
-0.7005750000000002	-0.5820290000001478	0.28942134777607376	0.00375
-0.6876125	0.24772974999996222	0.27995849309815946	0.0075
-0.69255	0.0111960000003819	0.27503719325153353	0.0
-0.7094	-1.5418759999997746	0.27862298696319016	0.0
-0.6989375	-0.4185562500006199	0.2777775115030676	0.0
-0.6978624999999998	0.0769397500002924	0.27382189417177916	0.0025
-0.719725	0.7399789999999484	0.27611071702454004	0.0
-0.6999124999999999	-0.9747622499994577	0.2790457246932517	0.005
-0.6986625	0.2973877499998707	0.2769628067484661	0.0
-0.70665	0.8207440000001043	0.2759976993865029	0.0
-0.6988875000000001	0.3145197499998176	0.27545489838957044	0.00375
-0.7059124999999999	0.18631775000039852	0.27006729294478526	0.005
-0.6952375	0.32270975000028557	0.2759515433282207	0.00375
-0.7018875	0.2112997499998528	0.2805171108128835	0.00125
-0.7134750000000001	1.2762289999996028	0.27998940759202456	0.00125
-0.6985375	1.0510777500003314	0.26878441334355796	0.0
-0.702475	-0.2670509999998103	0.27544425805214695	0.01125
-0.705425	0.0929110000001856	0.27645969133435594	0.00125
-0.698375	-0.5329750000000786	0.28200143788343573	0.0
-0.7057625000000001	-0.20938024999986737	0.27482798121165636	0.00875
-0.70485	-0.3621360000001914	0.2768129792944783	0.0
-0.6904125000000001	-0.30882225000004837	0.27095446702453996	0.0025
-0.6964124999999999	-0.9835922499996741	0.27689292561349693	0.005
-0.697425	-0.6746089999996912	0.2755197469325157	0.0
-0.703025	1.4581090000001495	0.2745835410276071	0.00875
-0.7039624999999998	0.10687774999996691	0.27079097967791427	0.00375
-0.7001250000000001	-0.7457750000003216	0.26882266104294494	0.015
-0.7034499999999999	0.34520599999996193	0.27226193443251545	0.01625
-0.6969125	0.003997750000053202	0.2818040164877299	0.00625
-0.7012	0.4539460000000872	0.268474837039877	0.00125
-0.7112375	-0.07355025000015303	0.2793732745398774	0.0025
-0.7070125	0.357569749999584	0.280032544095092	0.00125
-0.7103875	1.0293597499999123	0.2683912960122699	0.0
-0.7079625	-1.4611922500002947	0.275577837423313	0.0025
-0.6987625	-0.141450249999707	0.27998423121165655	0.00375
-0.6893625000000001	-0.7903002499997456	0.27660779332822105	0.02125
-0.6861625	-1.9476122500000201	0.2803495973926381	0.0
-0.698275	1.7214890000004743	0.2724101802147241	0.0025
-0.7046125000000001	0.4597097500000018	0.2713104869631906	0.005
-0.6991875000000001	-0.38905625000006694	0.2724544670245399	0.0
-0.6912750000000001	0.44019899999966583	0.2770917848926379	0.013749999999999998
-0.6908749999999999	-0.09272499999951833	0.27363655099693224	0.00125
-0.685025	-0.14205100000026505	0.2741580713190182	0.0
-0.7145625	-1.1665562500002125	0.27592911234662576	0.00375
-0.7033625000000001	1.5284097499998097	0.27947335122699374	0.0025
-0.6998125	-0.6578062499997941	0.27985956671779144	0.0075
-0.7128749999999999	0.03927500000008877	0.2831261503067484	0.01
-0.6945125000000001	0.4783197499996277	0.27686718750000044	0.00125
-0.6891125	-0.17191025000010995	0.2675577549846625	0.00625
-0.7031000000000001	-1.3108760000000075	0.27121141679447863	0.00375
-0.7059625	0.6866177500000958	0.2864594516871165	0.0025
-0.6975750000000001	0.6998410000001059	0.27866885544478537	0.00625
-0.6936249999999999	-0.9100249999996777	0.2763052626533742	0.00125
-0.7129749999999999	0.13288900000043213	0.27740380559815947	0.00625
-0.7059875	0.7688897500001985	0.2774574386503068	0.0
-0.701675	1.668011000000206	0.26752295820552163	0.00375
-0.703525	0.618619000000308	0.2815516679447857	0.0
-0.7012750000000001	-0.19635100000004968	0.2767039877300611	0.0
-0.6915749999999998	-0.331318999999894	0.283103144171779	0.005
-0.712175	-0.9916690000000017	0.27275297162576695	0.0
-0.7059124999999999	1.222567750000053	0.27826308473926387	0.01125
-0.6987875000000001	0.8763977499997964	0.277632572852761	0.0
-0.707875	-1.1887249999999767	0.27233799846625784	0.0025
-0.7006749999999999	0.5840210000001207	0.2781174271472394	0.0025
-0.7060875	-0.10129224999991493	0.27812720475460123	0.0
-0.706275	-0.2697509999993599	0.27198657975460094	0.0
-0.7092874999999998	0.49748775000034584	0.2799360621165644	0.0
-0.7072499999999999	0.7283999999999651	0.2816487250766869	0.00125
-0.6995	-1.1288999999997031	0.2830971050613496	0.005
-0.7061249999999999	0.7534749999999804	0.27428316717791407	0.005
-0.7041375000000001	-0.2078902499997639	0.2745718941717789	0.01
-0.7024625	-0.7974522499998784	0.2707065759202455	0.0
-0.7041	0.5271039999997811	0.2846117714723927	0.0025
-0.7077249999999999	2.0275190000002112	0.27354912768404915	0.01125
-0.7036875	0.8219937499998196	0.2721599884969323	0.0
-0.6957	0.011415999999371707	0.27112039877300625	0.0025
-0.6929375	0.4096937499998603	0.27606010352760735	0.0075
-0.6970624999999999	0.462193749999642	0.27217638036809827	0.0
-0.6988749999999999	-0.32777500000020154	0.27587878642638025	0.00125
-0.7012375	1.4202997499996854	0.27773811349693245	0.0025
-0.6995	-0.5921499999994921	0.27846108128834335	0.0025
-0.6973875	-1.3204202499996427	0.270598303297546	0.00375
-0.6954875	-0.03583024999943518	0.2786557707055215	0.0
-0.6914	-0.4538359999996828	0.2806926763803682	0.0025
-0.6968875000000001	-0.4195002500005103	0.2708604294478526	0.0025
-0.6977375000000001	-1.8359402500000215	0.27112557515337443	0.0025
-0.7120250000000001	1.035389000000123	0.27883306173312883	0.00375
-0.70255	0.4993460000000596	0.2815009106595092	0.00125
-0.6925000000000001	-1.2232500000000073	0.2817134298312882	0.00125
-0.7129125000000001	0.6487277499995798	0.2714982745398772	0.0
-0.7101875	-1.1723062500000196	0.27693304256134943	0.00125
-0.7016249999999999	-0.5657249999994747	0.28241051572085885	0.00625
-0.698175	-0.0028290000000197324	0.2813795532975461	0.01125
-0.6895625000000001	0.14894374999994398	0.2732986483895703	0.00625
-0.7015	-0.11360000000013315	0.26647013995398794	0.01875
-0.7073874999999998	0.16792975000043953	0.28560980636503075	0.00125
-0.6974875	0.1933997499995712	0.2774827453987731	0.0075
-0.6937500000000001	-1.3977500000000873	0.2765041219325153	0.0025
-0.7021000000000002	0.5519439999993665	0.2812107457822085	0.00375
-0.7074875	0.948549749999529	0.27706259585889553	0.0
-0.6921875	-0.6584062500000982	0.27251830904907953	0.0
-0.6961375000000001	0.7223797500000728	0.26814958780674847	0.00375
-0.6864874999999999	0.45660975000009785	0.28238564033742325	0.0025
-0.6959625	1.7346677499995167	0.2759348638803681	0.00125
-0.7004874999999999	1.263369750000038	0.28440759202454	0.005
-0.7012375	-0.6467002500003218	0.2701846242331292	0.0025
-0.6958249999999999	0.6231109999998807	0.27907965874233104	0.0
-0.7042875	0.21008775000018431	0.28340855061349685	0.0025
-0.7042625	0.2929297500004395	0.27918476802147263	0.00125
-0.7072375	-0.9538102499996057	0.28131901840490803	0.0075
-0.7020500000000001	1.0892759999996997	0.27893443251533734	0.0
-0.6949749999999999	0.5558489999998528	0.27791152223926396	0.01
-0.7033499999999999	-0.4164560000003803	0.2670494631901844	0.0025
-0.7008874999999999	-1.6665102500001012	0.2890226226993866	0.005
-0.7083249999999999	0.33436100000017177	0.27080104486196316	0.013749999999999998
-0.697775	-0.748920999999882	0.27429136311349706	0.00125
-0.7094625000000001	-0.5750122499998724	0.2788307611196319	0.00125
-0.7003875000000002	0.6590097499997682	0.26932807707055234	0.00125
-0.6941250000000001	-1.742475000000013	0.27543893788343565	0.0025
-0.7034750000000001	-0.17157099999985803	0.2746571606595091	0.00125
-0.6967000000000001	-0.8309240000003228	0.2796710601993861	0.00125
-0.6962125000000001	0.2310477500000161	0.27051936349693245	0.0075
-0.700725	-0.5220910000002732	0.2793105828220863	0.0
-0.7057499999999999	-0.9458999999997104	0.286402080138037	0.00125
-0.7092874999999998	-0.2952622499997233	0.27689407592024534	0.01
-0.7075125	-0.10155025000040041	0.2818017158742332	0.00375
-0.7018499999999999	-0.5062259999999696	0.2802666315184048	0.00625
-0.7000375000000001	0.14374774999987494	0.2685067580521473	0.00625
-0.7132749999999999	3.275039000000106	0.2845994056748464	0.0
-0.7108124999999998	1.108943750000435	0.28162083013803657	0.00125
-0.6992375	2.012069750000137	0.2781818443251533	0.0
-0.7002999999999999	-1.939143999999942	0.28266228911042957	0.0075
-0.7051750000000001	-0.20859900000004927	0.2790783646472392	0.00375
-0.7150750000000001	1.0253909999996722	0.2891528949386503	0.005
-0.6978374999999999	-0.7274822500003211	0.27493208397239255	0.00875
-0.6953875	-1.042790249999598	0.2722612154907976	0.0
-0.712375	-0.12102499999991778	0.2820431365030673	0.0075
-0.7050000000000001	2.4917499999996835	0.2749627108895705	0.01
-0.7035624999999999	-0.0973062499997468	0.2713832438650309	0.0
-0.6961875	-0.12925624999979846	0.2704772335122696	0.00125
-0.6968000000000001	-0.09563399999979083	0.274968893788344	0.00375
-0.697225	0.6646789999995235	0.2776115797546014	0.0
-0.6989000000000001	-0.15093600000045626	0.2792786618098161	0.0025
-0.69065	1.6458740000002763	0.2770634585889567	0.0125
-0.6951624999999999	-0.6739422499999819	0.2741390912576686	0.0025
-0.6969625000000002	-0.4907622500004436	0.2735075728527606	0.01
-0.70705	0.9479760000003807	0.2718742810582821	0.00125
-0.7092499999999999	-0.7981499999996231	0.281428728911043	0.00375
-0.6959250000000001	0.7436809999994693	0.29204764187116555	0.0075
-0.7045249999999998	-0.006510999999591149	0.2758518980061351	0.0
-0.6970750000000001	-0.516439000000446	0.27291487730061365	0.005
-0.6930000000000001	0.626850000000104	0.2765886694785277	0.005
-0.7009000000000001	1.0582039999999324	0.28395192676380365	0.00375
-0.7002250000000001	1.1866689999997106	0.2777759298312884	0.00375
-0.6945749999999999	-0.5005890000002182	0.28122483703987755	0.00875
-0.7000125000000001	0.5494997499995407	0.2727610237730059	0.0
-0.704575	0.955511000000115	0.27932841257668684	0.0
-0.7043625	-1.1512002499998744	0.28090275115030683	0.00125
-0.6992125	-0.8869922499998211	0.2879352952453985	0.0
-0.7034750000000001	0.09742899999992005	0.27905032592024526	0.0
-0.7054	-2.29540599999973	0.2816454179447852	0.0075
-0.711975	-0.3061909999996715	0.2761754217791412	0.0
-0.7036250000000002	-0.42827500000021246	0.28698614838957054	0.00125
-0.701525	-0.7859710000002451	0.2821995782208588	0.0025
-0.7092375	-0.389780250000058	0.27038348351226993	0.00125
-0.7042125000000001	-0.04764225000008082	0.27846582630368066	0.00875
-0.69815	0.6087739999998121	0.2733761503067486	0.0075
-0.7034875	1.5402897500002837	0.2715474501533742	0.0
-0.693325	2.048461000000316	0.2749115222392638	0.0
-0.699325	0.16077100000029532	0.2785748178680981	0.00375
-0.7066000000000001	0.5805539999996654	0.2676118194018407	0.00375
-0.7028750000000001	-0.35372499999994034	0.27477377300613515	0.0025
-0.6920999999999999	0.12214399999993475	0.2730392542177912	0.00375
-0.7107125000000001	0.29163775000006353	0.28066133052147235	0.005
-0.7000500000000001	-0.6432540000000699	0.2710585697852761	0.005
-0.6960250000000001	-1.2077810000000682	0.2723566909509199	0.0
-0.6959124999999999	-0.4917322500004957	0.26947373466257646	0.0
-0.7069375	-0.8195062500003587	0.2715092024539873	0.005
-0.6954375000000002	-1.0048062500000015	0.2793576016104294	0.00625
-0.6997	-0.18389399999978195	0.2782523006134967	0.005
-0.698575	-1.5372489999999743	0.2768023389570551	0.0
-0.706925	-0.424478999999792	0.2731860621165644	0.0
-0.6918	2.706666000000496	0.2684861963190184	0.0025
-0.697425	-0.23885899999959292	0.2827350460122701	0.02
-0.7005750000000002	-0.9827790000003915	0.2670079083588956	0.00375
-0.6960999999999999	0.07691399999976056	0.2885059911809818	0.00375
-0.7013	-0.7739540000002307	0.27248236196319037	0.0
-0.7043250000000001	1.0248209999999744	0.27491698619631905	0.005
-0.7087999999999999	0.907596000000467	0.27723614838957056	0.00125
-0.7019875	0.217679749999661	0.2729157400306751	0.0
-0.6932624999999999	-0.7251302499998928	0.2706333876533741	0.00625
-0.7071000000000001	0.143594000000121	0.27930928872699373	0.00375
-0.6982875	0.01955774999987625	0.27312293903374196	0.00375
-0.6975875	0.38918775000001915	0.2718301380368097	0.0
-0.7050874999999999	0.24808775000019523	0.27440035467791424	0.013749999999999998
-0.7060249999999999	0.9754189999998744	0.2713257285276073	0.0075
-0.7039374999999999	0.5369437500003187	0.2772554160276074	0.00625
-0.6938375000000001	-0.5237622499998906	0.27994799654907976	0.00875
-0.6993375	0.02179775000013251	0.2749540835889568	0.0025
-0.6986874999999999	-1.4932562499993765	0.27084590682515347	0.00125
-0.7021625	0.8667677499997808	0.27701370782208584	0.0
-0.7023874999999999	1.9198797499998363	0.2810604869631902	0.0025
-0.6988875000000001	0.08876974999975573	0.27760827262269944	0.00125
-0.69415	1.347494000000097	0.2805716065950917	0.01
-0.6994374999999999	0.12349375000030705	0.2785981115797548	0.00375
-0.7064375	-1.8495562500002052	0.2721382764570552	0.00625
-0.6989874999999999	-1.981640250000055	0.2778486867331289	0.00375
-0.6954875	0.162919750000583	0.2767303009969324	0.00625
-0.70215	-0.2411459999998442	0.27583938842024525	0.00625
-0.6998374999999999	-0.8630422499995802	0.26851581671779157	0.0
-0.6955875	-0.04290225000022474	0.2716412001533744	0.0
-0.6976625000000001	0.8057577499998843	0.27748619631901844	0.0
-0.6993125	-0.6855062499994347	0.27355185966257667	0.015
-0.7007749999999999	-0.40021100000012666	0.2717875766871165	0.0025
-0.7142250000000001	-0.24151100000017323	0.28193630176380363	0.00625
-0.7116125	0.1832397499997569	0.2766306556748468	0.0
-0.6940875	0.20931775000008201	0.2725178776840492	0.00625
-0.6999124999999999	-0.3990122499994868	0.2776731211656442	0.0
-0.6883250000000001	-0.6008389999997235	0.2780443826687115	0.0125
-0.7002124999999999	-1.0658222499996555	0.284066813650307	0.005
-0.7042249999999999	0.7776890000004641	0.2833240030674847	0.0025
-0.7031499999999999	-0.2978760000000875	0.2696124904141105	0.00875
-0.7102375000000001	1.0683097500000258	0.28016842407975473	0.005
-0.6946749999999999	-0.17561899999964226	0.27963036809815933	0.005
-0.6960999999999999	-0.1435860000001412	0.2772741085122702	0.00125
-0.6954	-0.1506060000006073	0.28402080138036834	0.0075
-0.6928000000000001	-0.7521940000005998	0.28204313650306734	0.0025
-0.7066124999999999	-1.0369602499999928	0.27022517254601236	0.0
-0.6982374999999998	0.0012797500003216555	0.28017245015337405	0.0
-0.6907625	-0.6980302500001017	0.28057764570552157	0.0075
-0.7074624999999999	1.5293977500004985	0.28289867714723926	0.005
-0.698275	0.4334890000004634	0.2738883243865031	0.0
-0.7019125000000002	0.4506477499999164	0.28436891296012307	0.00375
-0.7014749999999998	0.7265190000002804	0.2693811349693253	0.0025
-0.6906625	-0.8990022499997394	0.2749135352760736	0.0125
-0.704575	-1.3339889999997467	0.2824204371165642	0.0
-0.706175	0.2672410000000127	0.2702381134969328	0.0
-0.7059625	-0.3383822499999951	0.27345120782208554	0.0025
-0.7030625000000001	0.21949374999985594	0.27741430214723933	0.0025
-0.7038375000000001	-0.30156224999973347	0.2813601418711654	0.0
-0.7092	1.1400759999996808	0.2775254505368099	0.00125
-0.7011749999999999	-0.30770899999970425	0.27342604486196304	0.00375
-0.7003249999999999	-0.990418999999747	0.28012083013803696	0.00125
-0.7096125	0.00965974999962782	0.2842939992331286	0.005
-0.6995749999999998	-0.671788999999535	0.2792477473159509	0.00125
-0.7020250000000001	0.09218899999950736	0.27116871165644163	0.005
-0.6976749999999998	-0.4523989999997866	0.2742013516104296	0.00375
-0.6855499999999999	0.2926660000002812	0.274572613113497	0.00125
-0.6991125	-0.4637602500001776	0.2739068730828221	0.00625
-0.695025	-0.18760100000008606	0.28326634394171785	0.00875
-0.6912875	-1.6989522499998202	0.2758694401840492	0.0025
-0.7085000000000001	1.8568999999997686	0.27854649156441735	0.0025
-0.7063375000000001	-0.639012250000178	0.28016065950920266	0.0025
-0.7024374999999998	0.40574375000051077	0.2783006134969326	0.005
-0.6901625	-0.33509224999988874	0.27363913918711646	0.00125
-0.71045	-0.012474000000111118	0.274196031441718	0.0025
-0.7001875	1.1474437500000931	0.2780216641104294	0.0025
-0.7085750000000002	-0.18839900000011767	0.26598586081288333	0.00125
-0.6999249999999999	-0.21000900000035472	0.2714587327453988	0.00375
-0.6889625000000001	-0.12317225000015242	0.2846618098159508	0.0025
-0.7020374999999999	0.978857749999861	0.2702365318251533	0.00875
-0.7039875	1.6580597499996657	0.278239215874233	0.00625
-0.70305	-0.6546339999999873	0.2806551476226996	0.00125
-0.7084250000000001	-0.3480690000001232	0.2861700057515334	0.00375
-0.7043874999999999	0.09844975000032719	0.27675460122699364	0.0075
-0.6999499999999999	0.5457460000002357	0.2798956575920246	0.00625
-0.6971	0.7360439999997652	0.27172790452453993	0.00625
-0.6954499999999999	0.456876000000193	0.28155526265337427	0.00625
-0.7078625000000001	-0.03516025000044465	0.2700290452453986	0.0
-0.7018625000000001	-0.7273002500000985	0.26959135352760744	0.0
-0.7071999999999998	0.7303060000003825	0.27636263420245416	0.0
-0.7002124999999999	0.08267775000012989	0.2796943539110427	0.00375
-0.7112750000000001	0.4158489999995254	0.2795410755368097	0.00375
-0.7066000000000001	1.720803999999589	0.2828185870398771	0.00125
-0.7002250000000001	1.5486689999997907	0.2707015433282206	0.01125
-0.7057875	0.004407750000609667	0.27364819785276084	0.0
-0.6955374999999999	-1.2483622499999	0.28254265720858907	0.0
-0.7033	-0.03342399999974077	0.279197277607362	0.0
-0.699225	0.9740389999997205	0.2703473926380364	0.0
-0.7092375	-0.15503025000043635	0.27758886119631887	0.0
-0.7055750000000001	0.1560210000002371	0.28067930406441716	0.00625
-0.699775	0.9506689999998343	0.26616789685582826	0.00375
-0.6981375000000001	-0.33855024999957095	0.284232170245399	0.0
-0.6947625	-1.3376402500002769	0.28531676572085907	0.00375
-0.6978500000000001	0.10960399999976289	0.2745739072085891	0.005
-0.6954750000000001	-0.15301099999987855	0.27290481211656453	0.0125
-0.7021124999999999	-1.419640249999702	0.2694192388803679	0.00875
-0.6971624999999999	0.7873677500001577	0.2816763324386505	0.00625
-0.703425	0.40223100000002887	0.2768738017638037	0.00125
-0.7037499999999999	1.0222499999999854	0.2796719229294478	0.00875
-0.6955125	-1.499220250000235	0.2848507476993866	0.0
-0.6983124999999999	0.7056937500001368	0.27130229102760717	0.00625
-0.6929000000000001	-0.013656000000082713	0.2772112730061346	0.0075
-0.7058875	-0.008210250000047381	0.27848207438650285	0.0025
-0.7109000000000001	-1.2235959999998158	0.27965222392638023	0.0
-0.6938249999999999	-0.7157590000001619	0.27553297546012295	0.005
-0.7025625	0.4952437500000997	0.27917599693251527	0.0075
-0.6957625000000001	-0.9537302500002625	0.27526279716257673	0.00875
-0.7093	0.3223659999998745	0.27412960122699387	0.0
-0.6973	-1.2454139999999825	0.27285779332822097	0.00375
-0.7058	0.5941760000000613	0.2789071127300616	0.005
-0.712375	0.8374750000002678	0.2828920628834357	0.0075
-0.6967375	1.0177197500001967	0.2692500000000002	0.0
-0.6951375	-0.6208302500003811	0.2695601514570553	0.01125
-0.699775	-0.17333099999996193	0.27115332630368116	0.00375
-0.7136	-0.22343599999976504	0.27413449003067447	0.005
-0.6984875000000001	-0.39791025000022273	0.27963755751533736	0.005
-0.7060124999999999	0.09065975000021353	0.26812183665644174	0.01
-0.7080500000000001	-0.46318400000063775	0.2755689225460123	0.0025
-0.6974125	1.1977877499998613	0.2793347392638039	0.005
-0.6964874999999999	-0.9409902499996861	0.2790928872699385	0.005
-0.6924250000000001	-0.19780900000023394	0.2784061541411043	0.0
-0.692375	-1.0557749999998123	0.2649594996165645	0.00375
-0.6992	0.3554759999997259	0.28466655483128817	0.00375
-0.7048999999999999	-0.9506659999997282	0.28245149539877284	0.0
-0.7005625	-0.3462562499998967	0.27934005943251516	0.00125
-0.7102499999999998	-0.11659999999938009	0.27639254217791426	0.0025
-0.703125	-0.8176250000001346	0.27537955329754565	0.00125
-0.6959250000000001	-0.6995690000003378	0.27690701687116537	0.0025
-0.6989624999999999	-0.8454722500005118	0.27675115030674813	0.0025
-0.6959	-0.548146000000088	0.2706464723926379	0.0025
-0.6923375	0.37155775000019275	0.27084734470858884	0.00125
-0.6967874999999999	-0.2867622499998106	0.27781834739263844	0.0025
-0.7070125	-0.6931802500002959	0.2779926188650306	0.005
-0.7053875000000001	0.4633097500000076	0.26943333013803694	0.00625
-0.6951624999999999	0.17030775000012	0.27585362346625775	0.0
-0.7081500000000001	-0.2557759999999689	0.2816865414110429	0.0
-0.7094374999999999	-1.2377562499996202	0.2821193443251531	0.0025
-0.7019625	-0.07291224999971746	0.2829165069018405	0.0
-0.7145125000000001	0.0905197499996575	0.2851131614263802	0.00125
-0.6971	-1.150955999999951	0.2838481115797544	0.00125
-0.704	-0.3635999999996784	0.27484581096625765	0.00625
-0.7084250000000001	0.2734309999996185	0.27712830713190206	0.00625
-0.6961999999999999	-0.44710399999985384	0.2744706671779141	0.0
-0.6926875000000001	-0.32555625000031796	0.269842120398773	0.0
-0.707125	-0.8392249999997148	0.2739820743865033	0.0025
-0.6919124999999999	0.37359775000004447	0.2781335314417176	0.0
-0.7086250000000001	0.9394750000001295	0.2801761886503067	0.0025
-0.7068375	0.0741977500001667	0.26745624041411037	0.01125
-0.7025250000000001	0.21429899999975532	0.28268155674846623	0.0025
-0.700075	0.4639910000000782	0.27283938842024524	0.00375
-0.7007875000000001	-0.7519922500000575	0.27046759969325174	0.005
-0.7003999999999999	-0.7692559999995865	0.2694849501533743	0.0
-0.6973125	-1.795056250000016	0.2722623657975463	0.0075
-0.69485	-0.07468599999992875	0.27736181940184057	0.00125
-0.700375	-1.5257249999999658	0.2741769075920245	0.00125
-0.6972749999999999	1.070118999999977	0.2753996836656438	0.00625
-0.6958375000000001	0.38802774999976464	0.26895207055214704	0.01
-0.69695	0.2663660000002892	0.2715291890337423	0.00375
-0.7096125	-0.5558402500005286	0.27916837615030704	0.00125
-0.6975125	-0.7276502499998969	0.28127516296012284	0.00375
-0.6913125	-0.0515062500003296	0.27603867906441704	0.00125
-0.69815	0.14452399999981935	0.2738460506134971	0.0
-0.6964250000000001	-1.2649489999998877	0.27850522430981584	0.00375
-0.7040625	-0.8999062500001855	0.2806104294478526	0.0
-0.7008375	0.7078777500005344	0.28044320360429464	0.00375
-0.6989000000000001	-0.5391860000004272	0.2787442005368098	0.00375
-0.6944625	0.795937750000121	0.2737202358128835	0.00125
-0.7021875	0.15659374999995634	0.27680880943251573	0.00375
-0.7002999999999999	-0.8573939999996583	0.2859695648006138	0.00125
-0.7011375	-0.21882024999968053	0.2771011311349693	0.0075
-0.6996625000000001	0.1958177500000602	0.2793335889570553	0.0
-0.7012624999999999	-0.20080025000015667	0.27539608895705525	0.0
-0.7094749999999999	0.49335900000005495	0.27825474501533753	0.00375
-0.7080500000000001	0.20056599999952596	0.2736241851993862	0.00125
-0.6976875	-0.6345562500000597	0.2761732649539877	0.00125
-0.698925	0.8304009999997106	0.2744610333588958	0.00625
-0.6968125000000001	-0.9657562500001404	0.27603278374233153	0.0025
-0.6932	0.10226599999987229	0.26904725843558286	0.0
-0.7024625	-0.7159522500001003	0.28239915644171754	0.0
-0.7056374999999999	1.7653997500005971	0.2730115030674849	0.0
-0.7023625	1.4498197500006427	0.2787644746932514	0.005
-0.7028000000000001	0.5739559999997255	0.28180487921779185	0.00875
-0.7014625000000001	-0.2359222499999305	0.2794980828220862	0.0025
-0.702375	0.11222499999985303	0.27150891487730067	0.0
-0.6992	-0.5177740000003723	0.28207807707055216	0.01125
-0.6942625	-0.7141702499998246	0.2832012078220861	0.0025
-0.692075	-0.4999889999999141	0.2723042082055215	0.00625
-0.7026999999999999	-0.22066399999948771	0.26772828796012266	0.00375
-0.695225	-0.9622309999995196	0.2729640529141105	0.0075
-0.7031624999999999	0.30724775000044247	0.2819669286809817	0.0025
-0.6891875000000001	-0.6930562500001543	0.27930454371165625	0.005
-0.697325	0.9585509999997157	0.28721807898773	0.0
-0.6948874999999999	0.696679750000385	0.2742398868865031	0.00625
-0.7000375000000001	-1.4020022500003506	0.2833053105828224	0.005
-0.6966375	-0.9175902499996482	0.28299990414110415	0.0
-0.7038249999999999	1.9708409999998366	0.2865133723159511	0.00875
-0.7138500000000001	0.18783399999983885	0.2760253067484662	0.005
-0.6999875	-0.1267502499999864	0.28263770130368104	0.00625
-0.7120500000000001	-0.2648239999998623	0.2717904524539878	0.01
-0.7079625	0.3363077499998326	0.2675069976993866	0.0
-0.7057499999999999	0.8518500000004678	0.27626500191717795	0.00625
-0.688825	0.7634410000000571	0.2854156921012272	0.00375
-0.6982250000000001	-0.07429099999990285	0.27971405291411033	0.0025
-0.7011875000000001	0.4209937499999796	0.2783515145705519	0.005
-0.6954875	0.7844197500003247	0.2779342407975459	0.0025
-0.6958875	-1.3710602500004825	0.2831790644171782	0.01
-0.7037625000000001	-0.7614002500004062	0.2811821319018404	0.0
-0.69835	-1.4146059999998215	0.28052962039877327	0.0
-0.7074125	0.1665877499999624	0.2689506326687113	0.0025
-0.7026125000000001	0.6528297499999098	0.27699127684049063	0.0
-0.7059875	-0.3041102500001216	0.2790724693251532	0.0
-0.7110875000000001	-2.3651922499998363	0.2711030003834356	0.00125
-0.7063375000000001	0.7904877499995564	0.2734606978527606	0.005
-0.6948874999999999	0.4476797500005887	0.28118946510736204	0.00125
-0.6979500000000001	-1.882724000000053	0.27681729294478524	0.0
-0.7071624999999999	0.018167750000429805	0.27457290069018425	0.00125
-0.7019249999999999	-0.673178999999891	0.27727813458588985	0.00375
-0.696475	-0.3996310000002268	0.28305368098159506	0.0
-0.6984249999999999	0.08128100000021732	0.2820142350460124	0.00125
-0.6994624999999999	-0.17796224999938204	0.2713290356595094	0.00125
-0.7099500000000001	0.1940959999997176	0.2693325345092022	0.0
-0.70245	0.347646000000168	0.2809783838190183	0.00875
-0.7075749999999998	-0.8893089999996846	0.2769385065184051	0.00375
-0.7014499999999999	0.23663600000008955	0.2753726514570549	0.00125
-0.705775	-0.3751110000002882	0.28372962998466256	0.00625
-0.69445	1.5309660000002623	0.27657342791411066	0.01
-0.7013500000000001	1.1153340000000753	0.28367570935582825	0.0075
-0.69695	0.2541160000000673	0.2799505847392637	0.00625
-0.6937250000000001	-0.4585010000005241	0.28328144171779157	0.0
-0.7076499999999999	1.4573639999998704	0.27921079371165625	0.0025
-0.6903625	0.548639749999893	0.2815480732361964	0.00125
-0.7044625	2.1041377500000635	0.2798210314417176	0.0025
-0.7085625	-0.4900562500001797	0.2802765529141104	0.0
-0.6961375000000001	1.3246297499999855	0.27404131518404873	0.0
-0.7003875000000002	-0.2684902500000135	0.29126629601226983	0.0
-0.6993874999999998	0.5713997500001824	0.2703844900306748	0.01
-0.7005750000000002	0.20147099999985585	0.2833286042944783	0.0
-0.7122875	2.4344277499999407	0.2877449194785277	0.0
-0.7037249999999999	1.3305489999997917	0.27675230061349687	0.0025
-0.697125	1.4610250000000633	0.2746906633435586	0.01
-0.70285	-0.11249599999973725	0.2810653757668716	0.0
-0.6969125	-0.9770022500001687	0.268247363880368	0.00625
-0.6953	-0.2148439999996299	0.2796326687116566	0.0
-0.6974624999999999	0.33969775000014124	0.2826047737730062	0.0
-0.6916	0.35435400000005757	0.27370729486196305	0.00625
-0.698375	-0.9837250000000495	0.27806810774539836	0.00125
-0.7031499999999999	0.4636239999999816	0.28599630943251536	0.00125
-0.7052	0.9954860000002554	0.27550191717791406	0.0025
-0.7003375000000001	0.8428177499999947	0.27288238113496915	0.005
-0.6991625000000001	-0.46037225000054605	0.2807599693251535	0.0
-0.6971875000000001	-2.4181562500002656	0.27785875191717796	0.00125
-0.708925	0.5675510000000941	0.2730694497699384	0.00625
-0.6947874999999999	0.09227774999999383	0.2868888036809815	0.0025
-0.7034625000000001	-0.29518224999992526	0.2795576111963192	0.0
-0.7031750000000001	0.4666209999995772	0.27381427338957076	0.00375
-0.7065125000000001	1.535639749999973	0.28414158358895714	0.0025
-0.7061125000000001	-0.041030249999948865	0.27590682515337434	0.0025
-0.700475	-0.14686100000017177	0.28049122891104294	0.00875
-0.70825	1.1060999999999694	0.28194722967791436	0.00375
-0.7035125	-1.54624025000021	0.2712672066717795	0.00125
-0.6934125	-0.34818224999980885	0.27164465107361974	0.0
-0.7031874999999999	-0.6457562499999767	0.2667710889570548	0.0
-0.7002124999999999	-1.0430722499995682	0.2774050996932516	0.0
-0.7000875	-1.6827622499999961	0.2711986196319017	0.0
-0.7117249999999999	-0.08546100000012302	0.27896836656441704	0.0
-0.7032875000000001	1.3367077499997322	0.2815003355061351	0.00375
-0.6967750000000001	-1.8113910000001852	0.2715074769938651	0.0025
-0.7191375	1.0462597499995354	0.2734535084355827	0.0
-0.6910125	-1.7942402500002572	0.2778212231595094	0.005
-0.7047000000000001	0.6536559999999554	0.2660895322085891	0.0
-0.6919499999999998	-0.26493399999981193	0.27767887269938646	0.0025
-0.7136125	-0.15298024999992776	0.2759752684049079	0.0
-0.70885	1.4969340000002376	0.27608368481595097	0.0
-0.7040875	-0.017232249999779015	0.2755096817484666	0.0
-0.6879875	0.005369749999772466	0.27793078987730035	0.0075
-0.6983874999999999	-0.09966024999994261	0.28115323044478563	0.013749999999999998
-0.6932750000000001	-0.011111000000255444	0.28784442101226965	0.0
-0.707525	-0.14860100000032617	0.27259768021472386	0.0
-0.698375	-0.8207250000000386	0.27465327837423303	0.0075
-0.7012499999999999	0.30125000000043656	0.26953628259202467	0.01625
-0.6940124999999999	-0.8773602500000379	0.2728806556748467	0.0075
-0.6871375	0.4687897499998144	0.2768083780674848	0.005
-0.6925124999999999	0.9017997500000092	0.2792461656441719	0.0075
-0.7016249999999999	0.4632750000005217	0.2802736771472393	0.0025
-0.7020374999999999	1.4826077500001702	0.27428489263803707	0.0025
-0.7000375000000001	-0.7135022500001469	0.2737925613496931	0.0075
-0.6949125	-0.008412250000219501	0.2751865893404908	0.00375
-0.693425	0.48258099999975457	0.2754088861196321	0.00375
-0.705775	-0.9321110000000772	0.2703774444018404	0.00125
-0.6979124999999999	-0.033472250000158965	0.2754881134969325	0.0
-0.7206375	-0.5527002499998162	0.2821712519171779	0.00375
-0.7005375	0.6020377499999086	0.28312226802147245	0.01125
-0.7014	0.33561400000053254	0.2755994056748464	0.0025
-0.7025625	0.2579937499999687	0.2782183665644171	0.0025
-0.7030625000000001	0.2709937499998887	0.274126294095092	0.00375
-0.7022125000000001	-2.4950822500004506	0.27740811924846637	0.00375
-0.7047750000000002	1.6715189999999893	0.283994488113497	0.00375
-0.6835	0.24064999999973224	0.2844553297546012	0.0075
-0.706825	-0.028779000000213273	0.2748698236196319	0.0
-0.7044000000000001	1.6980239999998048	0.26906321894171786	0.00625
-0.6927375	-1.7838902499997857	0.2865941813650307	0.00375
-0.693575	0.07270100000005186	0.27001840490797535	0.0075
-0.6890000000000001	1.5003999999998996	0.2798989647239266	0.0
-0.7140625	0.5473437499999818	0.28146165644171794	0.0
-0.6975875	-0.4418122500001118	0.2826116756134971	0.0
-0.7015750000000001	-1.052969000000303	0.27506724501533764	0.00875
-0.7021124999999999	0.07635975000039252	0.2709619440184051	0.005
-0.6987125000000001	0.4298477499996807	0.2824461752300612	0.00625
-0.7073750000000001	-0.31577500000003056	0.27255540644171783	0.0
-0.7064999999999999	-0.3935999999998785	0.2765811924846626	0.0
-0.69885	0.13813400000026377	0.271674846625767	0.0
-0.6977499999999999	0.4696500000004562	0.28209892638036815	0.0025
-0.7073125	0.7204437499999585	0.27535769746932515	0.00125
-0.6955374999999999	1.6408877500002745	0.2744291123466256	0.00125
-0.6971	0.13204399999995076	0.28213774923312857	0.01
-0.70715	-0.31329600000026403	0.27707122315950905	0.0
-0.7101000000000002	-0.22546600000032413	0.2657224405674845	0.00625
-0.7039374999999999	-0.10605624999971042	0.2744841832822086	0.0
-0.7155625000000001	-0.11725625000008222	0.2781053489263802	0.0
-0.7087125000000001	-0.04345224999997299	0.2742424750766871	0.00875
-0.698625	-1.180525000000216	0.27710400690184034	0.0075
-0.7071875000000001	1.3480937499998618	0.2830598638803681	0.00125
-0.7113875000000001	0.425019749999592	0.27585808090490793	0.00625
-0.7120625	-0.7985562500002743	0.2800395897239265	0.0025
-0.7022125000000001	-0.5833322500002396	0.2840350364263806	0.00625
-0.7065375	0.9018677499998375	0.2784469900306748	0.0
-0.6908125	-0.4785562500001106	0.2741945935582822	0.0075
-0.7040250000000001	0.29407899999978326	0.27638118289877295	0.00625
-0.7006999999999999	-0.7002840000000106	0.28623542944785263	0.0075
-0.699525	-0.3098610000001827	0.2911409125766869	0.0125
-0.7122875	0.16117774999975154	0.28075565567484645	0.0025
-0.6987749999999999	0.705098999999791	0.2814974597392638	0.00625
-0.708075	0.7016709999998056	0.27626557707055227	0.00125
-0.7031624999999999	-0.34975224999971033	0.2757582917944784	0.00125
-0.6971624999999999	0.730117749999863	0.2786725939417174	0.00375
-0.714	1.8984000000000378	0.26247598734662586	0.00125
-0.690925	0.46248100000002523	0.2758912960122698	0.005
-0.7050375	0.08514774999957808	0.2686268213190185	0.005
-0.6983124999999999	0.057943750000504224	0.2777293424079753	0.00375
-0.711125	1.4389750000000276	0.27967724309815967	0.005
-0.7038375000000001	1.0106877500002156	0.2915811924846626	0.0
-0.70065	-1.4236760000003414	0.27952899731595066	0.00125
-0.7034499999999999	-1.1960439999998016	0.2705860812883438	0.0
-0.703675	0.6103910000001633	0.27629807323619643	0.00125
-0.6972	1.4782060000002275	0.280662480828221	0.0
-0.7047625	-0.2382902499998636	0.2808357457822087	0.00375
-0.6987375	0.9701997500001198	0.2743645513803677	0.0
-0.7109999999999999	0.11365000000023429	0.28874654907975417	0.005
-0.7038125000000002	0.16874374999952124	0.2840724213957053	0.00875
-0.698175	0.6041709999999512	0.28025210889570557	0.0025
-0.7143124999999999	0.3032437500000924	0.2808390529141104	0.0
-0.7077500000000001	0.8583999999996195	0.27300071894171773	0.00625
-0.698475	-1.4232210000000123	0.27251068826687075	0.01125
-0.709875	-0.5985250000003361	0.27750704562883416	0.00125
-0.7021625	0.26401774999976624	0.28180070935582796	0.0025
-0.70625	1.0552499999998872	0.283283167177914	0.0025
-0.7170125	-1.321330250000301	0.28148681940184084	0.00375
-0.6912	-1.4596540000002278	0.27698049271472386	0.00125
-0.6979625	0.4726077499999519	0.2690728527607361	0.0025
-0.7032750000000001	1.2668389999998908	0.2799419574386504	0.00125
-0.6946375	2.3482397500001753	0.2603569785276074	0.005
-0.70485	3.1631139999999505	0.28600464915644186	0.013749999999999998
-0.7084874999999999	-1.2140102500002286	0.2827895417944784	0.00125
-0.7007999999999999	-0.4017739999994774	0.27763199769938635	0.0075
-0.6981375000000001	1.3196997500003818	0.277500862730061	0.0025
-0.70635	-0.5060159999998177	0.2758970475460123	0.0
-0.6931749999999999	-0.028528999999707594	0.26938214148773043	0.00375
-0.6991875000000001	1.5071937500001695	0.2758792177914107	0.0
-0.7004250000000001	-0.4360390000001644	0.2872932802914112	0.00375
-0.702375	0.5152250000001004	0.27543563075153343	0.00375
-0.7004375	0.14944375000004584	0.28054284892638065	0.0
-0.6988875000000001	0.28101974999981394	0.27966631518404916	0.0
-0.6995875	0.5694777499998054	0.28080727569018393	0.00125
-0.7010624999999999	1.1244437500004096	0.27400062308282214	0.00875
-0.7039124999999999	-0.7994922500001849	0.2803849693251532	0.0025
-0.7116500000000001	-1.5066560000000209	0.2810576111963192	0.0
-0.6975250000000002	0.7881989999996222	0.2803326303680982	0.0075
-0.6936249999999999	-1.2920249999997395	0.2736332438650306	0.0025
-0.7058374999999999	-0.9155222499998672	0.2781827070552147	0.0075
-0.7018249999999999	-0.10482899999988149	0.2672639953987731	0.0025
-0.6978624999999998	0.30993975000046703	0.2863142254601228	0.0025
-0.7116374999999999	-0.6534402500001306	0.28042695552147234	0.0025
-0.6998500000000001	-0.9532859999999346	0.27609101802147257	0.00375
-0.6895250000000002	-0.4240610000001652	0.27598360812883427	0.0025
-0.70105	0.35973599999988437	0.28213070360429426	0.00125
-0.7071375	0.643239750000248	0.27183056940184047	0.00625
-0.7156	0.5596239999999852	0.28083430789877284	0.00125
-0.6919625	0.14888775000008536	0.27537912193251524	0.005
-0.704275	0.012259000000085507	0.2836265337423312	0.0
-0.6968000000000001	-0.4113839999999982	0.27659456480061345	0.00875
-0.7053750000000001	0.1847749999997177	0.2740141391871167	0.00375
-0.6999875	-0.2537502499999391	0.2859500095858896	0.00125
-0.7029624999999999	-0.582792249999784	0.2806278278374235	0.00375
-0.7083625	0.5231097500000033	0.2781775306748467	0.005
-0.7067625	0.7748297500002082	0.2826861579754602	0.0
-0.7026999999999999	-0.5639139999998406	0.2764678872699385	0.0
-0.7042875	-0.12466224999980113	0.27301552914110416	0.005
-0.7007749999999999	1.771288999999797	0.2707167848926381	0.00125
-0.7079625	0.5495577500000763	0.26914503450920235	0.005
-0.7056499999999999	1.0206740000003265	0.28385371932515363	0.0075
-0.6981249999999999	2.689875000000029	0.27552808665644185	0.0025
-0.7020250000000001	-0.8878110000005108	0.27865835889570545	0.0
-0.6979875	-1.1022302500000478	0.28400009585889563	0.0025
-0.7161625	0.6627877500000068	0.27434787193251536	0.0025
-0.7076375000000001	0.7561697499995716	0.28070403565950913	0.00125
-0.706725	0.3551390000002357	0.27370513803680985	0.0
-0.7145375	1.4803577500001666	0.27135894363496893	0.00125
-0.7054750000000001	-0.26471100000026127	0.27261378450920254	0.0025
-0.7085874999999999	0.2575077500000589	0.2798433186349692	0.00375
-0.7082124999999999	-0.44341225000016493	0.27899209164110444	0.00375
-0.701325	-0.36380899999994654	0.2760825345092022	0.005
-0.6941625	1.5334777499997472	0.2814295916411042	0.00625
-0.7000875	-0.4910122500000398	0.2718522814417178	0.005
-0.6957	-0.7095840000006319	0.26982846050613496	0.00125
-0.7007875000000001	0.8880077499998151	0.2576219804447851	0.00375
-0.7001374999999999	-0.17628024999976333	0.285084547546012	0.005
-0.7088625	-0.40292025000007925	0.27193380943251527	0.00375
-0.7036625000000001	-0.5122122500001751	0.27540140912576677	0.00875
-0.6977625000000001	0.656239750000168	0.2858112538343557	0.0025
-0.6907375	-0.7575202499997431	0.2739500095858898	0.00625
-0.7146625	-0.40723225000010643	0.28170408358895704	0.0
-0.6901125000000001	-0.9789202500005558	0.27506868289877295	0.00375
-0.6944625	-0.7520622500001082	0.27045020130368097	0.00125
-0.7001625	1.2764577499997358	0.2787808665644175	0.005
-0.7059250000000001	-1.3589190000002418	0.28214810199386514	0.0025
-0.7006749999999999	0.46927099999993516	0.27643812308282173	0.00375
-0.7125375	0.09049774999994042	0.2740630272239264	0.00375
-0.7159499999999999	-0.04029399999990346	0.2732614072085889	0.0
-0.692	0.1788499999997839	0.26544953029141094	0.00875
-0.6960500000000001	-0.9182139999998071	0.27486162768404876	0.00125
-0.6983874999999999	0.5120897500000865	0.2716160371932516	0.00875
-0.7034750000000001	-1.0363210000000436	0.28235745782208593	0.0025
-0.70265	0.1025139999997009	0.27520729486196344	0.00125
-0.7042999999999999	0.9791660000000775	0.2809300709355825	0.00625
-0.70285	0.5125040000002627	0.2805599597392636	0.00375
-0.7085124999999999	-0.720940249999785	0.2729416219325153	0.0025
-0.7090624999999999	-0.35765624999976353	0.2804252300613498	0.0
-0.70035	1.5278039999998327	0.28175440950920244	0.005
-0.6983000000000001	-0.7116240000000289	0.2720495590490798	0.0
-0.6977625000000001	-0.5892602499998247	0.2725853144171779	0.0
-0.7016125	0.24758974999986094	0.2806761407208589	0.00125
-0.7022125000000001	-0.13008225000021412	0.26517043711656463	0.0
-0.7061999999999999	1.737246000000141	0.27452990797546	0.0
-0.699675	1.9270809999998164	0.26991286426380345	0.0
-0.6949375	-0.7582562500001586	0.2651534700920244	0.0025
-0.712675	0.0597010000001319	0.27691981403374194	0.00875
-0.6934	-0.7634459999999308	0.2833550613496933	0.0
-0.7042999999999999	1.269666000000143	0.2762040356595093	0.00125
-0.7121999999999999	1.7983559999997851	0.2719612730061349	0.0
-0.6972499999999999	0.3581500000000233	0.28393179639570526	0.00875
-0.6976	0.25253399999974135	0.2798049271472393	0.01
-0.7137249999999999	1.6530990000001111	0.2707909796779138	0.00125
-0.6965249999999998	-1.5323209999996834	0.2784881134969323	0.0125
-0.7001374999999999	0.9082197500001712	0.2814777607361965	0.005
-0.698	-0.40639999999984866	0.2710572756901842	0.00375
-0.6961375000000001	-0.5458702500000072	0.28143778757668686	0.0025
-0.6913	-1.471603999999843	0.2774831767638037	0.00625
-0.7005874999999999	-0.02530224999964048	0.2707557515337422	0.0
-0.7050000000000001	-0.4272500000006403	0.2812093078987729	0.00625
-0.6994750000000001	-0.8591910000000098	0.27910597200920245	0.00875
-0.7093375	-1.1175022499996885	0.2732697469325152	0.0025
-0.7012125	-0.5958522499995524	0.26981063075153394	0.00375
-0.7019	0.9249740000000202	0.2785068059815952	0.0025
-0.6988749999999999	1.443224999999984	0.26757529716257666	0.013749999999999998
-0.7062374999999999	-0.15875024999968446	0.2840714148773007	0.0
-0.701875	-0.7696250000003602	0.2804321319018404	0.0175
-0.7075749999999998	-1.3218089999995755	0.27430516679447825	0.00625
-0.6979500000000001	-0.3524739999998019	0.27748360812883444	0.005
-0.7040374999999999	-0.1018322499999158	0.2767208109662579	0.00125
-0.7023625	1.6268197500003225	0.2803953220858898	0.0
-0.7093624999999999	-1.3365002499999719	0.27651490605828216	0.00375
-0.69635	-0.3975660000000971	0.2805263132668713	0.013749999999999998
-0.7056374999999999	2.092399750000368	0.28294440184049074	0.0
-0.7043374999999998	0.5593977500002438	0.2748849213957054	0.00125
-0.7012	-0.5510540000000219	0.2737350460122699	0.005
-0.702725	0.46061899999949674	0.2699022239263802	0.0
-0.7065625	1.08984375	0.27491871165644177	0.0
-0.6937250000000001	-0.5190010000005714	0.27126490605828246	0.00375
-0.7027749999999999	0.6326790000002802	0.284602856595092	0.0075
-0.702175	1.5629309999994803	0.2781333876533743	0.00375
-0.6958125000000002	-0.9630562500005908	0.2829892638036811	0.0
-0.6971375	0.810389750000013	0.2744417657208591	0.00375
-0.6860625	0.9469437499997184	0.2733613401073621	0.00125
-0.6952500000000001	1.0221499999997832	0.27282788535276065	0.00375
-0.7017625000000001	-0.08622025000067879	0.2743580809049082	0.00875
-0.6979124999999999	-0.8202222499999152	0.2828190184049078	0.0025
-0.6912875	0.6790477500003362	0.281918040644172	0.0
-0.7066000000000001	-0.42769600000019636	0.27318778757668744	0.0075
-0.7090125	0.895789749999949	0.27913731786809814	0.00875
-0.7130750000000001	-0.7905290000003333	0.2769698523773004	0.00875
-0.7054374999999999	0.9226937499997803	0.2742230636503072	0.01
-0.6913750000000001	-0.9062750000002779	0.27856403374233135	0.0
-0.7001250000000001	0.6159749999997075	0.2705954275306746	0.00375
-0.7032375	0.7159797500003151	0.2782464052914114	0.00125
-0.6969125	-0.22375224999996135	0.2840719900306752	0.0025
-0.7033875	-0.12386024999977963	0.2690048408742331	0.00375
-0.7117374999999999	0.7858197499999733	0.28174017446319016	0.00125
-0.6942625	-0.04617024999970454	0.27412083013803656	0.00375
-0.6897	-0.4072439999999915	0.2731296970858897	0.0025
-0.6953875	0.8117097500003183	0.2691782496165646	0.01625
-0.7032	1.7838659999997617	0.2683409700920245	0.0
-0.6996875	-0.5621562499995889	0.27944646280674834	0.00625
-0.7063000000000001	0.8129959999996572	0.2800935103527608	0.00875
-0.6960250000000001	-0.8262810000001082	0.2890847392638037	0.0
-0.700825	-0.6420890000003965	0.2717645705521471	0.005
-0.7033749999999999	0.6630250000002889	0.27913127875766863	0.00875
-0.702375	-0.07777500000020154	0.2837806748466258	0.0075
-0.70825	-0.6601500000001579	0.27320892446319006	0.00375
-0.7026625	-0.6758422499997323	0.27158569785276065	0.0
-0.6943250000000001	0.28972099999964485	0.2812041315184048	0.00375
-0.6938499999999999	0.5199840000000222	0.27657098351226955	0.00625
-0.7044999999999999	0.18135000000029322	0.27467168328220853	0.0
-0.7113875000000001	-0.30523025000002235	0.2758946031441717	0.00125
-0.7064249999999999	-0.16154899999992267	0.27136642062883426	0.00125
-0.698475	-0.6799710000000232	0.28786210697852743	0.00125
-0.6937125	-1.1425022500002342	0.28018021472392646	0.0
-0.6997	-1.0441439999999602	0.2679303105828218	0.0
-0.6982250000000001	-1.1802910000001248	0.2846697181748464	0.00625
-0.6989125	-1.2003922499998225	0.2715240126533742	0.00125
-0.7092624999999999	1.8192297500004315	0.27203819976993865	0.00625
-0.7033749999999999	-0.600474999999733	0.2786973255368096	0.00375
-0.7039124999999999	0.6990077499999643	0.2779241756134969	0.0025
-0.7036125	0.04461975000003804	0.28195456288343584	0.0025
-0.709525	0.5203389999996944	0.2813052147239261	0.0
-0.7113625000000001	0.4751797499998247	0.28430205138036824	0.005
-0.7062374999999999	0.5907497500002137	0.28283469133435596	0.00375
-0.6913875	-0.6536802499999794	0.2759128642638037	0.0
-0.70475	-0.1620999999995547	0.2761798792177913	0.00375
-0.7117125	-1.1542422499996974	0.274478144171779	0.0
-0.6968875000000001	1.2707497499995952	0.28737006326687103	0.00125
-0.6883250000000001	-0.032088999999814405	0.27917268980061355	0.00375
-0.6921374999999999	-0.1999102499999026	0.27759576303680966	0.005
-0.6953749999999999	-0.5072249999998348	0.2778747124233128	0.0025
-0.7010000000000001	0.31064999999989595	0.2805398293711657	0.00125
-0.7037125	0.4844477500000721	0.2838946990030673	0.01125
-0.7038625000000001	-0.9748702500000945	0.2773907208588955	0.0
-0.70235	-0.36058600000023944	0.27860788918711654	0.00125
-0.6926375	-0.776230250000026	0.281814656825153	0.00125
-0.6989874999999999	-0.6058902499999022	0.2757945264570551	0.00625
-0.7067000000000001	0.07242599999972299	0.26530142829754566	0.00875
-0.6965625	-0.9276562499999272	0.27368414493865	0.0
-0.7099	-1.1185660000001008	0.275444258052147	0.00125
-0.7047874999999999	-0.3154222499997559	0.2832982649539878	0.00375
-0.7029125	-0.03382224999995742	0.2709101802147236	0.0075
-0.7041875	-0.896306249999725	0.2779933378067484	0.00625
-0.6995125	-0.6036302500001511	0.27845648006134954	0.0
-0.6992875000000001	0.8339377500001319	0.28083919670245394	0.00375
-0.6993499999999999	0.377074000000448	0.2756040069018405	0.0
-0.6994875	-0.9119202500000938	0.2727250766871168	0.005
-0.696375	0.954975000000104	0.27943007093558275	0.00375
-0.6975625000000001	0.35249374999966676	0.26760995015337397	0.0075
-0.6932125	-1.208962249999331	0.2896296970858897	0.0025
-0.7112624999999999	0.18729975000042032	0.28573950345092003	0.00625
-0.689575	0.13786100000015722	0.27424865797546005	0.0075
-0.69825	-1.6766500000003361	0.2709140624999997	0.00625
-0.7046375	0.3373397500004103	0.271079419095092	0.01125
-0.698	0.30484999999998763	0.2727628930214723	0.00875
-0.6931625000000001	0.14694774999998117	0.2815184528374231	0.00375
-0.7071875000000001	0.7173437500000546	0.27486622891104284	0.00375
-0.6995499999999999	-1.4443240000000515	0.2843322469325157	0.0025
-0.7032750000000001	-0.09066100000018196	0.27777765529141085	0.00375
-0.6987749999999999	-0.19290100000034727	0.2788815184049077	0.005
-0.702375	-0.23902499999985594	0.2747717599693252	0.0
-0.707675	-0.34799900000007256	0.26809451687116553	0.0025
-0.7090875000000001	-0.3991322500005481	0.2706622891104293	0.0
-0.7079375000000001	1.054943749999893	0.2766192963957056	0.00375
-0.7014	0.16711400000031063	0.2765826303680984	0.0
-0.7023250000000001	0.11735099999941667	0.2735796108128834	0.00125
-0.6945000000000001	0.6508499999999913	0.2743841065950919	0.0
-0.701325	0.17619100000001708	0.27256935391104264	0.00875
-0.6918500000000001	-0.08377599999994345	0.2711304639570552	0.015
-0.7098625000000001	1.3903697499999907	0.2779154045245401	0.00625
-0.7046625	0.26171774999966146	0.27686531825153393	0.0025
-0.6977375000000001	-0.6644402500000979	0.2747865701687116	0.00375
-0.7034499999999999	0.47220599999991464	0.27666157016871173	0.00125
-0.7058500000000001	-0.19750599999997576	0.27474156441717784	0.005
-0.6932	-0.48998400000027686	0.2832538343558279	0.0
-0.7060124999999999	0.39965975000041	0.27209427722392643	0.00375
-0.7070125	0.47881974999972954	0.2845453412576687	0.0025
-0.7037	-1.839904000000388	0.2846669861963189	0.0
-0.6951750000000001	0.6842509999996764	0.26885069976993864	0.00625
-0.706825	-0.5825290000002497	0.27100047929447835	0.0
-0.6946625	-1.2250822499995593	0.27718941717791423	0.0
-0.7056875	0.29224375000012515	0.273160180214724	0.0025
-0.71505	0.6308460000004743	0.27081614263803666	0.0
-0.6938249999999999	-0.8400090000000091	0.27349362538343536	0.00375
-0.6983375	-2.1089222500004325	0.28270830138036807	0.005
-0.7029000000000001	0.7492939999997361	0.27104375958588955	0.00125
-0.6981625	-0.6961522499996136	0.27082721434049084	0.00625
-0.70625	-0.17374999999992724	0.27278518021472375	0.005
-0.7143250000000001	-0.9653289999996559	0.2684551380368097	0.0
-0.6991125	1.5342397499998697	0.2781957917944785	0.00625
-0.7025999999999999	0.9554340000004231	0.28000579946319004	0.00375
-0.6957625000000001	0.7610197499998321	0.2772268021472395	0.0125
-0.7011625000000001	-0.3359122500005469	0.2806587423312883	0.0
-0.719125	0.3485249999998814	0.28189704754601236	0.0
-0.7119875	2.452329749999535	0.28064407592024526	0.0
-0.6964999999999999	-0.7503499999997985	0.27135606786809796	0.00375
-0.7042249999999999	0.6746890000003987	0.27476284509202464	0.01
-0.7046125000000001	-0.18104025000002366	0.2773733224693253	0.00375
-0.70715	0.8952039999999215	0.27690270322085886	0.01
-0.7021625	-1.0207322500000373	0.26970365222392656	0.00125
-0.7051875000000001	-0.19855625000036525	0.2874360621165645	0.0075
-0.7079499999999999	-1.5258739999999307	0.26959681748466274	0.0
-0.704925	0.6574409999993804	0.2739919957822087	0.00375
-0.7116750000000001	-0.6813390000002073	0.2801652607361963	0.0
-0.6987999999999999	-1.3205539999999019	0.2781911905674847	0.00625
-0.7033749999999999	-1.1909749999999804	0.2773603815184046	0.00375
-0.69895	0.8684860000003027	0.2828221817484662	0.0025
-0.6996375000000001	-0.008460250000098313	0.2611749904141105	0.00875
-0.7053750000000001	0.5612749999995685	0.2846041506901842	0.00125
-0.7071875000000001	-0.18515625000009095	0.272783454754601	0.0075
-0.6897125000000002	0.4676677499996913	0.2727584355828221	0.0
-0.7009750000000001	-0.832770999999866	0.26858641679447826	0.00375
-0.701675	-0.6594890000001215	0.2843684815950917	0.005
-0.7012624999999999	-0.20980025000017122	0.26864666411042926	0.01
-0.6998875	0.9512297500000386	0.28008373274539894	0.00375
-0.7008624999999999	1.9040597499997602	0.2688386215490799	0.00375
-0.6940250000000001	-0.5233710000002247	0.27180368098159463	0.01
-0.7011749999999999	0.09904100000039762	0.27711191526073625	0.00375
-0.6907749999999999	0.45658899999989444	0.27692455904907953	0.0
-0.7105124999999999	-0.11082024999996065	0.2842653853527609	0.00125
-0.6927125000000001	0.8965277500001321	0.28282175038343554	0.00625
-0.7078125	0.9350937499998508	0.26676720667177906	0.00125
-0.7042125000000001	1.4518577499998173	0.2815769746932515	0.0025
-0.6970125	0.5077197500004331	0.2699426284509202	0.00375
-0.7096125	1.2941597499993804	0.2790291890337421	0.00625
-0.7057249999999999	0.9325589999998556	0.27613257285276066	0.0
-0.7006999999999999	-0.41628399999990506	0.28062337039877316	0.0025
-0.6982124999999999	-1.0036122500000602	0.2806889378834356	0.005
-0.6942375000000001	-0.16913025000030757	0.2816590778374233	0.00375
-0.7024374999999998	-0.2782562499996857	0.27247646664110425	0.00625
-0.6992749999999999	-1.3545909999998003	0.2879508243865031	0.0025
-0.6995	0.06235000000015134	0.2782518692484662	0.00875
-0.7040625	0.8808437500001673	0.2776455138036812	0.005
-0.6911625000000001	-0.7662122500005353	0.2786737442484666	0.00125
-0.7078125	0.27959375000000364	0.28109513995398766	0.00375
-0.6938124999999999	-0.7145062499998858	0.26880023006134945	0.005
-0.7012375	0.4082997499999692	0.2795855061349692	0.0
-0.7038875	0.8053197499993985	0.2698872699386504	0.0025
-0.69265	0.590813999999682	0.278442388803681	0.0025
-0.6892499999999999	0.6426000000001295	0.27141214532208585	0.00875
-0.699025	1.3149790000002213	0.2837407016871161	0.01
-0.7030375	0.03473775000020396	0.2755762557515339	0.00125
-0.7033875	0.5288897499999621	0.2753608608128836	0.00125
-0.7097125	-0.6479322499999398	0.27574305023006124	0.00625
-0.69495	0.6499459999999999	0.27776255751533785	0.0
-0.696175	-0.4856590000003962	0.2812525881901839	0.0
-0.7064249999999999	-0.7130489999999554	0.27238099118098164	0.00625
-0.6956	1.0552739999998266	0.27443745207055215	0.00375
-0.701325	-0.7245589999997719	0.27418884202453975	0.02
-0.7073	0.6422359999996843	0.27566468558282203	0.0025
-0.7033499999999999	-1.217706000000362	0.2842786138803679	0.00375
-0.7025000000000001	1.180749999999989	0.28248571702453973	0.0
-0.7032750000000001	-0.5241610000002765	0.2786025690184048	0.0025
-0.7136875	3.1219937500000015	0.2743411138803682	0.00125
-0.6939249999999999	-0.028549000000111846	0.27507069593558287	0.00625
-0.7149874999999999	-0.4784002500000497	0.2690764474693253	0.00125
-0.7018125	0.9379937500002598	0.2731335793711658	0.00125
-0.70495	-1.4644539999999324	0.26987174079754606	0.0075
-0.7062124999999999	-1.301252249999834	0.27030253067484633	0.0025
-0.70715	0.5267039999998815	0.27340332630368114	0.00375
-0.7106875000000001	1.211493750000045	0.2883225172546011	0.00125
-0.705625	0.28912499999978536	0.2802558473926381	0.0
-0.7047750000000002	-0.15648099999998522	0.26676016104294503	0.0025
-0.7095	0.36984999999958745	0.284390337423313	0.0
-0.6994125	-0.9598022500003935	0.27418337806748494	0.01
-0.6979374999999999	-1.7495562499998414	0.27291200153374234	0.0025
-0.6931499999999999	-1.9073260000000118	0.27701960314417157	0.00625
-0.7013375	-1.2598622499999692	0.27351116756134974	0.00625
-0.7019500000000001	-0.9863340000001699	0.2797292944785277	0.005
-0.7019375000000001	1.6797437499999432	0.2753526648773008	0.0025
-0.6972625000000001	-0.3644902500000171	0.27734600268404874	0.00375
-0.6970375	0.17370774999972127	0.27885549271472404	0.00375
-0.6967750000000001	0.38585899999952744	0.2775414110429446	0.0025
-0.70635	-1.1392659999996795	0.27379874424846656	0.00375
-0.7107125000000001	0.17238775000032547	0.2789946798312879	0.00125
-0.6924125000000001	-0.07336224999971819	0.27908785467791397	0.01875
-0.6977875	0.016167750000022352	0.2779316526073617	0.0125
-0.7012499999999999	-0.27249999999958163	0.284641679447853	0.005
-0.6957625000000001	-0.8579802500003098	0.2698385256901837	0.00125
-0.6973125	-0.802556249999725	0.2835030195552149	0.00125
-0.7103125000000001	-0.047156250000170985	0.2811047737730061	0.0
-0.7058624999999998	-1.3769902499993805	0.2733622028374232	0.00375
-0.6922375000000001	-1.3679102500004774	0.2803934528374232	0.00125
-0.6886125000000001	0.6780197499997485	0.2787132860429446	0.005
-0.711525	2.1019790000000285	0.2770781249999998	0.0025
-0.7114125	0.7641077500002211	0.2728303297546013	0.0
-0.6949999999999998	-0.7727499999996326	0.2760757764570554	0.00125
-0.6980625	-0.7522562499998457	0.28083042561349697	0.0
-0.7058125	-0.8885562500004198	0.2666981882668709	0.00625
-0.701775	0.39920900000015536	0.26919766104294474	0.0
-0.7023125000000001	1.4571937499999876	0.27252823044478536	0.00125
-0.6979625	-0.12139225000009901	0.269866851993865	0.005
-0.70655	0.18660599999975602	0.2764323715490796	0.00125
-0.6991625000000001	0.2718777499994758	0.2755483608128834	0.00375
-0.696175	-1.218909000000167	0.27311589340490816	0.0025
-0.7011875000000001	1.736993750000238	0.2731854869631901	0.0125
-0.6974125	0.6462877499998285	0.2714571510736198	0.0025
-0.7120250000000001	-0.3071110000000772	0.2798233320552148	0.0
-0.7018375000000001	1.9135977499995533	0.2756493002300614	0.00125
-0.6978125	-1.0976562500004547	0.27184135352760747	0.0
-0.6951125	-1.6849702499994237	0.26987864263803707	0.0075
-0.7059	-0.2266959999997198	0.2833437020705524	0.00375
-0.7013375	-0.7628622499996709	0.28058943634969313	0.0
-0.7053125	0.09709375000011278	0.2764385544478526	0.0
-0.7015375000000001	-0.24303225000039674	0.26889513036809787	0.0025
-0.6961625	-0.49731225000004997	0.278153949386503	0.005
-0.6935625000000001	-0.6313062499998523	0.277651696702454	0.00125
-0.7068749999999999	0.19612499999993815	0.27240126533742337	0.0025
-0.7019500000000001	-0.08933400000023539	0.28808397239263783	0.0
-0.7135125	0.09285974999966129	0.28152319785276103	0.0
-0.7070000000000001	-0.7841499999999542	0.27233181556748465	0.00375
-0.70655	0.8213559999999234	0.2741014187116565	0.0
-0.6963874999999999	1.4676197500002672	0.279129553297546	0.00625
-0.7067625	-1.449670249999599	0.2777343750000001	0.0025
-0.7097625000000001	-0.04449025000030815	0.2787636119631903	0.01
-0.6909624999999999	-0.45793225000034	0.27691219325153354	0.01
-0.6975500000000001	-0.17610400000012305	0.26897852760736196	0.0
-0.7077875	-1.7542822499999602	0.27887217216257665	0.00375
-0.6961375000000001	0.043129749999934575	0.2756609470858896	0.0025
-0.7070750000000001	1.4751609999998436	0.28053278374233104	0.0
-0.705325	-0.3176190000003771	0.27868280291411024	0.0
-0.6999	-1.3820160000000214	0.27514474693251545	0.0075
-0.7097	-0.7160439999997834	0.2747940471625766	0.00375
-0.7016	-0.4980959999998049	0.27767340874233104	0.0
-0.6946875000000001	-1.2821562500002983	0.27403613880368094	0.0
-0.6898	-0.33046400000012	0.2728391008435583	0.00875
-0.6955875	0.7490977499996916	0.28212236388036827	0.01125
-0.7059	-0.43494599999939965	0.26257635161042947	0.00125
-0.6987749999999999	-0.4206510000003618	0.27344948236196337	0.0025
-0.6939	-0.4325360000002547	0.2713743289877301	0.005
-0.7073375	0.6143577499997264	0.27958004217791405	0.0
-0.6960875	0.6775077500001316	0.2723388611963191	0.0025
-0.7032500000000002	0.35859999999956926	0.2698806556748465	0.0
-0.6995625000000001	-0.4560562500000742	0.27788664685582803	0.00875
-0.7034875	-1.5167102499995053	0.2816255751533739	0.0
-0.7067749999999999	0.03530899999987014	0.27765572277607353	0.00375
-0.7129375	-0.6200562499998341	0.27640361388036816	0.00125
-0.7056625000000001	0.24769774999958827	0.28084566717791415	0.0025
-0.7003125000000001	-0.4116562500003056	0.27393922546012256	0.005
-0.7007375	-0.6358702500001527	0.2691943539110433	0.00125
-0.7003625	-0.1279602499998873	0.28714028949386505	0.00125
-0.7171625000000001	0.539217749999807	0.27270552147239274	0.0
-0.7013624999999999	-0.3592202499994528	0.27512073427914113	0.00875
-0.6996375000000001	0.2002897499996834	0.28590601035276075	0.00625
-0.7055374999999999	1.008437750000212	0.27909087423312884	0.0025
-0.6905749999999999	0.4021210000000792	0.2751467599693251	0.0
-0.7081	1.8490240000000995	0.2748790260736197	0.0
-0.701525	2.507028999999875	0.28155655674846625	0.0175
-0.701775	-0.9030409999995754	0.2745408358895701	0.0
-0.7010749999999999	-0.5995989999996709	0.28302966832822063	0.00375
-0.7117875	-1.2623122499999226	0.28041732170245426	0.00375
-0.6985874999999999	0.11055774999977075	0.2774027990797544	0.0
-0.6985125000000001	0.18720974999996542	0.2766178585122698	0.01125
-0.6998250000000001	-2.1425490000001446	0.2689230253067484	0.0
-0.7047375	1.0508397499997955	0.27970298121165627	0.00125
-0.7079625	1.146307749999778	0.2830004792944785	0.005
-0.69635	0.4229339999997137	0.26972061924846646	0.00625
-0.6943125000000001	-1.0195062500001768	0.26889009777607337	0.00125
-0.7081875	0.49624374999984866	0.28087931365030705	0.005
-0.7123250000000001	-0.6857990000003156	0.2722205233895707	0.01625
-0.707525	0.5258989999997539	0.2804210601993863	0.00375
-0.701875	1.073874999999589	0.2820046012269936	0.0
-0.6964250000000001	0.08355100000017046	0.2807619823619631	0.005
-0.6974750000000001	1.4382989999999154	0.27988861196319026	0.0
-0.7122875	-0.42907224999999016	0.27662835506134986	0.0
-0.7010375	-0.7544722499997079	0.27865418903374206	0.00125
-0.691225	0.3392989999997553	0.2764977952453991	0.0
-0.709975	0.6185490000002574	0.2801467120398775	0.00875
-0.70665	0.036493999999947846	0.2641423504601228	0.0
-0.6935375000000001	-0.8680722500002958	0.2764152607361964	0.005
-0.7030875000000001	-1.1615022500000123	0.2805910180214722	0.00375
-0.7131624999999999	1.3715477500004454	0.27757419478527623	0.0
-0.7065375	0.3813677500002086	0.2698125	0.0025
-0.7082000000000002	1.8079159999992953	0.2796932036042947	0.00125
-0.7089000000000001	-0.0197360000001936	0.2762835506134971	0.0025
-0.7037875	-0.3972022499997365	0.2709354869631901	0.0025
-0.7034499999999999	0.17995599999994738	0.2792227281441718	0.00625
-0.7006375	-1.2231502500003444	0.27878935007668737	0.00125
-0.7005874999999999	1.2741977500004396	0.27155967216257654	0.00625
-0.692925	-0.4930890000000545	0.28286330521472386	0.0
-0.6959875	-0.1822602500001267	0.28597689800613507	0.0025
-0.7036	-1.4937359999994442	0.28059015529141085	0.00125
-0.6993750000000001	-0.41912500000034925	0.2738755272239259	0.01125
