-0.25959999999999994	0.08415600000000056	0.08985546875000001	0.07243055555555555
-0.281875	0.12159374999999972	0.08793359375000001	0.0807638888888889
-0.22202500000000003	0.15107975000000007	0.08659765625000002	0.0757638888888889
-0.2602749999999999	0.14933974999999977	0.09452343750000006	0.08041666666666666
-0.24182499999999996	0.0774477499999997	0.09092187499999999	0.08951388888888889
-0.2195499999999999	0.09619900000000037	0.09107421875	0.0757638888888889
-0.2316999999999999	0.14662400000000053	0.08915624999999999	0.08534722222222223
-0.231475	0.11549975000000012	0.08944140625	0.075625
-0.22877499999999995	0.048719750000000506	0.08943359375000001	0.075625
-0.20379999999999998	0.07765399999999989	0.09311328125000007	0.0807638888888889
-0.195025	0.12526975000000018	0.08212109374999998	0.07833333333333332
-0.21504999999999996	0.15082899999999988	0.08087109374999998	0.07555555555555557
-0.25712500000000005	0.1166937499999996	0.09928906249999998	0.06930555555555556
-0.25149999999999995	0.18659999999999988	0.08778515625000002	0.0757638888888889
-0.2683749999999999	0.1389437499999997	0.09831640625000004	0.08083333333333333
-0.21527499999999988	0.09798975000000043	0.08394531249999997	0.07854166666666668
-0.22899999999999998	0.1128499999999999	0.08624609375000007	0.07673611111111112
-0.2242749999999999	0.1665097499999999	0.09906249999999997	0.07666666666666667
-0.25059999999999993	0.1715260000000005	0.09133203125000003	0.07965277777777778
-0.25059999999999993	0.12777600000000033	0.08530859375000001	0.08895833333333333
-0.24317499999999992	0.18454775000000012	0.09169140625000007	0.07284722222222222
-0.22540000000000004	0.14470599999999978	0.08248437499999997	0.083125
-0.2649999999999999	0.2087500000000002	0.08803515625	0.08118055555555556
-0.20424999999999993	0.16477500000000056	0.08948828125	0.084375
-0.21144999999999992	0.09043900000000038	0.09529687499999998	0.084375
-0.24834999999999996	0.15618099999999968	0.09434375000000003	0.08090277777777778
-0.19952499999999995	0.18852975000000027	0.09605468750000001	0.09465277777777778
-0.22292500000000004	0.1599077499999999	0.08377343750000008	0.0957638888888889
-0.198175	0.08109774999999964	0.08460937499999997	0.09194444444444445
-0.2332749999999999	0.16172975000000056	0.09766015624999999	0.08333333333333333
-0.21392500000000003	0.09051775000000006	0.08459374999999998	0.08784722222222222
-0.20199999999999996	0.08189999999999964	0.08855859374999998	0.08826388888888889
-0.236425	0.12861774999999964	0.09459374999999999	0.07305555555555557
-0.23529999999999995	0.10004400000000047	0.09257421874999996	0.07666666666666667
-0.24565000000000003	0.07910099999999964	0.09290234374999998	0.07500000000000001
-0.219325	0.13829775	0.09536328124999996	0.07875
-0.249475	0.15385975000000007	0.09694140625	0.08013888888888888
-0.2308	0.07737399999999983	0.0852578125	0.08215277777777778
-0.19884999999999997	0.12694100000000041	0.08563671874999997	0.08388888888888889
-0.280975	0.16453974999999987	0.09639453125000003	0.07625000000000001
-0.244525	0.15187974999999954	0.09085937499999999	0.07791666666666668
-0.220225	0.11039975000000002	0.08958593749999996	0.08354166666666668
-0.249475	0.05085974999999987	0.09341406250000003	0.06944444444444445
-0.22562499999999996	0.14009374999999968	0.08046484375000003	0.07194444444444445
-0.22494999999999998	0.11992899999999995	0.10486718750000001	0.07361111111111111
-0.2730999999999999	0.16672600000000015	0.08811328125000001	0.07840277777777778
-0.24362499999999998	0.12274374999999971	0.08466796874999999	0.08701388888888889
-0.20650000000000002	0.11434999999999995	0.08739453125000005	0.083125
-0.227425	0.1409277499999999	0.09138281250000002	0.07958333333333333
-0.24587499999999995	0.17594375000000007	0.09022265624999999	0.0786111111111111
-0.26544999999999996	0.14684899999999956	0.09194140625000001	0.07548611111111111
-0.19479999999999997	0.1378140000000001	0.09021875000000003	0.07618055555555556
-0.23777499999999996	0.15678975000000017	0.0924765625	0.07659722222222222
-0.22067499999999995	0.14969775000000052	0.08301562500000002	0.08416666666666667
-0.21302500000000002	0.1768597500000002	0.09697656250000007	0.09111111111111111
-0.25644999999999996	0.14573899999999984	0.09881249999999997	0.07458333333333333
-0.20875	0.1368750000000003	0.097875	0.07250000000000001
-0.24407499999999993	0.12618775000000015	0.09625000000000002	0.08173611111111112
-0.24654999999999994	0.15246899999999997	0.10140234375000003	0.07548611111111111
-0.19974999999999998	0.2014750000000003	0.08396484375000003	0.07847222222222222
-0.21662499999999996	0.14319375	0.09210156249999996	0.08069444444444444
-0.23124999999999996	0.08912500000000012	0.09071874999999999	0.07500000000000001
-0.23844999999999994	0.14561899999999994	0.09301562499999999	0.07993055555555556
-0.21550000000000002	0.08414999999999973	0.08869531250000001	0.07743055555555556
-0.22787499999999994	0.11044374999999995	0.08792187499999998	0.07506944444444444
-0.2218	0.15018399999999987	0.0965703125	0.081875
-0.20875	0.09887500000000049	0.09168359375000001	0.085625
-0.23867499999999997	0.1412277500000001	0.08543750000000003	0.07979166666666668
-0.22494999999999998	0.13217900000000027	0.08791796874999999	0.0751388888888889
-0.220225	0.1213997499999997	0.08726171875000005	0.07909722222222222
-0.24114999999999998	0.0931409999999997	0.07628906250000003	0.08319444444444445
-0.19794999999999996	0.14564900000000014	0.08535937500000004	0.08750000000000001
-0.21752499999999997	0.1690697499999998	0.1003398437499999	0.07409722222222222
-0.23912500000000003	0.11794374999999979	0.09178906249999999	0.08631944444444445
-0.2161749999999999	0.08087775000000041	0.08483203125000002	0.08416666666666667
-0.22067499999999995	0.15644775000000033	0.09053906250000002	0.07895833333333334
-0.23709999999999998	0.15395600000000043	0.09005078125	0.08236111111111111
-0.22607499999999991	0.1328677500000004	0.08388671874999991	0.07534722222222222
-0.22134999999999994	0.1268910000000001	0.08759375	0.07444444444444445
-0.24677499999999997	0.13705975000000015	0.09993359375000002	0.07569444444444445
-0.241375	0.21599374999999998	0.08726953125	0.08527777777777779
-0.18377500000000002	0.10786974999999988	0.08832421875000002	0.08013888888888888
-0.21077499999999993	0.10617975000000035	0.08163281250000001	0.07034722222222221
-0.22607499999999991	0.10836775000000021	0.08608593749999999	0.07777777777777779
-0.19682499999999992	0.0728977500000001	0.07948437500000001	0.07055555555555557
-0.2341749999999999	0.10045775000000035	0.08809765624999999	0.06784722222222223
-0.25329999999999997	0.1154740000000003	0.08815624999999996	0.07388888888888889
-0.2332749999999999	0.09522975000000056	0.0929453125	0.07125000000000001
-0.1943499999999999	0.06340100000000026	0.08910546874999997	0.070625
-0.204025	0.11058974999999993	0.09037890625000003	0.07854166666666668
-0.20987499999999992	0.14824375000000023	0.08487499999999999	0.07875
-0.19974999999999998	0.14097500000000052	0.09847265625000004	0.08166666666666667
-0.257575	0.16382774999999983	0.09318359374999995	0.07979166666666668
-0.24069999999999991	0.10543400000000025	0.09678125000000004	0.08347222222222223
-0.22652499999999998	0.13588975000000003	0.09086328125000002	0.07215277777777777
-0.25239999999999996	0.18791600000000042	0.09831640625000004	0.07527777777777779
-0.28254999999999997	0.17187899999999967	0.0971171875	0.0820138888888889
-0.249475	0.12760974999999997	0.09544531249999996	0.08104166666666668
-0.22720000000000007	0.0980439999999998	0.09603125000000001	0.07875
-0.23282499999999995	0.1424877499999999	0.09013671875000001	0.07527777777777779
-0.22360000000000002	0.1328359999999993	0.09408984375000004	0.07493055555555556
-0.2242749999999999	0.11675974999999994	0.0878671875	0.07381944444444444
-0.22607499999999991	0.1526177500000001	0.09854296875000003	0.08527777777777779
-0.23822500000000002	0.12875974999999995	0.08551562500000003	0.08048611111111112
-0.2487999999999999	0.16260400000000041	0.08446875000000001	0.08291666666666667
-0.2341749999999999	0.17070775000000005	0.08524999999999999	0.08041666666666666
-0.229225	0.06497974999999956	0.08917578124999997	0.07583333333333334
-0.21009999999999995	0.18641599999999992	0.08839843749999998	0.0757638888888889
-0.20447499999999996	0.1259597500000007	0.08571484374999996	0.08423611111111112
-0.23912500000000003	0.1804437499999998	0.08162109375	0.0786111111111111
-0.24407499999999993	0.15468775000000035	0.09729687499999998	0.07736111111111112
-0.25082499999999996	0.2021077499999997	0.09374218750000005	0.08423611111111112
-0.256675	0.14505775000000032	0.09669531250000002	0.07645833333333334
-0.22360000000000002	0.15608599999999928	0.09205078125000003	0.07881944444444444
-0.26297499999999996	0.17302974999999998	0.08841796874999996	0.07916666666666666
-0.2542	0.14602400000000015	0.09591015625000002	0.0757638888888889
-0.199075	0.08638774999999965	0.08641406250000001	0.08145833333333334
-0.220225	0.11014974999999971	0.09468359374999996	0.07736111111111112
-0.24902500000000005	0.21543974999999937	0.09276953125000004	0.08194444444444444
-0.2316999999999999	0.12562400000000062	0.09799999999999995	0.07180555555555557
-0.27197499999999997	0.11880975000000005	0.09229687499999997	0.078125
-0.20875	0.03087500000000043	0.082734375	0.08361111111111111
-0.21865	0.12184099999999987	0.08946093749999999	0.07715277777777778
-0.23912500000000003	0.1116937499999997	0.08761328124999997	0.08041666666666666
-0.25015	0.1898609999999996	0.09255859374999995	0.07708333333333334
-0.22157499999999997	0.05653774999999994	0.09024609375000003	0.08166666666666667
-0.2299	0.0993659999999994	0.09409375000000003	0.07590277777777778
-0.20920000000000005	0.12847399999999976	0.08956249999999999	0.0845138888888889
-0.21730000000000005	0.10391399999999962	0.09105078125	0.0763888888888889
-0.16802499999999998	0.11750975000000041	0.08327734374999998	0.07972222222222222
-0.23349999999999993	0.12710000000000043	0.09110937499999999	0.07881944444444444
-0.2218	0.22668399999999966	0.08778515624999994	0.07888888888888888
-0.228325	0.11720774999999994	0.08337109374999999	0.08263888888888889
-0.23507499999999992	0.16317775	0.08828515625000004	0.09020833333333333
-0.281875	0.12709374999999978	0.08776953125000006	0.07784722222222222
-0.25622500000000004	0.15641974999999952	0.08974218750000006	0.07944444444444444
-0.255325	0.08838774999999988	0.09033593749999998	0.0763888888888889
-0.19479999999999997	0.10581400000000007	0.08874218749999997	0.07583333333333334
-0.20740000000000003	0.03281599999999951	0.08964843750000001	0.07680555555555557
-0.20784999999999998	0.07742100000000018	0.0818984375	0.08159722222222222
-0.20694999999999997	0.16445900000000035	0.08960156249999998	0.07958333333333333
-0.23372499999999996	0.1632197500000001	0.10183593750000006	0.08083333333333333
-0.22067499999999995	0.1439477500000006	0.08598437499999996	0.08159722222222222
-0.21842499999999998	0.11443774999999956	0.08603515625000001	0.0763888888888889
-0.23102500000000004	0.14199974999999965	0.08269921875000004	0.07270833333333333
-0.2089749999999999	0.08704975000000026	0.08703124999999998	0.08527777777777779
-0.26544999999999996	0.0800989999999997	0.10099609375000004	0.07895833333333334
-0.23799999999999988	0.1696500000000003	0.08856640624999997	0.08006944444444444
-0.23034999999999994	0.14412100000000017	0.08634375000000001	0.08118055555555556
-0.2105499999999999	0.13800899999999983	0.08546484375000002	0.07902777777777778
-0.22360000000000002	0.04533599999999938	0.09081250000000002	0.08756944444444444
-0.23529999999999995	0.09154400000000029	0.09400781249999998	0.08333333333333333
-0.21887499999999993	0.14299375000000003	0.09796093750000003	0.08118055555555556
-0.17657500000000004	0.17548774999999983	0.09344140625000001	0.08041666666666666
-0.2195499999999999	0.10744900000000035	0.08840624999999999	0.07354166666666667
-0.258475	0.14258974999999996	0.08899218750000001	0.07923611111111112
-0.25959999999999994	0.09990600000000027	0.08935546875000004	0.08951388888888889
-0.20065	0.1275010000000001	0.08768359375000001	0.08083333333333333
-0.24475000000000002	0.09822499999999978	0.09453906250000008	0.07423611111111111
-0.25892499999999996	0.14471774999999942	0.09861328125000003	0.07708333333333334
-0.23282499999999995	0.14798774999999997	0.09557031250000002	0.08180555555555555
-0.21414999999999995	0.14843100000000042	0.08998046875000001	0.07479166666666667
-0.22720000000000007	0.057543999999999595	0.10323437499999996	0.07284722222222222
-0.24002500000000004	0.15186974999999947	0.08567968749999996	0.07666666666666667
-0.244525	0.1343797499999999	0.09431249999999997	0.0807638888888889
-0.23372499999999996	0.1462197500000002	0.09002734374999997	0.08125
-0.24024999999999996	0.20597499999999958	0.098890625	0.08145833333333334
-0.19299999999999995	0.18489999999999984	0.08871484375000002	0.08916666666666667
-0.2161749999999999	0.2201277500000005	0.09460156249999999	0.08222222222222222
-0.276475	0.15839974999999962	0.08713671875000001	0.08006944444444444
-0.18647500000000006	0.09709974999999993	0.08245312499999997	0.07076388888888889
-0.20650000000000002	0.06684999999999963	0.09063281250000003	0.07868055555555556
-0.21189999999999998	0.1435259999999996	0.08977343749999996	0.0776388888888889
-0.21977499999999994	0.14659975000000003	0.09132812499999998	0.07736111111111112
-0.26095	0.14726899999999965	0.09717968749999999	0.06826388888888889
-0.20942499999999997	0.0861477500000003	0.09321874999999999	0.07888888888888888
-0.20650000000000002	0.10334999999999983	0.08616406249999997	0.08048611111111112
-0.24092500000000006	0.19328774999999965	0.08689062500000005	0.07993055555555556
-0.23665000000000003	0.12523099999999987	0.09415234374999998	0.08055555555555555
-0.22675	0.10802500000000004	0.0878046875000001	0.084375
-0.2218	0.2291839999999996	0.08777734374999997	0.08423611111111112
-0.232375	0.06124375000000004	0.09085546875	0.08708333333333333
-0.22540000000000004	0.13370599999999966	0.09328515625000001	0.09034722222222222
-0.2739999999999999	0.1926000000000001	0.09327343749999993	0.07611111111111112
-0.22472499999999995	0.015539749999999852	0.08867187500000001	0.07569444444444445
-0.24069999999999991	0.15193400000000024	0.08881249999999997	0.07305555555555557
-0.22112500000000002	0.13074375000000016	0.08394531250000001	0.07395833333333333
-0.257575	0.19257774999999988	0.09678906250000008	0.06770833333333333
-0.21167499999999995	0.22635775000000047	0.07844140624999997	0.08673611111111112
-0.21820000000000006	0.09378399999999987	0.08613281249999999	0.07840277777777778
-0.22809999999999997	0.1765759999999994	0.0888203125	0.07645833333333334
-0.22382499999999994	0.10572774999999979	0.09753125	0.07756944444444444
-0.25734999999999997	0.13951099999999972	0.09140625	0.07118055555555555
-0.23552499999999998	0.1574097499999998	0.09353906249999995	0.081875
-0.24002500000000004	0.15136974999999975	0.08824218750000001	0.0782638888888889
-0.24497499999999994	0.11931974999999984	0.08861328124999995	0.07652777777777779
-0.24295	0.1396989999999998	0.088359375	0.07548611111111111
-0.24385	0.10209099999999971	0.09129687499999999	0.07166666666666667
-0.26792499999999997	0.17685775000000037	0.09531249999999997	0.08416666666666667
-0.20334999999999992	0.16503099999999993	0.083484375	0.08270833333333334
-0.23395	0.117089	0.09126953124999998	0.07854166666666668
-0.24114999999999998	0.23214099999999993	0.08448046874999998	0.075625
-0.20492500000000002	0.08707774999999973	0.08685546875000001	0.081875
-0.18264999999999998	0.13671100000000047	0.09430078125	0.09229166666666667
-0.22314999999999996	0.14830100000000002	0.09164062500000002	0.08006944444444444
-0.21347499999999997	0.14293975000000048	0.09991015625000003	0.08625000000000001
-0.22224999999999995	0.12922499999999992	0.09839062499999998	0.07854166666666668
-0.24654999999999994	0.17746899999999988	0.10042578124999998	0.075625
-0.21977499999999994	0.11259975000000022	0.09697656250000003	0.08694444444444445
-0.30684999999999996	0.12740099999999988	0.09332421875	0.0825
-0.18332499999999996	0.13440775000000027	0.07810937499999998	0.07750000000000001
-0.18647500000000006	0.08784974999999973	0.08466796874999999	0.07500000000000001
-0.20199999999999996	0.13539999999999974	0.09061328125000001	0.0820138888888889
-0.219325	0.21029775000000006	0.08537109375000002	0.07368055555555555
-0.22382499999999994	0.15547774999999975	0.0878125	0.08354166666666668
-0.227425	0.14942774999999964	0.09975390625000005	0.07847222222222222
-0.232375	0.1202437500000002	0.09066015624999998	0.0798611111111111
-0.1788249999999999	0.10767775000000013	0.08849609375000005	0.07993055555555556
-0.25307499999999994	0.1886477499999999	0.09474218749999999	0.07048611111111111
-0.24317499999999992	0.19779774999999988	0.08803515625	0.07784722222222222
-0.2512749999999999	0.23476975000000033	0.09281249999999996	0.07625000000000001
-0.20357499999999995	0.13421775000000036	0.08668359374999997	0.085
-0.25982499999999986	0.11521775000000023	0.09646874999999999	0.07263888888888889
-0.21662499999999996	0.09344375000000005	0.09156640624999998	0.08833333333333333
-0.2137	0.14385400000000015	0.08523828125000003	0.08548611111111112
-0.229225	0.03772974999999956	0.088546875	0.08013888888888888
-0.219325	0.12554774999999996	0.09056249999999999	0.07756944444444444
-0.21730000000000005	0.1474139999999995	0.08612890624999994	0.07854166666666668
-0.2056	0.05362599999999995	0.08593359375000001	0.08777777777777779
-0.22697499999999993	0.0964097500000003	0.08694921875000002	0.0798611111111111
-0.23282499999999995	0.09323775000000012	0.08226171874999996	0.06972222222222223
-0.21887499999999993	0.13499375000000002	0.09398437499999998	0.0757638888888889
-0.21482499999999993	0.1656677499999999	0.09441015624999997	0.08027777777777778
-0.25712500000000005	0.16794374999999961	0.09767968750000003	0.07555555555555557
-0.22675	0.09777499999999995	0.09761718750000001	0.07930555555555555
-0.24609999999999999	0.07928600000000019	0.10109765625000003	0.0820138888888889
-0.25825	0.10677499999999984	0.09981640625	0.07694444444444445
-0.22607499999999991	0.13411775000000015	0.09666015625000005	0.08166666666666667
-0.23619999999999997	0.12550400000000028	0.07985156250000004	0.08458333333333333
-0.2341749999999999	0.18570775000000017	0.09643359374999995	0.07673611111111112
-0.276925	0.16019775000000003	0.09614843750000002	0.07256944444444444
-0.2251749999999999	0.13706774999999993	0.08617578124999997	0.08493055555555556
-0.21032499999999998	0.08983775000000005	0.08164062500000001	0.07256944444444444
-0.24362499999999998	0.12599374999999968	0.09780468749999999	0.0845138888888889
-0.231475	0.11924975000000027	0.09443359374999999	0.08097222222222222
-0.26185	0.19250100000000003	0.08514453125000004	0.06819444444444445
-0.21189999999999998	0.0760259999999997	0.08748437499999995	0.080625
-0.22540000000000004	0.18470599999999937	0.08953124999999995	0.0811111111111111
-0.22540000000000004	0.14270599999999956	0.08985156249999998	0.07909722222222222
-0.18827499999999997	0.09712974999999968	0.09796484374999997	0.08375
-0.20042499999999996	0.11255775000000012	0.08683203125000002	0.08506944444444445
-0.18894999999999995	0.14878900000000028	0.09340624999999998	0.08402777777777778
-0.26364999999999994	0.14819099999999974	0.09606640625	0.07444444444444445
-0.21887499999999993	0.13899375000000003	0.09716015625000002	0.08416666666666667
-0.22630000000000006	0.07950399999999958	0.08834765624999998	0.07736111111111112
-0.20852499999999996	0.13719975000000018	0.09510546875	0.08361111111111111
-0.2397999999999999	0.1530140000000002	0.08188281249999996	0.075625
-0.2388999999999999	0.11033600000000021	0.09064843750000001	0.07291666666666667
-0.23192500000000005	0.11874774999999982	0.09051953124999998	0.074375
-0.19794999999999996	0.10339900000000002	0.09771484374999993	0.07430555555555557
-0.20267500000000005	0.15696774999999974	0.09665625000000003	0.07944444444444444
-0.25554999999999994	0.11145899999999997	0.09395312500000003	0.08138888888888889
-0.186025	0.1478997500000001	0.07269140624999998	0.08381944444444445
-0.24407499999999993	0.13868775000000033	0.08957031250000008	0.07791666666666668
-0.25059999999999993	0.08502600000000049	0.09438671874999999	0.07909722222222222
-0.2593749999999999	0.05109375000000016	0.08707421874999997	0.06298611111111112
-0.21032499999999998	0.13633775000000004	0.081953125	0.08333333333333333
-0.22202500000000003	0.13182975000000008	0.09575390624999996	0.07875
-0.2706249999999999	0.16434375000000045	0.10594140624999995	0.08354166666666668
-0.23912500000000003	0.1401937499999999	0.09236328124999996	0.07798611111111112
-0.23439999999999994	0.20432600000000045	0.08699218749999997	0.085625
-0.21572499999999994	0.12730975000000022	0.08769921875000002	0.08069444444444444
-0.232375	0.0639937500000003	0.08802734374999999	0.07597222222222223
-0.24385	0.08559099999999997	0.0928828125	0.07402777777777779
-0.19232499999999997	0.06951775000000016	0.09634765624999997	0.08319444444444445
-0.22360000000000002	0.13908599999999938	0.0913046875	0.08118055555555556
-0.23282499999999995	0.11923774999999992	0.08823437499999998	0.08395833333333334
-0.22112500000000002	0.12874374999999993	0.0906132812500001	0.07472222222222223
-0.23529999999999995	0.0682940000000003	0.08454296874999997	0.08333333333333333
-0.22494999999999998	0.13417900000000005	0.09219531250000002	0.08555555555555555
-0.24295	0.12719900000000006	0.09889843750000005	0.08243055555555556
-0.23709999999999998	0.09270600000000018	0.09383984375000001	0.07354166666666667
-0.23665000000000003	0.1262310000000002	0.09497265625000001	0.07875
-0.2559999999999999	0.14659999999999984	0.09574999999999999	0.07694444444444445
-0.23552499999999998	0.13790974999999994	0.07841015624999996	0.08659722222222223
-0.272875	0.20894374999999954	0.097265625	0.08118055555555556
-0.241375	0.1314937500000002	0.09237499999999998	0.08902777777777779
-0.2316999999999999	0.14787400000000028	0.0909453125	0.08597222222222223
-0.23462499999999997	0.14869374999999962	0.09475781249999995	0.07916666666666666
-0.2487999999999999	0.12485400000000046	0.08438281249999999	0.08145833333333334
-0.21752499999999997	0.27556974999999984	0.08607421875000003	0.08430555555555555
-0.24812500000000004	0.1703437499999998	0.09689843749999998	0.08736111111111111
-0.19884999999999997	0.2034410000000002	0.09010937499999999	0.08416666666666667
-0.20604999999999996	0.1372390000000001	0.10111328125000005	0.08152777777777778
-0.21144999999999992	0.143189	0.08623046875000002	0.08013888888888888
-0.24182499999999996	0.16944774999999979	0.09339843750000001	0.07555555555555557
-0.21167499999999995	0.06610775000000046	0.08786718749999999	0.08729166666666667
-0.22089999999999999	0.08284599999999953	0.09391796875	0.0786111111111111
-0.23552499999999998	0.12690974999999982	0.09723437499999998	0.075625
-0.22247499999999998	0.13386975000000012	0.09297656250000001	0.08506944444444445
-0.23552499999999998	0.18815974999999963	0.09565234374999998	0.085
-0.22360000000000002	0.14433599999999958	0.09633593749999997	0.08958333333333333
-0.22787499999999994	0.14719375	0.08937890624999997	0.07298611111111111
-0.28884999999999994	0.197241	0.09844531249999999	0.07902777777777778
-0.16757500000000003	0.1217277499999998	0.09212500000000004	0.09180555555555557
-0.23057499999999997	0.11074775000000026	0.09094140625	0.0782638888888889
-0.21414999999999995	0.13993100000000025	0.09099218749999996	0.07284722222222222
-0.244525	0.15537974999999982	0.08993749999999999	0.074375
-0.23709999999999998	0.1337060000000001	0.09157031249999999	0.08298611111111112
-0.27512499999999995	0.19424375000000005	0.09784375000000003	0.07381944444444444
-0.19479999999999997	0.18356400000000006	0.08224999999999999	0.08784722222222222
-0.2649999999999999	0.137	0.09967578125000007	0.08527777777777779
-0.203125	0.11534375000000008	0.10126562499999998	0.07479166666666667
-0.23619999999999997	0.15900400000000037	0.09612109374999997	0.08097222222222222
-0.24159999999999993	0.1395960000000005	0.09389843749999999	0.07729166666666668
-0.20379999999999998	0.06365399999999966	0.08529687500000001	0.08645833333333335
-0.19232499999999997	0.1295177500000002	0.09145312500000001	0.08826388888888889
-0.22765000000000002	0.0825610000000001	0.09463671875000002	0.07833333333333332
-0.249475	0.14185975000000006	0.10070312500000005	0.07465277777777778
-0.23529999999999995	0.11829400000000057	0.08948828125	0.086875
-0.2487999999999999	0.22660400000000047	0.09557812499999996	0.08284722222222222
-0.24475000000000002	0.12672499999999998	0.09763671874999999	0.08652777777777779
-0.22607499999999991	0.1003677500000002	0.09256640624999998	0.080625
-0.2812	0.13155399999999995	0.09387500000000004	0.07041666666666667
-0.23485	0.09881099999999998	0.08373046875000002	0.07777777777777779
-0.2242749999999999	0.14775975000000008	0.08596093749999997	0.08333333333333333
-0.20784999999999998	0.09917100000000056	0.08348828125000005	0.08027777777777778
-0.254425	0.14484774999999983	0.08517187500000002	0.08777777777777779
-0.21662499999999996	0.07419375000000006	0.08748046875	0.07027777777777779
-0.23709999999999998	0.22845600000000044	0.08897265625	0.08847222222222223
-0.24654999999999994	0.15871900000000005	0.08226953124999994	0.07333333333333333
-0.19524999999999992	0.09322499999999989	0.08878124999999998	0.080625
-0.22697499999999993	0.11565975000000028	0.08750390625000005	0.08805555555555557
-0.21842499999999998	0.13043774999999957	0.09500781249999998	0.0820138888888889
-0.2625249999999999	0.2159197500000003	0.0968359375	0.07784722222222222
-0.2625249999999999	0.17941975000000054	0.09383984374999994	0.08222222222222222
-0.22292500000000004	0.10065774999999988	0.08993749999999995	0.08479166666666668
-0.22854999999999992	0.10508899999999999	0.08823437499999995	0.08034722222222222
-0.28637499999999994	0.15049374999999987	0.09154687500000004	0.07777777777777779
-0.23597499999999993	0.15138975000000032	0.09184374999999996	0.07833333333333332
-0.21887499999999993	0.15999374999999993	0.08565624999999998	0.0776388888888889
-0.23012500000000002	0.08299374999999998	0.09390624999999998	0.0820138888888889
-0.25554999999999994	0.16195899999999996	0.10096093750000001	0.07875
-0.2704	0.1518060000000001	0.10051562500000003	0.0795138888888889
-0.27805	0.2428089999999994	0.09848437499999999	0.07645833333333334
-0.23597499999999993	0.12588975000000024	0.08376562499999995	0.08131944444444444
-0.2299	0.09811599999999965	0.10287109375	0.0757638888888889
-0.24519999999999997	0.1894140000000002	0.08593749999999999	0.08118055555555556
-0.25464999999999993	0.17067100000000002	0.10376562500000003	0.07715277777777778
-0.25712500000000005	0.11769374999999949	0.09041015625	0.07416666666666667
-0.21437499999999998	0.13809375000000035	0.09457031250000003	0.0811111111111111
-0.22720000000000007	0.08454399999999973	0.09162499999999996	0.0807638888888889
-0.25554999999999994	0.15920900000000016	0.09550390624999999	0.07652777777777779
-0.22247499999999998	0.11611975000000019	0.09489843749999999	0.07458333333333333
-0.21504999999999996	0.09257899999999974	0.09065234375000006	0.08319444444444445
-0.202225	0.13008975000000023	0.09744921875000004	0.07548611111111111
-0.21775	0.1862250000000003	0.08759765625000002	0.08402777777777778
-0.241375	0.12274375000000015	0.09901953125000007	0.0825
-0.2521749999999999	0.11008774999999993	0.09558984374999993	0.07923611111111112
-0.2128	0.14294399999999996	0.0777578125	0.08458333333333333
-0.26725	0.12172499999999964	0.09748828125	0.07298611111111111
-0.21999999999999997	0.14149999999999974	0.08455468749999992	0.08347222222222223
-0.25622500000000004	0.12491974999999966	0.09072265624999998	0.08027777777777778
-0.22292500000000004	0.14440775000000006	0.09405859375	0.0770138888888889
-0.22067499999999995	0.1326977500000006	0.0863984375	0.08215277777777778
-0.21324999999999994	0.12727500000000047	0.09206640625	0.08423611111111112
-0.22404999999999997	0.15211900000000034	0.08565625	0.08402777777777778
-0.24969999999999992	0.10644400000000065	0.09173046875000002	0.07277777777777779
-0.2706249999999999	0.1288437500000006	0.09019140625000002	0.07347222222222223
-0.22247499999999998	0.1531197500000001	0.08372265624999996	0.07631944444444444
-0.23575000000000002	0.1942750000000002	0.09246093749999995	0.07777777777777779
-0.20065	0.20800100000000032	0.09066796875	0.08298611111111112
-0.255775	0.1837797499999998	0.09291406250000005	0.08548611111111112
-0.255775	0.13077974999999986	0.10571875000000001	0.07895833333333334
-0.19547500000000007	0.13167974999999954	0.08658984374999999	0.08013888888888888
-0.25195	0.11900900000000014	0.10269531250000002	0.06951388888888889
-0.23124999999999996	0.16712499999999997	0.08670703124999996	0.080625
-0.25105	0.1766890000000001	0.09888671874999996	0.08298611111111112
-0.22787499999999994	0.06494374999999986	0.08857421874999998	0.07819444444444444
-0.23799999999999988	0.10040000000000049	0.09351953124999995	0.07145833333333333
-0.22765000000000002	0.05706100000000003	0.08792578125000006	0.08798611111111111
-0.18804999999999994	0.07715900000000042	0.08144531250000005	0.07416666666666667
-0.26995	0.13297899999999974	0.09627734375000001	0.07993055555555556
-0.20177500000000004	0.12195974999999937	0.08312499999999996	0.08333333333333333
-0.251725	0.2009297499999998	0.103515625	0.06930555555555556
-0.19389999999999996	0.16798599999999997	0.09405859375	0.08868055555555555
-0.20199999999999996	0.15214999999999979	0.08951562499999995	0.08479166666666668
-0.21752499999999997	0.12131974999999962	0.09158203124999999	0.08375
-0.2643249999999999	0.05259775000000033	0.09279687499999996	0.07881944444444444
-0.23507499999999992	0.14467775000000005	0.09057031250000004	0.07604166666666667
-0.24812500000000004	0.21109374999999986	0.08632031250000005	0.07715277777777778
-0.25712500000000005	0.06869374999999955	0.09088281250000002	0.07347222222222223
-0.2308	0.12912399999999957	0.08609374999999994	0.08090277777777778
-0.20447499999999996	0.1572097500000007	0.08861328124999998	0.07770833333333334
-0.24475000000000002	0.14247499999999969	0.09623437500000004	0.08180555555555555
-0.22089999999999999	0.15559599999999962	0.09378906249999999	0.0845138888888889
-0.24362499999999998	0.12724374999999988	0.09668750000000004	0.083125
-0.25015	0.16536099999999987	0.07603906249999999	0.07729166666666668
-0.25015	0.11311099999999952	0.10096484374999991	0.09118055555555556
-0.23867499999999997	0.16122775000000011	0.09374609375000005	0.07506944444444444
-0.223375	0.09819375000000008	0.09564062500000002	0.07722222222222223
-0.21099999999999997	0.11309999999999976	0.09951953124999999	0.07479166666666667
-0.2024499999999999	0.16577900000000012	0.08872265624999996	0.08458333333333333
-0.26095	0.15401899999999946	0.09428906249999996	0.08236111111111111
-0.23687499999999995	0.14959374999999975	0.09625390625	0.07423611111111111
-0.24429999999999996	0.10778400000000055	0.08972656250000001	0.07604166666666667
-0.23844999999999994	0.13636900000000018	0.09696484374999997	0.079375
-0.2146	0.11600599999999961	0.08876171875	0.08125
-0.23799999999999988	0.1486500000000004	0.09463671875000004	0.07743055555555556
-0.252625	0.15699374999999938	0.09308593750000003	0.08395833333333334
-0.20627499999999988	0.16891975000000015	0.08406250000000003	0.08430555555555555
-0.23552499999999998	0.14890974999999962	0.10090625000000006	0.07472222222222223
-0.22224999999999995	0.1337250000000001	0.08757421875000004	0.08368055555555556
-0.23485	0.14781099999999991	0.09366015624999999	0.08284722222222222
-0.23799999999999988	0.17140000000000022	0.09457421875000002	0.07868055555555556
-0.22787499999999994	0.1806937500000001	0.09764062499999998	0.07729166666666668
-0.24587499999999995	0.1676937500000002	0.08943359374999998	0.07493055555555556
-0.22404999999999997	0.13586900000000002	0.08416406250000001	0.08222222222222222
-0.26702499999999996	0.1631797500000003	0.09253515624999994	0.08229166666666668
-0.20177500000000004	0.11470974999999939	0.09065625000000004	0.08625000000000001
-0.23349999999999993	0.08335000000000026	0.10244140624999992	0.07381944444444444
-0.23395	0.11683900000000014	0.08632421875000001	0.07902777777777778
-0.2024499999999999	0.07252900000000029	0.082578125	0.07652777777777779
-0.22854999999999992	0.09308900000000042	0.08465625000000002	0.07173611111111111
-0.19682499999999992	0.12089775000000014	0.09391015624999999	0.08402777777777778
-0.23282499999999995	0.10173774999999985	0.09436718750000003	0.08930555555555557
-0.236425	0.12286774999999972	0.08970703125000003	0.0782638888888889
-0.255325	0.12738774999999958	0.09728906249999994	0.06819444444444445
-0.21752499999999997	0.06756974999999965	0.09234765624999998	0.0857638888888889
-0.21302500000000002	0.06660975000000002	0.08626953125000002	0.07618055555555556
-0.256675	0.1885577500000002	0.08362890624999998	0.08069444444444444
-0.21347499999999997	0.15743975000000043	0.09693749999999995	0.07458333333333333
-0.19862499999999994	0.12724375000000032	0.07760546875	0.09006944444444444
-0.240475	0.15657975000000013	0.08966406249999997	0.08340277777777778
-0.236425	0.09436774999999953	0.08601171875000001	0.07479166666666667
-0.21797499999999992	0.14562975000000034	0.10179296874999993	0.083125
-0.22697499999999993	0.18065975000000023	0.09379296875000001	0.085
-0.18354999999999988	0.11063900000000038	0.07166015625000002	0.08611111111111111
-0.20177500000000004	0.052709749999999556	0.09354296875	0.08513888888888889
-0.27107499999999995	0.1616677499999999	0.08606640625000002	0.07305555555555557
-0.227425	0.10292774999999965	0.08472656249999996	0.07444444444444445
-0.2024499999999999	0.1417790000000001	0.08862109374999999	0.08895833333333333
-0.21775	0.13597500000000018	0.09333203125000003	0.07368055555555555
-0.2170749999999999	0.14675775000000035	0.09021875	0.0832638888888889
-0.23867499999999997	0.12297775	0.08843359374999997	0.07388888888888889
-0.21752499999999997	0.19656974999999965	0.08867578125000004	0.08277777777777778
-0.22044999999999992	0.1457989999999998	0.09169531250000001	0.08868055555555555
-0.251725	0.1514297499999997	0.09294140624999994	0.08944444444444445
-0.2748999999999999	0.074716	0.10499999999999995	0.06569444444444444
-0.21662499999999996	0.13694374999999992	0.08819921875	0.07631944444444444
-0.22720000000000007	0.11754399999999965	0.09264062499999995	0.085
-0.24812500000000004	0.14634374999999977	0.0841953125	0.08194444444444444
-0.21324999999999994	0.17077500000000034	0.094359375	0.0763888888888889
-0.25622500000000004	0.2011697499999996	0.08698046874999996	0.07229166666666667
-0.24114999999999998	0.128641	0.09573046875	0.07777777777777779
-0.21144999999999992	0.15793900000000027	0.09077734374999999	0.07902777777777778
-0.27107499999999995	0.12991774999999972	0.08899218749999999	0.08826388888888889
-0.27332499999999993	0.12150775000000014	0.09719921875000001	0.07527777777777779
-0.2787249999999999	0.2641197500000003	0.09666015624999996	0.08243055555555556
-0.22360000000000002	0.09958599999999951	0.09318359375000003	0.08152777777777778
-0.20379999999999998	0.12365399999999971	0.08656250000000001	0.084375
-0.2080749999999999	0.10734775000000019	0.09267968750000005	0.08243055555555556
-0.26454999999999995	0.16464899999999982	0.09503125000000003	0.07694444444444445
-0.2105499999999999	0.08125900000000019	0.0989609375	0.07666666666666667
-0.23754999999999993	0.17092899999999966	0.09623046874999999	0.07465277777777778
-0.3005499999999999	0.11590900000000026	0.09552343750000003	0.06847222222222223
-0.25059999999999993	0.09227600000000047	0.09518359375	0.07159722222222221
-0.22720000000000007	0.08179399999999948	0.09482421875000005	0.08618055555555557
-0.20875	0.11137500000000022	0.08489453125000004	0.07895833333333334
-0.2308	0.06612399999999985	0.08697656250000002	0.08104166666666668
-0.23529999999999995	0.1165440000000002	0.09799609375000003	0.0825
-0.20852499999999996	0.13969975000000012	0.09018359374999999	0.07791666666666668
-0.23507499999999992	0.13117774999999998	0.09562109375000002	0.08277777777777778
-0.19030000000000002	0.1393439999999999	0.0895	0.0807638888888889
-0.24722500000000003	0.12098974999999967	0.08831640625000005	0.07659722222222222
-0.26005	0.15477899999999956	0.08840234375000003	0.08472222222222223
-0.24182499999999996	0.1256977499999996	0.08885937500000002	0.07770833333333334
-0.204025	0.05783974999999986	0.08804296875000003	0.0845138888888889
-0.22360000000000002	0.04858599999999935	0.09409765625	0.07875
-0.2542	0.1445240000000001	0.09514453125000003	0.07680555555555557
-0.20740000000000003	0.20631599999999972	0.08970312499999994	0.07965277777777778
-0.20672499999999994	0.1717797499999998	0.08346484375	0.07500000000000001
-0.23214999999999997	0.12187100000000006	0.09453906250000005	0.08041666666666666
-0.2341749999999999	0.16295775000000035	0.08946875	0.07520833333333334
-0.22157499999999997	0.17828774999999997	0.08121484375000002	0.085625
-0.19727499999999998	0.1585497499999997	0.08490234374999997	0.08
-0.23867499999999997	0.18872774999999997	0.09357031249999999	0.08673611111111112
-0.23282499999999995	0.10498774999999982	0.09392187500000002	0.08222222222222222
-0.18489999999999995	0.14676599999999995	0.07810546875	0.08388888888888889
-0.2602749999999999	0.1005897499999997	0.08816796875000003	0.06770833333333333
-0.227425	0.14767774999999972	0.08787109375	0.07458333333333333
-0.21257499999999996	0.11502775000000032	0.08735546875	0.07972222222222222
-0.22562499999999996	0.16834375000000001	0.09520312500000006	0.07965277777777778
-0.20267500000000005	0.2037177499999996	0.09207031250000001	0.074375
-0.23214999999999997	0.09112100000000023	0.0921484375	0.07270833333333333
-0.22809999999999997	0.19257599999999941	0.08278124999999997	0.0770138888888889
-0.23192500000000005	0.0634977499999998	0.09239453125000001	0.08208333333333333
-0.202225	0.1303397500000001	0.09434375000000002	0.07868055555555556
-0.20740000000000003	0.13881599999999983	0.08092578125000002	0.07486111111111111
-0.24475000000000002	0.13172499999999987	0.09041796875000001	0.08215277777777778
-0.23709999999999998	0.1037060000000003	0.09355859375	0.07416666666666667
-0.19704999999999995	0.15459900000000015	0.08843750000000002	0.07902777777777778
-0.2667999999999999	0.16688400000000048	0.08455859375000001	0.08145833333333334
-0.23304999999999998	0.15210900000000027	0.08037109375	0.07541666666666667
-0.22450000000000003	0.13165000000000004	0.08791015624999995	0.08833333333333333
-0.22562499999999996	0.1703437499999998	0.09282421874999996	0.06979166666666667
-0.23192500000000005	0.2134977499999997	0.08067187500000003	0.08333333333333333
-0.23665000000000003	0.13098100000000024	0.08253515625000006	0.07618055555555556
-0.18422499999999997	0.05507974999999998	0.08655078125000001	0.08125
-0.23844999999999994	0.07911899999999994	0.09014453124999999	0.07256944444444444
-0.21437499999999998	0.1680937500000006	0.09273046875	0.0770138888888889
-0.21775	0.14647500000000013	0.08959374999999999	0.06902777777777779
-0.2521749999999999	0.13183774999999986	0.08950000000000001	0.07534722222222222
-0.21189999999999998	0.12227599999999983	0.09042968750000002	0.08465277777777779
-0.24272499999999997	0.13834974999999972	0.09627343750000004	0.07423611111111111
-0.22765000000000002	0.14781099999999991	0.09200781249999998	0.07895833333333334
-0.23934999999999995	0.12155099999999974	0.09951953124999999	0.07215277777777777
-0.2146	0.18725599999999964	0.08700781250000002	0.08506944444444445
-0.19930000000000003	0.13633399999999973	0.08164453125000008	0.08083333333333333
-0.177925	0.12595774999999998	0.08792578125000004	0.07145833333333333
-0.22292500000000004	0.07165774999999996	0.08073046874999999	0.08590277777777779
-0.249475	0.12510975000000002	0.08927343750000002	0.0845138888888889
-0.23575000000000002	0.16252500000000003	0.08496874999999998	0.08215277777777778
-0.27264999999999995	0.15566099999999983	0.10056249999999994	0.07250000000000001
-0.258475	0.1763397499999999	0.09359765625000005	0.08138888888888889
-0.27535	0.11127099999999945	0.09462890624999995	0.07902777777777778
-0.21730000000000005	0.11041399999999957	0.0839609375	0.08569444444444445
-0.20199999999999996	0.1356499999999996	0.08499999999999999	0.0825
-0.22450000000000003	0.09939999999999971	0.08995703125000003	0.07680555555555557
-0.227425	0.07742775000000002	0.09770312499999996	0.07750000000000001
-0.20694999999999997	0.2082090000000001	0.08076562500000001	0.08118055555555556
-0.2469999999999999	0.19140000000000024	0.09437890625000006	0.07673611111111112
-0.249475	0.09135975000000007	0.09058203124999997	0.089375
-0.2568999999999999	0.21037600000000012	0.096703125	0.0751388888888889
-0.2503749999999999	0.14094375000000037	0.09733593749999994	0.08256944444444445
-0.22585	0.08798100000000009	0.08424609374999999	0.09006944444444444
-0.24205	0.16204899999999967	0.0918046875	0.07694444444444445
-0.21640000000000004	0.14003599999999938	0.08721484375000002	0.07625000000000001
-0.25329999999999997	0.24247400000000008	0.09208984375	0.08041666666666666
-0.21572499999999994	0.1150597499999999	0.10068750000000003	0.07555555555555557
-0.24024999999999996	0.15147499999999958	0.08698046875000005	0.07673611111111112
-0.27175000000000005	0.1082749999999999	0.09344140624999998	0.07791666666666668
-0.23462499999999997	0.10194374999999978	0.09747656250000002	0.08361111111111111
-0.2251749999999999	0.11181775000000016	0.09450781250000001	0.07569444444444445
-0.2128	0.1334439999999999	0.08748828125	0.08506944444444445
-0.20627499999999988	0.14116975000000043	0.09049218750000003	0.0786111111111111
-0.2332749999999999	0.14122975000000038	0.09394140624999997	0.07854166666666668
-0.23124999999999996	0.19262500000000005	0.08797656249999998	0.08090277777777778
-0.2047	0.13289399999999985	0.09383203125000006	0.08020833333333334
-0.21594999999999998	0.1674690000000001	0.08761718749999997	0.08375
-0.23192500000000005	0.1882477499999995	0.08806640624999995	0.07909722222222222
-0.23057499999999997	0.11749775000000007	0.09196093749999999	0.08347222222222223
-0.24362499999999998	0.14774374999999962	0.09281249999999996	0.08527777777777779
-0.18624999999999992	0.0793750000000002	0.09053906250000002	0.08965277777777778
-0.23349999999999993	0.23960000000000026	0.08629687500000002	0.07395833333333333
-0.22652499999999998	0.12013974999999988	0.08973437499999995	0.0807638888888889
-0.21527499999999988	0.0882397500000005	0.08910156249999997	0.07486111111111111
-0.24339999999999995	0.15214600000000011	0.08414453125	0.07666666666666667
-0.23462499999999997	0.11044374999999995	0.08064062500000001	0.07583333333333334
-0.23395	0.15808899999999992	0.08638671874999995	0.07465277777777778
-0.22360000000000002	0.11033599999999932	0.08659765625000002	0.08243055555555556
-0.21189999999999998	0.10702599999999984	0.08409765625	0.07555555555555557
-0.2643249999999999	0.12209775000000045	0.09494921875000001	0.07423611111111111
-0.20537499999999997	0.0781937500000005	0.08732812500000002	0.06791666666666667
-0.2071749999999999	0.09388775000000038	0.08637890625000003	0.07888888888888888
-0.2227	0.14901399999999976	0.09153124999999998	0.06840277777777778
-0.244525	0.16112974999999974	0.08932421875000002	0.07298611111111111
-0.21482499999999993	0.15391774999999974	0.09345312499999994	0.08930555555555557
-0.18220000000000003	0.13199400000000017	0.08138281250000003	0.08583333333333333
-0.21032499999999998	0.10208774999999992	0.08142187499999998	0.07118055555555555
-0.2706249999999999	0.1900937500000004	0.09473046875000002	0.08541666666666667
-0.2308	0.07712399999999953	0.08696874999999998	0.08444444444444445
-0.2161749999999999	0.11337775000000061	0.09173828124999998	0.07604166666666667
-0.26882499999999987	0.1785277500000002	0.08993749999999995	0.08340277777777778
-0.19074999999999998	0.10002500000000003	0.08163281249999998	0.07923611111111112
-0.27535	0.2087709999999996	0.093296875	0.08194444444444444
-0.2170749999999999	0.12500775000000042	0.08590234375	0.08868055555555555
-0.23754999999999993	0.10367899999999963	0.09874609374999999	0.08131944444444444
-0.2341749999999999	0.16620775000000032	0.07847656250000004	0.0820138888888889
-0.22540000000000004	0.17995599999999978	0.08176171875000002	0.08222222222222222
-0.27422499999999994	0.12712975000000037	0.09187890625000002	0.0776388888888889
-0.21662499999999996	0.08894374999999988	0.09290625	0.07430555555555557
-0.2242749999999999	0.13600974999999993	0.09096875000000003	0.080625
-0.20740000000000003	0.08631599999999962	0.09846875	0.08166666666666667
-0.265675	0.24639774999999986	0.09222656249999998	0.07138888888888889
-0.23709999999999998	0.12270600000000043	0.08780859375000001	0.074375
-0.23259999999999992	0.15461600000000075	0.09426953124999998	0.07916666666666666
-0.22787499999999994	0.1379437499999998	0.09484375000000003	0.070625
-0.232375	0.11999375000000034	0.08936328125000005	0.07798611111111112
-0.20447499999999996	0.10045975000000062	0.09096484375000005	0.08770833333333333
-0.2487999999999999	0.1868540000000003	0.09142968749999998	0.07743055555555556
-0.19682499999999992	0.17739775000000035	0.084078125	0.07979166666666668
-0.21234999999999993	0.16211100000000034	0.09247656250000003	0.08
-0.21662499999999996	0.17419375000000015	0.08848046874999999	0.08506944444444445
-0.23012500000000002	0.14449374999999964	0.08650390624999997	0.074375
-0.24587499999999995	0.09344375000000005	0.10113671875000002	0.0745138888888889
-0.2715249999999999	0.20048975000000047	0.09705859374999998	0.07284722222222222
-0.26454999999999995	0.17739899999999986	0.09638671875000002	0.07048611111111111
-0.23395	0.11283900000000013	0.08693749999999999	0.08458333333333333
-0.258475	0.10108974999999987	0.09928906249999994	0.07715277777777778
-0.23124999999999996	0.14437500000000014	0.08994921875000006	0.07798611111111112
-0.2105499999999999	0.12125900000000023	0.09066015625000003	0.08395833333333334
-0.2308	0.20312399999999986	0.09201953124999998	0.08486111111111111
-0.27107499999999995	0.1866677499999998	0.08963671875000002	0.08701388888888889
-0.23349999999999993	0.08610000000000051	0.09290234375000006	0.083125
-0.21775	0.14497500000000052	0.08043359375000003	0.07194444444444445
-0.21730000000000005	0.1384139999999996	0.09385546874999998	0.08840277777777777
-0.21572499999999994	0.19955975000000015	0.08756250000000002	0.083125
-0.19547500000000007	0.09917974999999934	0.08207421874999998	0.08486111111111111
-0.25329999999999997	0.15922400000000003	0.08468359375	0.07652777777777779
-0.22044999999999992	0.13829899999999995	0.07828906249999999	0.07604166666666667
-0.20604999999999996	0.11473900000000015	0.09172656250000004	0.07722222222222223
-0.23282499999999995	0.1457377499999999	0.09419531249999999	0.064375
-0.26859999999999995	0.17098600000000008	0.09983203125000012	0.07847222222222222
-0.23687499999999995	0.10859374999999982	0.09269921874999996	0.07708333333333334
-0.2616249999999999	0.1144437500000004	0.09636328124999996	0.07750000000000001
-0.2105499999999999	0.12475900000000006	0.08999999999999997	0.08604166666666668
-0.27332499999999993	0.13375775	0.09499218750000002	0.07291666666666667
-0.21662499999999996	0.1169437499999999	0.08550781249999997	0.08381944444444445
-0.2388999999999999	0.14558600000000022	0.09723046874999997	0.07493055555555556
-0.1885	0.08309999999999995	0.08528515625000002	0.08930555555555557
-0.21820000000000006	0.1802839999999999	0.09281250000000003	0.08083333333333333
-0.20694999999999997	0.09270900000000015	0.08378125000000003	0.07868055555555556
-0.2080749999999999	0.09834775000000029	0.09292578125000009	0.08319444444444445
-0.24475000000000002	0.09847500000000009	0.0953515625	0.07736111111111112
-0.20965	0.10557099999999986	0.09580078124999997	0.08340277777777778
-0.21842499999999998	0.1324377499999998	0.08624609375	0.07493055555555556
-0.19299999999999995	0.16839999999999966	0.08851953125	0.08555555555555555
-0.22607499999999991	0.19186775000000011	0.09462500000000003	0.08979166666666667
-0.22224999999999995	0.10422500000000001	0.08704296874999998	0.0798611111111111
-0.2308	0.09662399999999982	0.08873437500000002	0.08472222222222223
-0.23214999999999997	0.1266210000000001	0.08697265624999999	0.08597222222222223
-0.22157499999999997	0.12628774999999992	0.08065234374999997	0.08118055555555556
-0.202225	0.16808975000000004	0.08139843749999998	0.08180555555555555
-0.24024999999999996	0.13197499999999973	0.08850781249999998	0.08013888888888888
-0.24722500000000003	0.12823974999999965	0.09574218750000005	0.07743055555555556
-0.21550000000000002	0.12439999999999962	0.08715234375000001	0.08555555555555555
-0.24159999999999993	0.18134600000000045	0.08297656249999998	0.07902777777777778
-0.23575000000000002	0.16027499999999995	0.09571484374999999	0.07604166666666667
-0.22224999999999995	0.10797499999999971	0.10214062499999996	0.07590277777777778
-0.22450000000000003	0.09315000000000007	0.08448046875000005	0.07548611111111111
-0.17837499999999995	0.11344375000000007	0.08280859374999998	0.07979166666666668
-0.2503749999999999	0.11294375000000034	0.09473046874999999	0.08555555555555555
-0.2332749999999999	0.2067297500000005	0.09316015625	0.07243055555555555
-0.2308	0.13537399999999966	0.09605078125000002	0.085
-0.22765000000000002	0.09231100000000003	0.09254296875	0.08256944444444445
-0.229225	0.13172974999999987	0.08833984375000002	0.08444444444444445
-0.227425	0.0874277499999998	0.09264843750000006	0.07618055555555556
-0.21324999999999994	0.0965250000000002	0.08654687500000005	0.07708333333333334
-0.22044999999999992	0.16504899999999978	0.09304296875000004	0.09145833333333334
-0.22809999999999997	0.15832599999999974	0.08789453125000002	0.07715277777777778
-0.25869999999999993	0.15290399999999993	0.09803906249999995	0.07298611111111111
-0.2242749999999999	0.13750975	0.08026562499999998	0.08291666666666667
-0.20740000000000003	0.07506599999999963	0.09522265624999997	0.0751388888888889
-0.21865	0.13334100000000015	0.08901953124999999	0.07319444444444445
-0.267475	0.11451974999999992	0.08530468750000002	0.07930555555555555
-0.2577999999999999	0.11464400000000019	0.09224609375000005	0.08333333333333333
-0.22607499999999991	0.11411775000000013	0.08744140625000005	0.08131944444444444
-0.23395	0.202839	0.0928359375	0.08270833333333334
-0.20920000000000005	0.11547399999999985	0.09771093749999998	0.07666666666666667
-0.212125	0.15269375000000007	0.08755859375000001	0.08333333333333333
-0.2251749999999999	0.16631775000000015	0.09324999999999999	0.07125000000000001
-0.23912500000000003	0.16419374999999992	0.09827734375	0.08194444444444444
-0.22067499999999995	0.13419775000000067	0.0965078125	0.07847222222222222
-0.19794999999999996	0.06814900000000002	0.08875781250000006	0.08027777777777778
-0.2332749999999999	0.1197297500000003	0.09152343750000001	0.07868055555555556
-0.23619999999999997	0.19525400000000026	0.08506640624999999	0.08236111111111111
-0.2341749999999999	0.13120775000000018	0.08342578124999997	0.08145833333333334
-0.19682499999999992	0.06289775000000031	0.08494921875	0.08729166666666667
-0.24632500000000002	0.1126277499999997	0.09416406250000003	0.06923611111111111
-0.25487499999999996	0.08674375000000012	0.09936328124999991	0.07486111111111111
-0.23934999999999995	0.14880099999999974	0.09750781250000001	0.08875000000000001
-0.20987499999999992	0.11049375000000028	0.0928359375	0.08034722222222222
-0.257575	0.1420777499999999	0.09174999999999998	0.07743055555555556
-0.23102500000000004	0.12899974999999975	0.08261328125000003	0.07750000000000001
-0.20334999999999992	0.12103100000000033	0.08982031250000001	0.07
-0.22044999999999992	0.13779899999999978	0.09202734374999998	0.06916666666666667
-0.26612499999999994	0.09074375000000012	0.09290625	0.07979166666666668
-0.25059999999999993	0.11952600000000047	0.08235546874999997	0.08472222222222223
-0.21144999999999992	0.039439000000000224	0.08723046875000001	0.06708333333333333
-0.23709999999999998	0.07620600000000044	0.08914843749999993	0.0776388888888889
-0.25734999999999997	0.1427609999999997	0.08805078125	0.0825
-0.23372499999999996	0.11321974999999984	0.09484375	0.08611111111111111
-0.24969999999999992	0.1246940000000003	0.08951953124999994	0.08
-0.24339999999999995	0.1443960000000004	0.08103906249999998	0.08215277777777778
-0.229225	0.1364797499999999	0.09241796874999997	0.07034722222222221
-0.2056	0.12087599999999954	0.09283203124999997	0.08722222222222223
-0.21909999999999996	0.10539599999999982	0.09672265625000001	0.08395833333333334
-0.24205	0.12579899999999977	0.09323828124999997	0.08284722222222222
-0.23844999999999994	0.16486899999999993	0.08365625000000002	0.07555555555555557
-0.22787499999999994	0.07069375000000022	0.08521484375000005	0.08729166666666667
-0.25105	0.06668899999999978	0.08996874999999999	0.076875
-0.21077499999999993	0.10342975000000054	0.08557812499999996	0.07840277777777778
-0.20694999999999997	0.13695900000000005	0.09011718750000003	0.07493055555555556
-0.20740000000000003	0.13256599999999974	0.08802343750000002	0.07993055555555556
-0.23439999999999994	0.11482600000000032	0.09262500000000003	0.06930555555555556
-0.23282499999999995	0.17198775	0.10296484374999995	0.07305555555555557
-0.22404999999999997	0.10511900000000018	0.08695312499999998	0.07840277777777778
-0.244525	0.08837974999999965	0.09180859375	0.08041666666666666
-0.23124999999999996	0.113375	0.08484375	0.07020833333333333
-0.20942499999999997	0.2031477500000003	0.08998437499999999	0.08229166666666668
-0.21234999999999993	0.13636099999999995	0.08478515625000002	0.08409722222222223
-0.21685	0.15260099999999976	0.08353906250000004	0.078125
-0.2128	0.16819399999999973	0.08705468749999999	0.08479166666666668
-0.21077499999999993	0.14767975000000044	0.08891796874999998	0.09166666666666667
-0.18130000000000002	0.09155399999999991	0.08250390624999998	0.08229166666666668
-0.25712500000000005	0.07419374999999961	0.09231249999999998	0.07875
-0.23665000000000003	0.2119810000000002	0.09411328125000001	0.081875
-0.24632500000000002	0.13337774999999974	0.09437500000000001	0.08263888888888889
-0.2242749999999999	0.06000974999999986	0.09003515624999997	0.0782638888888889
-0.23957499999999998	0.14565775000000025	0.09623046874999999	0.07145833333333333
-0.23439999999999994	0.11932600000000049	0.08994531250000005	0.07069444444444445
-0.228325	0.13920774999999974	0.08913671874999997	0.07472222222222223
-0.22854999999999992	0.15583900000000028	0.09799609374999999	0.07743055555555556
-0.25464999999999993	0.131421	0.09233203124999997	0.07895833333333334
-0.21775	0.09922500000000012	0.09629296875000001	0.0795138888888889
-0.22787499999999994	0.09819375000000008	0.08730859374999997	0.07326388888888889
-0.229225	0.13597974999999973	0.09787109375000004	0.08847222222222223
-0.26544999999999996	0.09959899999999955	0.0928125	0.06861111111111111
-0.2227	0.23751399999999956	0.08804687500000002	0.088125
-0.23754999999999993	0.16392899999999955	0.08489843750000003	0.08694444444444445
-0.255775	0.1747797499999999	0.09828125000000001	0.0776388888888889
-0.276475	0.25089974999999987	0.0930546875	0.07625000000000001
-0.19120000000000004	0.106954	0.08162109375	0.07256944444444444
-0.2625249999999999	0.12816975000000053	0.09376171874999997	0.07840277777777778
-0.19930000000000003	0.1053339999999996	0.08518359375000001	0.08381944444444445
-0.20965	0.11132100000000023	0.08876953125000002	0.08305555555555555
-0.22134999999999994	0.1271410000000004	0.09713281250000001	0.08388888888888889
-0.2550999999999999	0.07856600000000036	0.10090234375	0.08472222222222223
-0.24767499999999998	0.21766775000000038	0.08900390625000004	0.0782638888888889
-0.20424999999999993	0.1347750000000003	0.09559765625000001	0.06909722222222223
-0.2730999999999999	0.11897599999999997	0.09066015625	0.079375
-0.23439999999999994	0.11482600000000032	0.08700781250000003	0.07840277777777778
-0.232375	0.058743750000000095	0.08437109375000001	0.0807638888888889
-0.22224999999999995	0.09472499999999995	0.09421874999999999	0.07520833333333334
-0.19457500000000005	0.15810774999999966	0.08303906250000002	0.08222222222222222
-0.2640999999999999	0.15529600000000032	0.09682421875000001	0.08361111111111111
-0.20672499999999994	0.08202974999999979	0.0943984375	0.07847222222222222
-0.20289999999999997	0.11090599999999995	0.09203906250000002	0.08611111111111111
-0.25869999999999993	0.16815399999999991	0.09391796875000002	0.08138888888888889
-0.240475	0.11407975000000015	0.09579687500000003	0.09180555555555557
-0.22944999999999993	0.10660900000000018	0.08646484374999999	0.08701388888888889
-0.22157499999999997	0.13253775	0.09210546874999999	0.07569444444444445
-0.23867499999999997	0.19372774999999987	0.08832421874999997	0.08847222222222223
-0.2397999999999999	0.15626400000000018	0.08759765625000002	0.0932638888888889
-0.22472499999999995	0.0807897500000001	0.07699609375000001	0.08104166666666668
-0.2299	0.14686599999999972	0.08946874999999999	0.08659722222222223
-0.20762499999999995	0.13574375000000005	0.09806640625000004	0.07847222222222222
-0.21099999999999997	0.21384999999999943	0.08969531249999999	0.07555555555555557
-0.2332749999999999	0.07647975000000029	0.08674609375000003	0.07611111111111112
-0.20334999999999992	0.09103100000000008	0.08489843750000003	0.07722222222222223
-0.23619999999999997	0.13425400000000032	0.09560156249999999	0.08694444444444445
-0.26769999999999994	0.11756400000000022	0.08833203125000001	0.0776388888888889
-0.23665000000000003	0.16298099999999982	0.0897734375	0.07888888888888888
-0.227425	0.12867775000000004	0.09405859375000004	0.06986111111111111
-0.21752499999999997	0.14556974999999994	0.08896484375000005	0.0825
-0.2388999999999999	0.09608600000000012	0.09696093749999998	0.08354166666666668
-0.21302500000000002	0.11835975000000021	0.08366796875000002	0.08534722222222223
-0.22720000000000007	0.09204399999999957	0.0815234375	0.07250000000000001
-0.19840000000000002	0.08629599999999993	0.09974999999999998	0.0675
-0.26635	0.141791	0.09639843750000003	0.07472222222222223
-0.26522499999999993	0.0737997500000005	0.09573046875	0.08180555555555555
-0.24767499999999998	0.1559177500000004	0.09510546874999998	0.07854166666666668
-0.26207499999999995	0.09555774999999977	0.09900781249999997	0.07590277777777778
-0.23124999999999996	0.1548750000000001	0.08482812500000002	0.08
-0.21482499999999993	0.06991774999999967	0.08866406250000004	0.07597222222222223
-0.2568999999999999	0.14387600000000011	0.08722656250000002	0.08180555555555555
-0.237325	0.24231774999999978	0.09908593750000003	0.0751388888888889
-0.24362499999999998	0.19124374999999993	0.09060546875	0.07534722222222222
-0.2503749999999999	0.12794375000000047	0.09719921874999998	0.074375
-0.19592500000000002	0.0560877500000001	0.09043750000000006	0.07409722222222222
-0.24902500000000005	0.18668974999999932	0.095546875	0.06493055555555556
-0.24924999999999997	0.20652500000000007	0.09303125	0.08222222222222222
-0.20447499999999996	0.10595975000000069	0.08546875000000002	0.0832638888888889
-0.23799999999999988	0.10390000000000033	0.08883203125	0.07597222222222223
-0.22089999999999999	0.11109599999999942	0.09014062500000002	0.07979166666666668
-0.2242749999999999	0.14875974999999997	0.0908203125	0.08604166666666668
-0.2634249999999999	0.12063775000000021	0.08725781250000003	0.08333333333333333
-0.22720000000000007	0.13454399999999955	0.09545312500000004	0.08048611111111112
-0.22809999999999997	0.12082599999999966	0.07878125000000005	0.0811111111111111
-0.25285	0.13907099999999994	0.09345703124999998	0.08159722222222222
-0.22134999999999994	0.08814100000000025	0.0821953125	0.08159722222222222
-0.21550000000000002	0.13739999999999997	0.09554687499999998	0.08395833333333334
-0.22585	0.14598099999999992	0.08920703125	0.0776388888888889
-0.21865	0.12834099999999982	0.09171874999999999	0.08569444444444445
-0.25464999999999993	0.09592100000000015	0.09052734374999999	0.06944444444444445
-0.20177500000000004	0.15470974999999942	0.08488671875000002	0.08555555555555555
-0.19389999999999996	0.19473600000000024	0.08548437500000002	0.08597222222222223
-0.21347499999999997	0.12593975000000057	0.10241406249999999	0.07944444444444444
-0.23552499999999998	0.16740975000000002	0.09060156249999993	0.07743055555555556
-0.19277500000000003	0.13318974999999966	0.08680859374999997	0.07909722222222222
-0.24092500000000006	0.14153774999999946	0.09914062500000004	0.07631944444444444
-0.2805249999999999	0.19575975000000057	0.09116796874999997	0.07798611111111112
-0.22404999999999997	0.1473690000000003	0.08603125000000002	0.09097222222222223
-0.22292500000000004	0.12840775000000004	0.09227343749999997	0.07680555555555557
-0.20289999999999997	0.08765599999999996	0.09032812499999995	0.07972222222222222
-0.23799999999999988	0.11440000000000028	0.09098046875000002	0.073125
-0.23597499999999993	0.10788975000000045	0.09122656249999998	0.07888888888888888
-0.20604999999999996	0.17173900000000009	0.08583984375000006	0.09152777777777779
-0.2632	0.1563340000000002	0.09644140624999997	0.07340277777777778
-0.24092500000000006	0.1775377499999995	0.09682421874999994	0.07770833333333334
-0.2251749999999999	0.08856775000000017	0.09187109375000002	0.084375
-0.20987499999999992	0.1307437500000006	0.0843984375	0.080625
-0.21257499999999996	0.10577775000000056	0.09254296874999998	0.08604166666666668
-0.22787499999999994	0.12494374999999991	0.10049609375	0.0782638888888889
-0.21032499999999998	0.12183775000000008	0.09588671874999996	0.08090277777777778
-0.2730999999999999	0.16372600000000004	0.09261328125000003	0.07881944444444444
-0.17994999999999994	0.05537900000000029	0.08857421874999998	0.0751388888888889
-0.2332749999999999	0.08647975000000052	0.08940625000000002	0.08361111111111111
-0.18962499999999993	0.16619375000000014	0.09237890625000003	0.08388888888888889
-0.23012500000000002	0.13674374999999994	0.09419140624999996	0.074375
-0.22494999999999998	0.15317900000000018	0.08398437499999999	0.091875
-0.22472499999999995	0.07178975000000021	0.09745312499999999	0.08680555555555555
-0.27917499999999995	0.1426577499999997	0.09561718749999995	0.08388888888888889
-0.19794999999999996	0.1628989999999999	0.09646874999999999	0.084375
-0.21999999999999997	0.1629999999999998	0.089296875	0.07993055555555556
-0.19614999999999994	0.14404100000000009	0.08466796874999995	0.07840277777777778
-0.24362499999999998	0.15749375	0.09210156250000004	0.0776388888888889
-0.26207499999999995	0.25705775	0.09437109375	0.08020833333333334
-0.24272499999999997	0.1705997499999996	0.09339453125000004	0.08354166666666668
-0.21189999999999998	0.10902599999999962	0.09064843749999998	0.08659722222222223
-0.23372499999999996	0.06496974999999994	0.08578124999999996	0.07375000000000001
-0.21820000000000006	0.16128399999999976	0.08267968750000002	0.08166666666666667
-0.20672499999999994	0.14777974999999977	0.08388671875000003	0.08048611111111112
-0.24002500000000004	0.09761974999999934	0.09615625000000003	0.08013888888888888
-0.273775	0.1558197499999996	0.09120703124999995	0.083125
-0.2550999999999999	0.12906600000000035	0.09671093749999993	0.07500000000000001
-0.22899999999999998	0.09934999999999983	0.08150390624999997	0.0932638888888889
-0.19389999999999996	0.16948600000000003	0.0948046875	0.07236111111111111
-0.23709999999999998	0.15395600000000043	0.09361328125000003	0.07236111111111111
-0.211225	0.15051974999999995	0.09303515624999997	0.07423611111111111
-0.23822500000000002	0.12350974999999975	0.08037109375000001	0.07902777777777778
-0.25959999999999994	0.18915600000000055	0.09737109375000003	0.0820138888888889
-0.2161749999999999	0.12112775000000031	0.09329687499999997	0.08319444444444445
-0.2487999999999999	0.11710400000000032	0.10032421875000003	0.07708333333333334
-0.21347499999999997	0.06893975000000019	0.09180859374999999	0.0795138888888889
-0.19637499999999997	0.06774374999999999	0.09210937500000002	0.07486111111111111
-0.24767499999999998	0.09966775000000005	0.08844531250000007	0.0845138888888889
-0.194125	0.08894374999999988	0.0955234375	0.07256944444444444
-0.19074999999999998	0.16377500000000023	0.07917187499999999	0.08083333333333333
-0.18264999999999998	0.12996100000000066	0.08056250000000005	0.08729166666666667
-0.25307499999999994	0.1576477500000002	0.09751953125000004	0.07381944444444444
-0.20740000000000003	0.1420659999999998	0.08322656250000003	0.07145833333333333
-0.22652499999999998	0.15013975000000013	0.08551953125000003	0.06916666666666667
-0.20357499999999995	0.14871775000000031	0.08840234375	0.08736111111111111
-0.2388999999999999	0.15608600000000017	0.09588671874999999	0.070625
-0.2128	0.13819399999999993	0.09130859374999999	0.07958333333333333
-0.23529999999999995	0.16779400000000022	0.09583593750000005	0.0798611111111111
-0.22224999999999995	0.09522499999999967	0.09125781250000001	0.07805555555555557
-0.2146	0.08950599999999964	0.10485156250000002	0.078125
-0.19682499999999992	0.07164775000000034	0.08982421874999999	0.08034722222222222
-0.21077499999999993	0.08517975000000044	0.09685156250000002	0.07090277777777777
-0.22630000000000006	0.14525399999999955	0.09849609374999999	0.0782638888888889
-0.23619999999999997	0.1597540000000004	0.08918359375000003	0.07715277777777778
-0.227425	0.08192774999999974	0.08927343749999996	0.08083333333333333
-0.26387499999999997	0.11624374999999976	0.09321093750000005	0.08652777777777779
-0.22157499999999997	0.11978774999999997	0.09029687500000003	0.08590277777777779
-0.20289999999999997	0.16890599999999978	0.08768749999999999	0.07597222222222223
-0.24654999999999994	0.14146899999999984	0.09162109375000001	0.08673611111111112
-0.257575	0.14582775000000003	0.08930078124999997	0.07555555555555557
-0.20199999999999996	0.08939999999999948	0.09137890624999999	0.08743055555555555
-0.252625	0.1004937499999996	0.08567968750000002	0.07784722222222222
-0.2521749999999999	0.17958775000000005	0.09713281250000003	0.07673611111111112
-0.229225	0.14997974999999997	0.08788281250000002	0.08520833333333334
-0.24497499999999994	0.19981975000000007	0.09184765624999999	0.07805555555555557
-0.21775	0.17047500000000015	0.08699609375	0.07881944444444444
-0.19524999999999992	0.146725	0.08357421875000004	0.10131944444444445
-0.21797499999999992	0.13362975000000032	0.08908593750000002	0.07319444444444445
-0.22675	0.14602499999999985	0.08962109374999998	0.08458333333333333
-0.24992500000000006	0.13952775000000006	0.08611718749999998	0.07777777777777779
-0.15632499999999994	0.11602775000000021	0.08315625000000003	0.08159722222222222
-0.22112500000000002	0.18624375000000004	0.09040234375000002	0.07923611111111112
-0.25825	0.0862750000000001	0.09823828125000006	0.07972222222222222
-0.20087500000000003	0.08144374999999959	0.08830078124999996	0.08465277777777779
-0.18377500000000002	0.05786974999999961	0.09031250000000005	0.08340277777777778
-0.21189999999999998	0.13177599999999945	0.08867578124999999	0.07625000000000001
-0.21865	0.18034099999999986	0.09117968749999994	0.08041666666666666
-0.264775	0.13419975000000006	0.10049218749999994	0.07569444444444445
-0.25982499999999986	0.11721775000000045	0.08457812500000003	0.08506944444444445
-0.2469999999999999	0.18590000000000018	0.09424218749999998	0.08527777777777779
-0.2550999999999999	0.1253160000000002	0.08426953124999997	0.07868055555555556
-0.26275000000000004	0.22297499999999992	0.08888671875000002	0.07784722222222222
-0.23282499999999995	0.14648774999999992	0.0883984375	0.06972222222222223
-0.21977499999999994	0.029099750000000313	0.09330078124999999	0.07430555555555557
-0.24969999999999992	0.1701940000000004	0.0878046875	0.07020833333333333
-0.211225	0.14826974999999987	0.09128906250000003	0.0811111111111111
-0.25869999999999993	0.170404	0.09766796874999997	0.07534722222222222
-0.21887499999999993	0.16524375000000013	0.08510546875000004	0.0763888888888889
-0.22765000000000002	0.1563110000000001	0.09057812500000002	0.07673611111111112
-0.21009999999999995	0.07241599999999959	0.09046093750000005	0.07541666666666667
-0.20920000000000005	0.10847399999999974	0.09654296875	0.08048611111111112
-0.23439999999999994	0.12007600000000052	0.08305859375	0.07875
-0.248575	0.1295177500000002	0.09046874999999996	0.07416666666666667
-0.21977499999999994	0.12859975000000023	0.09283593749999998	0.08798611111111111
-0.25082499999999996	0.12160774999999946	0.09845703125	0.07909722222222222
-0.2080749999999999	0.08934775000000039	0.08245312500000004	0.08819444444444445
-0.21640000000000004	0.07478599999999958	0.08060156250000002	0.08993055555555556
-0.22382499999999994	0.11522774999999985	0.09367187500000004	0.08333333333333333
-0.2478999999999999	0.13775600000000043	0.08687109375000002	0.07756944444444444
-0.21594999999999998	0.09821900000000028	0.08989453124999998	0.07361111111111111
-0.2242749999999999	0.09175975000000003	0.09119140624999997	0.07458333333333333
-0.20650000000000002	0.09134999999999982	0.09691015624999999	0.0795138888888889
-0.23934999999999995	0.08080099999999968	0.08771875	0.0763888888888889
-0.24272499999999997	0.2108497499999995	0.08951953125000002	0.07319444444444445
-0.23799999999999988	0.17615000000000025	0.08522265625000001	0.08590277777777779
-0.223375	0.17769375000000043	0.10055468750000003	0.08020833333333334
-0.237325	0.0958177499999997	0.09255468750000002	0.08013888888888888
-0.25892499999999996	0.08096774999999923	0.10053124999999999	0.06555555555555556
-0.220225	0.16089975	0.08671875	0.08423611111111112
-0.25464999999999993	0.12592099999999995	0.08822265624999998	0.07472222222222223
-0.285025	0.1644697500000003	0.09627734375000001	0.06972222222222223
-0.23462499999999997	0.09169374999999969	0.09448828124999997	0.07409722222222222
-0.272875	0.13069374999999983	0.09616015625000002	0.0763888888888889
-0.2521749999999999	0.15733774999999994	0.09902734375000004	0.07305555555555557
-0.24339999999999995	0.08239600000000014	0.098953125	0.08145833333333334
-0.2251749999999999	0.09931774999999998	0.08421093749999994	0.07777777777777779
-0.23754999999999993	0.07067899999999971	0.09034765625	0.07666666666666667
-0.24497499999999994	0.1420697500000001	0.09200781250000002	0.08472222222222223
-0.20537499999999997	0.11719375000000021	0.08681640624999999	0.08590277777777779
-0.2577999999999999	0.16739399999999982	0.09825	0.07881944444444444
-0.2015499999999999	0.11951900000000037	0.0894296875	0.0845138888888889
-0.231475	0.1187497500000001	0.09269921874999998	0.08041666666666666
-0.19592500000000002	0.09683775000000017	0.09088671875000001	0.081875
-0.219325	0.14404774999999992	0.09186718749999997	0.07194444444444445
-0.24092500000000006	0.18328774999999942	0.0905	0.0811111111111111
-0.22854999999999992	0.050339000000000134	0.09523437500000001	0.08486111111111111
-0.24632500000000002	0.2053777499999998	0.08480859374999998	0.07444444444444445
-0.18242499999999995	0.13372775000000026	0.09066406249999996	0.0825
-0.23102500000000004	0.06524974999999955	0.09042187499999998	0.07902777777777778
-0.22854999999999992	0.10608900000000032	0.09103906249999996	0.07527777777777779
-0.19614999999999994	0.1652910000000003	0.08887890625	0.06597222222222222
-0.20042499999999996	0.07705775000000026	0.08190625000000003	0.08375
-0.24205	0.1485489999999996	0.10134765624999995	0.08277777777777778
-0.20132499999999998	0.11457775000000003	0.08108984374999999	0.0845138888888889
-0.25375000000000003	0.1603749999999997	0.07879687499999996	0.08305555555555555
-0.229225	0.1282297499999996	0.08852734375000001	0.08555555555555555
-0.24002500000000004	0.11911974999999941	0.09011328124999998	0.08229166666666668
-0.2469999999999999	0.16190000000000015	0.09348046875000005	0.08173611111111112
-0.23665000000000003	0.15873099999999996	0.08317968750000002	0.07208333333333333
-0.20672499999999994	0.09752974999999964	0.08592187500000001	0.08736111111111111
-0.25644999999999996	0.12723899999999988	0.08944140624999998	0.07618055555555556
-0.237325	0.18181774999999956	0.08116015624999998	0.07895833333333334
-0.2487999999999999	0.17060400000000042	0.09232031250000004	0.07277777777777779
-0.24024999999999996	0.10872499999999974	0.08877734374999999	0.08652777777777779
-0.2299	0.06336599999999937	0.08776562500000003	0.07611111111111112
-0.23439999999999994	0.17357600000000062	0.09010546874999997	0.07798611111111112
-0.22630000000000006	0.1505039999999993	0.0916796875	0.07527777777777779
-0.23687499999999995	0.1350937499999998	0.09488671874999996	0.078125
-0.2089749999999999	0.0425497500000005	0.0921171875	0.0832638888888889
-0.2542	0.15202399999999994	0.09951562500000005	0.07680555555555557
-0.231475	0.11549975000000012	0.08356249999999998	0.07923611111111112
-0.25982499999999986	0.22071775000000038	0.08928906249999997	0.07361111111111111
-0.220225	0.1646497499999997	0.09568359374999995	0.07486111111111111
-0.25554999999999994	0.12895900000000005	0.09183984375000001	0.08388888888888889
-0.22607499999999991	0.09586775000000047	0.09348828125	0.078125
-0.2469999999999999	0.13590000000000035	0.09088671875000001	0.08569444444444445
-0.199075	0.17138774999999962	0.08626562499999998	0.08791666666666667
-0.24812500000000004	0.14384374999999983	0.09625390625000002	0.07694444444444445
-0.24339999999999995	0.14389600000000025	0.09806640625000003	0.07486111111111111
-0.25825	0.165775	0.09470703124999999	0.07534722222222222
-0.23619999999999997	0.19550400000000057	0.09050000000000002	0.08041666666666666
-0.24317499999999992	0.06704774999999996	0.09367578124999998	0.08270833333333334
-0.24362499999999998	0.06599374999999963	0.10719921875000003	0.079375
-0.22314999999999996	0.1858010000000001	0.09584765624999997	0.07423611111111111
-0.236425	0.18386774999999966	0.09310156250000004	0.08263888888888889
-0.2299	0.06336599999999937	0.09444531249999998	0.07902777777777778
-0.24182499999999996	0.1409477499999996	0.09388671875	0.07631944444444444
-0.21887499999999993	0.06324375000000027	0.09017968749999998	0.09493055555555556
-0.25329999999999997	0.18947400000000014	0.09283593750000002	0.07743055555555556
-0.2170749999999999	0.08325775000000046	0.08805859374999997	0.07652777777777779
-0.2388999999999999	0.16833600000000004	0.08890234374999997	0.07631944444444444
-0.23304999999999998	0.10010900000000023	0.09658593749999997	0.08388888888888889
-0.24744999999999995	0.1485789999999998	0.09887109374999992	0.0798611111111111
-0.20965	0.0690710000000001	0.09190234374999998	0.0776388888888889
-0.2593749999999999	0.24759375000000006	0.08669531249999998	0.08541666666666667
-0.21437499999999998	0.1043437500000004	0.09703124999999999	0.068125
-0.2316999999999999	0.1486240000000003	0.094609375	0.07944444444444444
-0.25397499999999995	0.08994975000000016	0.09091796875000002	0.07958333333333333
-0.22630000000000006	0.17225399999999969	0.09824609375	0.08472222222222223
-0.14125	0.12037499999999968	0.09085156249999998	0.08375
-0.23754999999999993	0.15517899999999996	0.09685156250000002	0.0770138888888889
-0.21685	0.1643509999999999	0.09146484374999998	0.07847222222222222
-0.18422499999999997	0.10757974999999975	0.09272656250000004	0.09000000000000001
-0.22765000000000002	0.10281099999999999	0.09500000000000003	0.08145833333333334
-0.23102500000000004	0.10624974999999948	0.0884765625	0.08333333333333333
-0.23282499999999995	0.14948775000000003	0.09587890624999995	0.07013888888888889
-0.18827499999999997	0.10587974999999972	0.09171093749999996	0.08263888888888889
-0.20784999999999998	0.05992100000000056	0.08037109374999998	0.081875
-0.26387499999999997	0.09999374999999988	0.08723437500000003	0.08118055555555556
-0.265675	0.09014774999999986	0.10152343750000001	0.07673611111111112
-0.240475	0.07282975000000036	0.09128125000000006	0.07520833333333334
-0.23462499999999997	0.12494374999999991	0.08376953125000003	0.08118055555555556
-0.177025	0.10547974999999976	0.09046875	0.08097222222222222
-0.19862499999999994	0.08549375000000037	0.09141015625000004	0.08409722222222223
-0.252625	0.22324374999999952	0.09927734375	0.07881944444444444
-0.19547500000000007	0.1381797499999995	0.08835546875000003	0.08319444444444445
-0.255325	0.1451377499999995	0.09323437500000005	0.08361111111111111
-0.22630000000000006	0.16300399999999948	0.09425781250000001	0.06993055555555555
-0.2080749999999999	0.13034775000000032	0.08511328124999999	0.08354166666666668
-0.231475	0.17649975000000007	0.09580859375	0.07798611111111112
