-0.5031000000000001	0.5540097499999987	0.20747055288461544	0.08156250000000001
-0.5134000000000001	0.6670109999999987	0.1925246394230768	0.0846875
-0.5351000000000001	0.8136997499999943	0.1982524038461539	0.09031249999999999
-0.47409999999999997	0.5547297500000035	0.19520552884615397	0.0796875
-0.47509999999999997	0.2709997500000014	0.18695012019230775	0.07765625
-0.4936999999999999	0.5242577500000039	0.19452403846153846	0.08578125
-0.5063	0.213507749999998	0.19652704326923087	0.08765625
-0.47650000000000003	0.5694437499999978	0.18621454326923065	0.0996875
-0.49039999999999995	0.360946000000002	0.19028725961538473	0.09093749999999999
-0.5297000000000001	0.4646977499999956	0.2100468749999999	0.08703125
-0.5148999999999999	0.3586997500000031	0.17858834134615384	0.08843749999999999
-0.5172000000000001	0.41710399999999836	0.20354927884615368	0.08125
-0.5433999999999999	0.5399110000000036	0.19793149038461538	0.07468749999999999
-0.538	0.4823999999999984	0.1972680288461538	0.08578125
-0.5341	0.2854297500000058	0.19933593749999995	0.0796875
-0.5139	0.5529197500000045	0.18420973557692308	0.09203125
-0.49970000000000003	0.502747750000001	0.20426682692307696	0.08296875000000001
-0.5138	0.7769890000000004	0.19542367788461523	0.09156249999999999
-0.5442	0.34165899999999993	0.21080408653846155	0.07984375
-0.5305	0.5712437500000007	0.1779447115384616	0.0953125
-0.5186	0.7181010000000008	0.19256430288461507	0.08968749999999999
-0.5333000000000001	0.5297777499999974	0.19185396634615387	0.081875
-0.47899999999999987	0.5604750000000038	0.18102584134615385	0.0775
-0.5021	0.5058897499999944	0.1983173076923077	0.08375
-0.47309999999999997	0.4789097499999997	0.1776796874999998	0.10625000000000001
-0.5435000000000001	0.517943749999997	0.20143810096153866	0.081875
-0.48640000000000005	0.5358759999999947	0.19191706730769204	0.08953124999999999
-0.5379	0.3915897500000014	0.2006844951923078	0.09109375
-0.5181	0.4373097500000078	0.20187259615384606	0.09046874999999999
-0.4948	0.7320739999999972	0.17699999999999994	0.09125
-0.5007999999999999	0.5609840000000048	0.18250781250000014	0.08328125
-0.48829999999999996	0.3860777500000019	0.19222536057692305	0.0846875
-0.5473000000000001	0.5620677499999935	0.21045793269230761	0.07859375
-0.5282	0.6523690000000002	0.18563762019230778	0.08625000000000001
-0.5017	0.510177750000004	0.1899645432692307	0.0821875
-0.5177	0.6754177500000047	0.2043173076923076	0.09515625
-0.4639	0.3344197500000021	0.18871694711538445	0.10500000000000001
-0.5173000000000001	0.35201774999999813	0.2110835336538463	0.0859375
-0.46950000000000003	0.42374374999999986	0.18626862980769227	0.094375
-0.4798	0.5427989999999987	0.17947355769230758	0.08375
-0.4567	0.6513777499999982	0.18671213942307693	0.1003125
-0.5215000000000001	0.4974437500000022	0.19827584134615378	0.08640625
-0.4878	0.16277900000000045	0.17303365384615393	0.09046874999999999
-0.5079	0.39968974999999674	0.1810312500000001	0.08046875
-0.5333999999999999	0.48986100000000476	0.19207572115384614	0.08109375
-0.5207000000000002	0.7917877499999975	0.1836382211538463	0.08750000000000001
-0.5314999999999999	0.6279437500000036	0.19515144230769244	0.0784375
-0.5192999999999999	0.42493775000000156	0.19891225961538453	0.0778125
-0.4936999999999999	0.3900077500000023	0.19985156250000002	0.0784375
-0.4948	0.6505739999999989	0.19164843749999988	0.08671875000000001
-0.4846999999999999	0.5818977500000031	0.20403605769230773	0.095
-0.5004	0.223746000000002	0.19021514423076918	0.079375
-0.5005000000000002	0.29749374999999745	0.19865084134615393	0.08390625
-0.524	0.5410999999999966	0.19121935096153833	0.07984375
-0.5314999999999999	0.35919375000000286	0.20803124999999995	0.0778125
-0.4795999999999999	0.5063460000000042	0.20073317307692323	0.09375
-0.5179	0.46148974999999837	0.1646141826923077	0.09359375
-0.4997999999999999	0.4002490000000023	0.1918034855769232	0.09296874999999999
-0.5294000000000001	0.40264099999999914	0.2106634615384613	0.07484375
-0.4941000000000001	0.49362974999999665	0.1847920673076924	0.0834375
-0.5034000000000001	0.4969609999999989	0.2080060096153845	0.08578125
-0.5114000000000001	0.4120009999999965	0.20428846153846142	0.08703125
-0.5085999999999999	0.4766510000000004	0.19122115384615407	0.0796875
-0.5204	0.49234599999999773	0.2047175480769231	0.08406250000000001
-0.47340000000000004	0.41731100000000154	0.1958437500000001	0.094375
-0.4981	0.6379097499999986	0.21674278846153855	0.07593749999999999
-0.5223	0.4940677499999957	0.19978124999999994	0.07046875
-0.5186	0.4928510000000017	0.20388641826923073	0.08796874999999998
-0.5327999999999999	0.4808540000000008	0.19154026442307687	0.08234375000000001
-0.5483	0.3891777499999982	0.21611538461538488	0.08921874999999999
-0.4932000000000001	0.45959399999999917	0.17109915865384612	0.08515625
-0.494	0.4896000000000029	0.18419350961538472	0.088125
-0.5147999999999999	0.23102400000000145	0.19004387019230784	0.08171875
-0.49160000000000004	0.38473599999999664	0.1831153846153845	0.08609375000000001
-0.5145	0.4827437500000009	0.193752403846154	0.07734375
-0.5106999999999999	0.6306377500000053	0.19761778846153855	0.09046874999999999
-0.5173999999999999	0.45093100000000064	0.19642067307692312	0.0778125
-0.5318	0.603469000000004	0.19776562499999997	0.08140625
-0.5388	0.5746140000000004	0.191578125	0.07890625
-0.4948	0.29882399999999976	0.20150661057692307	0.08125
-0.5284	0.4513359999999942	0.18824278846153875	0.07734375
-0.5130000000000001	0.2660249999999955	0.20113701923076927	0.0859375
-0.4999	0.3957497499999967	0.1975600961538461	0.08578125
-0.5233000000000001	0.5071777499999968	0.1919513221153846	0.08453125
-0.4787000000000001	0.3839077499999952	0.18184975961538466	0.09546874999999999
-0.5365	0.5194437500000006	0.18634254807692305	0.076875
-0.5316000000000001	0.5835359999999987	0.1885564903846154	0.08031250000000001
-0.4776	0.6732060000000004	0.19501262019230764	0.09828125
-0.4978999999999999	0.3148897500000025	0.1822968749999999	0.09218749999999999
-0.4941000000000001	0.6866297499999945	0.20708112980769222	0.09281249999999999
-0.5142	0.6562090000000005	0.17961598557692304	0.08640625
-0.48829999999999996	0.3655777500000035	0.19392728365384615	0.08046875
-0.5137	0.40280774999999736	0.2061868990384616	0.08125
-0.52	0.35625000000000284	0.20804567307692298	0.0975
-0.528	0.6874000000000038	0.21354266826923102	0.0775
-0.5403	0.5048977499999978	0.18865564903846163	0.0859375
-0.5447	0.5275477500000036	0.21600180288461518	0.0834375
-0.5189999999999999	0.2682250000000046	0.18186959134615394	0.0871875
-0.5356999999999998	0.4731377500000029	0.18903064903846156	0.07953125
-0.5165	0.5176937500000065	0.19254987980769228	0.09031249999999999
-0.506	0.5708499999999965	0.16965324519230773	0.08906249999999999
-0.49429999999999996	0.800437750000004	0.1947079326923075	0.09234375
-0.5333000000000001	0.2465277499999985	0.20279206730769203	0.07046875
-0.5303	0.7422977499999952	0.18539062500000003	0.09234375
-0.49550000000000005	0.30099374999999995	0.1964170673076924	0.08875
-0.5516999999999999	0.46667775000000233	0.21321093749999975	0.0859375
-0.4869	0.4262097500000017	0.19134735576923084	0.08453125
-0.47209999999999996	0.5540397500000012	0.17772656250000005	0.0990625
-0.5218	0.4513689999999997	0.19259314903846148	0.09031249999999999
-0.5432000000000001	0.3645940000000003	0.19563100961538454	0.08390625
-0.5385	0.49544374999999974	0.20860276442307668	0.07468749999999999
-0.5318	0.4462190000000028	0.20311478365384622	0.07796875
-0.49670000000000003	0.6772277499999966	0.1984939903846152	0.09046874999999999
-0.47850000000000004	0.6846937499999974	0.19535336538461529	0.10125
-0.5018	0.4301689999999958	0.184734375	0.0859375
-0.4766	0.4438110000000002	0.19467548076923075	0.08140625
-0.5047999999999999	0.440923999999999	0.19562740384615382	0.081875
-0.4922000000000001	0.49447899999999834	0.20906790865384642	0.095625
-0.5051999999999999	0.587574	0.2016508413461541	0.0765625
-0.48019999999999996	0.5231990000000017	0.1812241586538461	0.09203125
-0.5001	0.374749750000003	0.2027686298076924	0.08578125
-0.4810000000000001	0.4099749999999993	0.17974399038461544	0.0975
-0.5074999999999998	0.3798437500000027	0.19472776442307688	0.08546875000000001
-0.5130000000000001	0.408774999999995	0.18688882211538455	0.09171874999999999
-0.5150000000000001	0.38262499999999733	0.18134495192307679	0.08859375
-0.5327999999999999	0.576354000000002	0.19130408653846165	0.085
-0.5410999999999999	0.7007697499999992	0.19624939903846159	0.07703125
-0.5257999999999998	0.3288590000000049	0.1940643028846155	0.09156249999999999
-0.5169000000000001	0.45860974999999726	0.19116887019230774	0.08750000000000001
-0.5079	0.5504397499999953	0.1889819711538461	0.09109375
-0.5044	0.4707659999999976	0.1920036057692307	0.09390625
-0.46409999999999996	0.47352975000000086	0.18637139423076923	0.1003125
-0.5143	0.5838877499999953	0.19329086538461526	0.08546875000000001
-0.506	0.2950999999999979	0.2222073317307691	0.08843749999999999
-0.5211999999999999	0.2857640000000039	0.20169951923076926	0.08687500000000001
-0.5021	0.48463974999999593	0.1899086538461539	0.08953124999999999
-0.4949	0.40509975000000153	0.1806382211538462	0.098125
-0.5095000000000001	0.6324937499999983	0.20145252403846153	0.08281250000000001
-0.49529999999999996	0.6129477500000036	0.17332572115384612	0.09109375
-0.4856999999999999	0.6413877500000034	0.18113040865384614	0.08546875000000001
-0.4719	0.36500975000000224	0.19490264423076925	0.09125
-0.4856999999999999	0.48713775000000226	0.21301802884615395	0.09203125
-0.5116	0.48488600000000304	0.18574038461538486	0.094375
-0.5314999999999999	0.2296937500000027	0.2028605769230771	0.07796875
-0.5327	0.6872677500000002	0.1983641826923077	0.07921875
-0.508	0.3873999999999995	0.19110216346153847	0.0825
-0.5163	0.5491077499999975	0.1736790865384616	0.0834375
-0.5002	0.6419989999999949	0.20629687499999994	0.0953125
-0.5	0.4267499999999984	0.20398377403846163	0.09015625
-0.49019999999999997	0.2618490000000051	0.19733653846153856	0.07671875
-0.5006999999999999	0.5372377500000027	0.2045390625	0.0825
-0.5038	0.4776389999999999	0.19146995192307686	0.074375
-0.5330999999999999	0.543359750000004	0.19455108173076902	0.08375
-0.4769	0.3769097499999994	0.18017668269230766	0.09421874999999999
-0.486	0.44760000000000133	0.2067728365384615	0.08625000000000001
-0.5099	0.4517997499999993	0.18837800480769215	0.08281250000000001
-0.4888999999999999	0.2659197500000019	0.19414182692307674	0.09625
-0.5041	0.4583297499999972	0.18697716346153861	0.07578125
-0.5150000000000001	0.41462499999999736	0.191255408653846	0.091875
-0.5207999999999999	0.4016839999999995	0.1870402644230769	0.09093749999999999
-0.5176000000000001	0.525506	0.18839963942307686	0.08031250000000001
-0.5234000000000001	0.4498110000000004	0.17982692307692308	0.07906250000000001
-0.5086999999999999	0.5088577500000007	0.19614483173076908	0.09203125
-0.5305	0.4072437500000028	0.19827403846153838	0.07796875
-0.5383	0.48057775000000547	0.212316706730769	0.07171875
-0.504	0.6091000000000015	0.19912860576923064	0.07796875
-0.48819999999999997	0.4372690000000006	0.19017548076923085	0.09703125
-0.49870000000000003	0.4142077499999992	0.2044777644230769	0.09281249999999999
-0.4951000000000001	0.5551497499999982	0.19228485576923066	0.08984375
-0.5203	0.5061977500000054	0.20600661057692307	0.07921875
-0.5422	0.3427289999999985	0.18770372596153853	0.07734375
-0.5284	0.31533599999999495	0.2071334134615384	0.091875
-0.5246	0.46187099999999504	0.20070973557692307	0.090625
-0.5005000000000002	0.5429937499999973	0.17858473557692295	0.080625
-0.49550000000000005	0.5057437500000006	0.1887692307692308	0.0778125
-0.5194000000000001	0.3500909999999955	0.19677403846153857	0.08031250000000001
-0.508	0.37014999999999887	0.18123137019230762	0.095
-0.49350000000000005	0.6334437499999979	0.19339723557692315	0.09296874999999999
-0.48239999999999994	0.6342560000000006	0.17430649038461532	0.09328125
-0.5164	0.5235260000000039	0.19457992788461526	0.08843749999999999
-0.49260000000000004	0.6968809999999976	0.1975871394230769	0.08906249999999999
-0.5223	0.2838177499999972	0.20046995192307684	0.089375
-0.4939	0.4743197499999994	0.1874098557692309	0.08859375
-0.4831	0.40535975000000235	0.1915997596153846	0.09140625
-0.5166999999999999	0.4260277500000029	0.19803064903846157	0.07984375
-0.504	0.35685000000000144	0.20253786057692302	0.08906249999999999
-0.5191000000000001	0.35287974999999605	0.19736358173076957	0.085
-0.5367000000000002	0.6140777499999963	0.1846838942307691	0.08671875000000001
-0.5009999999999999	0.4529749999999986	0.20833052884615388	0.09125
-0.5310000000000001	0.3262249999999973	0.20392067307692308	0.08656250000000001
-0.5001	0.4342497500000029	0.19537860576923075	0.08843749999999999
-0.4885999999999999	0.42950100000000546	0.1901682692307693	0.08890624999999999
-0.48840000000000006	0.2013859999999994	0.20620853365384612	0.09
-0.48949999999999994	0.39299375000000225	0.21801201923076938	0.08750000000000001
-0.5545	0.5412437499999996	0.19150240384615402	0.0825
-0.5150999999999999	0.4367997499999987	0.192905048076923	0.07468749999999999
-0.5304	0.5848960000000005	0.2042451923076924	0.084375
-0.5103	0.5198477500000003	0.19920973557692292	0.08781250000000002
-0.5186999999999999	0.5345077500000031	0.19514603365384606	0.07468749999999999
-0.4625999999999999	0.5170310000000029	0.18837259615384622	0.0959375
-0.5053000000000001	0.6050477499999971	0.2015606971153846	0.08375
-0.5316000000000001	0.3845359999999971	0.19196754807692312	0.08578125
-0.5261	0.4624697500000039	0.19671454326923066	0.09765625
-0.5019	0.6471597500000001	0.1799621394230767	0.09609375
-0.5436999999999999	0.502507750000003	0.22209915865384636	0.07328124999999999
-0.5055000000000001	0.5649937500000028	0.2106544471153845	0.08421875000000001
-0.5233000000000001	0.6209277499999963	0.1954651442307693	0.0796875
-0.5079	0.5211897499999942	0.2137121394230768	0.0953125
-0.5108999999999999	0.5942797500000019	0.19026201923076913	0.0740625
-0.5074000000000001	0.5866310000000006	0.19693990384615376	0.08234375000000001
-0.4818	0.33496900000000096	0.18876382211538456	0.099375
-0.5287000000000002	0.5056577499999975	0.18731069711538467	0.08265625
-0.4568	0.4855940000000025	0.18436478365384626	0.095625
-0.5474000000000001	0.4355809999999991	0.19975420673076932	0.07296875
-0.5025999999999999	0.39458099999999874	0.19088040865384603	0.090625
-0.5243	0.5657377499999967	0.20678906249999993	0.0775
-0.532	0.28914999999999935	0.19549579326923072	0.081875
-0.5257999999999998	0.4996090000000031	0.18963281250000008	0.08515625
-0.5230999999999999	0.6174097500000002	0.19019170673076924	0.090625
-0.5032999999999999	0.5602277500000028	0.19777103365384602	0.08734375000000001
-0.5424	0.5995560000000033	0.1817560096153847	0.09046874999999999
-0.5105999999999999	0.4891910000000017	0.1866310096153844	0.08390625
-0.5127999999999999	0.45715399999999917	0.19353425480769246	0.08421875000000001
-0.49350000000000005	0.44794374999999675	0.20125781250000016	0.09093749999999999
-0.4375	0.4468437499999993	0.18152524038461526	0.1115625
-0.5225	0.48334375000000307	0.20272175480769228	0.08390625
-0.4971	0.5535397500000023	0.18114302884615377	0.08296875000000001
-0.5358	0.45945899999999895	0.2175919471153846	0.0825
-0.4942	0.34040900000000107	0.18020012019230763	0.09265625
-0.48949999999999994	0.4154937500000031	0.17519711538461524	0.08765625
-0.5083	0.5172777500000016	0.19784855769230775	0.08125
-0.5125	0.4928437499999987	0.19353425480769237	0.08171875
-0.5024	0.4981060000000035	0.19712019230769243	0.08156250000000001
-0.5263	0.3227077499999993	0.18931550480769233	0.08265625
-0.49550000000000005	0.3972437499999977	0.18808774038461532	0.08281250000000001
-0.5184	0.7637860000000032	0.18965444711538462	0.09093749999999999
-0.5217	0.5309777499999981	0.18305408653846145	0.08406250000000001
-0.4868	0.5888939999999998	0.1926382211538461	0.08421875000000001
-0.4941000000000001	0.5308797499999969	0.18352103365384628	0.09484375
-0.5018	0.6139189999999957	0.20126862980769217	0.083125
-0.4663999999999999	0.4880260000000014	0.17900300480769243	0.0975
-0.5228999999999999	0.43863975000000366	0.2073930288461539	0.08375
-0.5166999999999999	0.3367777500000031	0.18151262019230766	0.08375
-0.5144	0.6283160000000017	0.19130949519230778	0.08265625
-0.5322	0.5365790000000032	0.2047626201923079	0.0834375
-0.5242	0.557108999999997	0.19016646634615386	0.088125
-0.5182	0.5139689999999959	0.19393449519230777	0.09546874999999999
-0.5230999999999999	0.4569097500000012	0.191390625	0.07906250000000001
-0.5146000000000002	0.5544209999999943	0.20149579326923073	0.08625000000000001
-0.4877	0.3739677499999985	0.18408713942307686	0.08515625
-0.5119	0.4054597500000021	0.18137379807692305	0.08906249999999999
-0.49629999999999996	0.47640775000000346	0.1899591346153846	0.08984375
-0.5179	0.5224897499999983	0.192548076923077	0.08656250000000001
-0.5303	0.35254774999999583	0.1924146634615383	0.09171874999999999
-0.5245	0.5364937500000018	0.2021881009615384	0.08546875000000001
-0.5284	0.666335999999994	0.20637980769230777	0.09281249999999999
-0.5105	0.40974374999999696	0.1900150240384615	0.08125
-0.5181	0.26605975000000726	0.19851382211538454	0.08406250000000001
-0.48960000000000004	0.49954599999999516	0.18344170673076948	0.07921875
-0.5288999999999999	0.4651197499999995	0.18095552884615385	0.08015625
-0.5109999999999999	0.5087250000000054	0.20354206730769236	0.084375
-0.5303	0.36079774999999614	0.20572175480769234	0.08296875000000001
-0.49770000000000003	0.40236774999999625	0.19034675480769225	0.09281249999999999
-0.5005999999999999	0.41824100000000186	0.1973185096153846	0.08
-0.5145	0.4674937500000027	0.1956670673076923	0.09
-0.4901	0.5195497499999995	0.1917998798076923	0.08328125
-0.4719	0.5540097500000023	0.18702223557692305	0.0946875
-0.5163	0.49160775	0.19498197115384602	0.07796875
-0.5383	0.4298277500000047	0.19543449519230777	0.09
-0.5352000000000001	0.4375239999999998	0.2099963942307691	0.08859375
-0.5246999999999999	0.3697477499999984	0.18528966346153858	0.08
-0.5321	0.6517397500000008	0.2076778846153846	0.0809375
-0.5223	0.4598177499999956	0.18185516826923076	0.083125
-0.5063	0.4375077499999982	0.19756911057692322	0.09421874999999999
-0.5162	0.3621889999999972	0.20449038461538466	0.08046875
-0.4951000000000001	0.6046497499999965	0.1887800480769229	0.09328125
-0.5090999999999999	0.6419297500000063	0.1949693509615385	0.09421874999999999
-0.5156000000000001	0.39116599999999835	0.19503245192307686	0.08921874999999999
-0.5117	0.5458277499999973	0.1903449519230771	0.09796875
-0.4807	0.5831877499999969	0.1827908653846153	0.09328125
-0.5196000000000001	0.5191459999999992	0.19503425480769246	0.089375
-0.5249999999999999	0.6431250000000013	0.1875829326923077	0.07765625
-0.5114000000000001	0.5365009999999941	0.18581971153846155	0.08984375
-0.5432000000000001	0.4520939999999989	0.1791634615384617	0.08031250000000001
-0.5063	0.5795077499999977	0.18668509615384626	0.07718749999999999
-0.5218	0.3418689999999991	0.21267548076923076	0.0821875
-0.5226999999999999	0.6346177499999968	0.18696274038461533	0.08687500000000001
-0.5006999999999999	0.3667377500000022	0.1869645432692307	0.0965625
-0.5470000000000002	0.5245249999999935	0.19543449519230763	0.088125
-0.4987999999999999	0.5797139999999992	0.1863533653846153	0.10546875
-0.5245	0.6037437500000031	0.2050673076923077	0.08265625
-0.5111000000000001	0.6466697499999974	0.21120432692307706	0.08234375000000001
-0.5085999999999999	0.48790099999999725	0.18455408653846156	0.08234375000000001
-0.47850000000000004	0.5031937499999977	0.1810691105769232	0.09390625
-0.5061	0.5390697499999995	0.21456850961538476	0.07828125
-0.5144	0.396566	0.19705168269230766	0.08781250000000002
-0.5286	0.24905100000000147	0.1919513221153844	0.08296875000000001
-0.5015000000000001	0.3686937499999985	0.20723617788461562	0.08703125
-0.5175000000000001	0.18884374999999665	0.2045913461538461	0.076875
-0.5124	0.331156	0.18119891826923068	0.08781250000000002
-0.5093000000000001	0.4265877499999995	0.18345252403846135	0.08781250000000002
-0.49770000000000003	0.46186774999999614	0.19135276442307692	0.08
-0.5089000000000001	0.3745197499999975	0.18518509615384615	0.09453125
-0.4951000000000001	0.42314974999999677	0.1788822115384617	0.07828125
-0.5497999999999998	0.40474900000000247	0.19892307692307704	0.08156250000000001
-0.5191000000000001	0.4638797499999967	0.18951923076923075	0.07359375
-0.5045999999999999	0.4947210000000055	0.2085180288461539	0.09031249999999999
-0.5457000000000001	0.5390377499999985	0.19423377403846162	0.08296875000000001
-0.5067999999999999	0.5478440000000013	0.18754146634615387	0.09109375
-0.48539999999999994	0.5524210000000025	0.1907956730769233	0.08671875000000001
-0.4808999999999999	0.5008797500000028	0.1875811298076921	0.0925
-0.5013999999999998	0.4429510000000043	0.19272836538461535	0.09265625
-0.48829999999999996	0.4433277500000017	0.18492367788461533	0.10359375000000001
-0.5341	0.38367975000000243	0.21060216346153862	0.08015625
-0.4808999999999999	0.3836297500000043	0.1938479567307691	0.09421874999999999
-0.5146000000000002	0.5074209999999937	0.1912860576923078	0.0809375
-0.5268000000000002	0.3697939999999953	0.1874693509615384	0.08265625
-0.5490999999999999	0.7434797500000023	0.19267247596153836	0.08875
-0.5105999999999999	0.3671910000000018	0.19267608173076928	0.080625
-0.4878	0.529278999999999	0.18305588942307696	0.08390625
-0.47150000000000003	0.4624437499999985	0.17088822115384616	0.10625000000000001
-0.5086999999999999	0.3748577500000003	0.20040685096153826	0.08671875000000001
-0.5042	0.8810590000000005	0.18871514423076913	0.096875
-0.49849999999999994	0.388443750000004	0.19345312499999995	0.0784375
-0.5324	0.556006	0.18000721153846155	0.07875
-0.5112999999999999	0.3613077500000017	0.21114302884615377	0.090625
-0.4949	0.4140997500000019	0.20023737980769224	0.0796875
-0.4917	0.5075277500000013	0.198450721153846	0.08109375
-0.5186	0.6216010000000018	0.21223557692307665	0.07859375
-0.5218	0.500118999999998	0.1831694711538463	0.0821875
-0.5363	0.3015577500000006	0.19231189903846146	0.08078125
-0.5204	0.41834599999999966	0.20126682692307699	0.09015625
-0.48849999999999993	0.3849437500000015	0.1976177884615384	0.08375
-0.4948	0.5790739999999985	0.1923209134615386	0.0953125
-0.5092000000000001	0.5601339999999979	0.1848118990384614	0.08656250000000001
-0.5388	0.5158640000000005	0.1929338942307693	0.08484375000000001
-0.49130000000000007	0.5196077499999987	0.1950270432692307	0.0778125
-0.5267	0.42492775000000194	0.1852824519230768	0.0821875
-0.5196000000000001	0.29939600000000155	0.19592487980769252	0.07859375
-0.4781000000000001	0.3542597499999971	0.18451802884615398	0.0825
-0.4728999999999999	0.5473897500000042	0.18838161057692315	0.08531250000000001
-0.5172000000000001	0.44935399999999603	0.19886538461538467	0.08015625
-0.5043	0.3132877500000042	0.19015384615384617	0.07734375
-0.5128999999999999	0.4855897500000026	0.18490745192307695	0.093125
-0.5322	0.6500790000000052	0.19600420673076924	0.09171874999999999
-0.5215999999999998	0.36508600000000513	0.19772055288461549	0.09015625
-0.4909000000000001	0.7326797499999955	0.1834110576923077	0.0834375
-0.4951000000000001	0.6333997499999953	0.19969831730769216	0.09578125
-0.5401	0.6207997500000033	0.19976862980769225	0.07578125
-0.5166999999999999	0.5427777500000026	0.2125348557692306	0.08828124999999999
-0.45630000000000004	0.49625774999999805	0.18641646634615394	0.088125
-0.5032000000000001	0.49199399999999827	0.20248377403846154	0.07625
-0.5024	0.5456060000000029	0.1947439903846153	0.09046874999999999
-0.5083	0.6450277500000006	0.185165264423077	0.08390625
-0.5241	0.5404797500000029	0.1857007211538459	0.07906250000000001
-0.5253999999999999	0.48037100000000166	0.1974861778846152	0.08078125
-0.5017	0.46592775000000586	0.1884987980769231	0.08625000000000001
-0.49049999999999994	0.40024375000000134	0.21739182692307674	0.0871875
-0.524	0.5493499999999969	0.17968810096153837	0.08578125
-0.49629999999999996	0.2826577500000056	0.18089423076923072	0.10703125000000001
-0.5053000000000001	0.3960477499999975	0.19088221153846163	0.07609375
-0.5368999999999999	0.5314597499999998	0.1990276442307693	0.09375
-0.5403	0.4551477499999983	0.21362560096153843	0.08125
-0.5322	0.7978290000000037	0.20902283653846154	0.07828125
-0.508	0.2784000000000013	0.17622836538461545	0.085625
-0.502	0.7416499999999999	0.17582451923076933	0.09265625
-0.5111000000000001	0.5316697499999989	0.19426802884615374	0.08656250000000001
-0.5282	0.5031190000000016	0.1987878605769231	0.0809375
-0.5146999999999999	0.4315977499999981	0.1953335336538463	0.08796874999999998
-0.48849999999999993	0.6046937500000027	0.19498016826923067	0.08281250000000001
-0.48360000000000003	0.41377599999999504	0.205397235576923	0.08734375000000001
-0.518	0.7581500000000005	0.18929206730769232	0.075
-0.5153000000000001	0.45864774999999725	0.19055588942307683	0.09265625
-0.5148999999999999	0.3591997500000019	0.19150961538461542	0.08375
-0.5001	0.4099997500000043	0.20442187500000025	0.08515625
-0.49130000000000007	0.588857749999999	0.1872223557692308	0.07921875
-0.5045	0.24774374999999793	0.1928834134615386	0.08921874999999999
-0.5217	0.5759777499999963	0.18417007211538453	0.091875
-0.5016	0.37868600000000185	0.18859615384615386	0.09046874999999999
-0.4869	0.6089597500000004	0.2136868990384616	0.08406250000000001
-0.494	0.4426000000000023	0.19722475961538477	0.07390624999999999
-0.5205	0.47524375000000063	0.1982884615384615	0.08296875000000001
-0.518	0.7706500000000034	0.2083341346153847	0.08703125
-0.5249999999999999	0.45162499999999994	0.2020258413461538	0.07718749999999999
-0.5367999999999999	0.5996439999999978	0.1838888221153846	0.08734375000000001
-0.5256000000000001	0.5946159999999985	0.19568870192307683	0.0809375
-0.5462	0.5083890000000011	0.20664843749999992	0.08453125
-0.486	0.4936000000000007	0.18055528846153845	0.0925
-0.5265	0.4904437499999972	0.20384675480769232	0.08968749999999999
-0.4898999999999999	0.29294975000000534	0.19244891826923077	0.0978125
-0.5212999999999999	0.5204077500000039	0.1999020432692309	0.08484375000000001
-0.5184	0.4977860000000014	0.19384975961538467	0.08031250000000001
-0.5327999999999999	0.511604000000002	0.1827133413461538	0.08046875
-0.4890000000000001	0.6899749999999969	0.18778485576923076	0.08859375
-0.48750000000000004	0.6468437499999986	0.1767439903846154	0.09703125
-0.5001	0.552249750000005	0.20233593750000006	0.08875
-0.5147999999999999	0.2572739999999989	0.21055889423076926	0.08890624999999999
-0.5090999999999999	0.5104297500000037	0.18982572115384622	0.091875
-0.5212999999999999	0.24040775000000636	0.20050060096153832	0.08875
-0.5428000000000002	0.1339539999999957	0.19833894230769228	0.07234375
-0.5238	0.456589000000001	0.21310817307692326	0.07765625
-0.5077	0.625267749999999	0.17149038461538457	0.0753125
-0.528	0.2769000000000048	0.19380649038461528	0.07984375
-0.46140000000000003	0.47550099999999773	0.17969711538461536	0.10375000000000001
-0.48230000000000006	0.7121677499999954	0.19419050480769212	0.08046875
-0.5384	0.29863599999999835	0.2059326923076923	0.09093749999999999
-0.5004	0.6059960000000011	0.20634915865384618	0.0825
-0.4942	0.5799090000000007	0.20329687499999993	0.09453125
-0.53	0.4984999999999964	0.19485036057692323	0.08640625
-0.5114000000000001	0.5237509999999936	0.19924218749999983	0.08421875000000001
-0.47509999999999997	0.6772497500000014	0.1923245192307692	0.09703125
-0.5362	0.6804890000000015	0.20305709134615382	0.07828125
-0.5262	0.391338999999995	0.21041826923076912	0.0846875
-0.502	0.4776500000000006	0.19107872596153863	0.08609375000000001
-0.5297000000000001	0.45594774999999643	0.18684194711538477	0.08140625
-0.5201	0.7351497499999979	0.19574098557692293	0.07359375
-0.5042	0.4443090000000005	0.19677043269230782	0.07859375
-0.49659999999999993	0.6104610000000008	0.20255048076923066	0.08359375000000001
-0.4831	0.49285975000000093	0.18764423076923062	0.09734375
-0.49130000000000007	0.559107749999999	0.17618509615384623	0.08140625
-0.5353999999999999	0.5351710000000018	0.20141286057692312	0.098125
-0.5043	0.41603775000000454	0.18592427884615362	0.0775
-0.5325	0.38059375000000273	0.20307331730769224	0.084375
-0.4898999999999999	0.6154497500000033	0.18557992788461547	0.09828125
-0.49060000000000004	0.4962909999999958	0.20135697115384607	0.08781250000000002
-0.5286	0.47405099999999933	0.1871015625000002	0.08828124999999999
-0.5124	0.42015599999999864	0.19994711538461532	0.07359375
-0.5242	0.6186089999999957	0.19764483173076947	0.08359375000000001
-0.5256000000000001	0.33486600000000166	0.20976201923076937	0.08828124999999999
-0.5114000000000001	0.5700009999999942	0.1949405048076922	0.09031249999999999
-0.5337999999999998	0.30643900000000457	0.19124459134615385	0.08031250000000001
-0.4887	0.6385577499999968	0.2014110576923075	0.06890625
-0.45730000000000004	0.5224177499999989	0.18296935096153852	0.10546875
-0.5073000000000001	0.6046677499999973	0.18606850961538451	0.08421875000000001
-0.5224	0.39420599999999695	0.20580829326923072	0.08171875
-0.5150999999999999	0.5667997499999977	0.19218209134615402	0.08640625
-0.5246	0.1821209999999951	0.18969951923076916	0.08375
-0.54	0.649249999999995	0.19210817307692307	0.081875
-0.5243	0.5507377499999961	0.1832199519230769	0.091875
-0.5087999999999999	0.8288140000000013	0.18827524038461563	0.08765625
-0.5242	0.4628589999999946	0.19609615384615375	0.09234375
-0.4724999999999999	0.5320937500000014	0.19408593750000006	0.098125
-0.528	0.7944000000000031	0.1967686298076924	0.09328125
-0.49130000000000007	0.7298577500000007	0.18378786057692295	0.08390625
-0.5066000000000002	0.4704109999999986	0.1942337740384616	0.07890625
-0.5151999999999999	0.3679740000000038	0.19082091346153843	0.08234375000000001
-0.5024	0.5183560000000043	0.18810216346153869	0.08906249999999999
-0.5253999999999999	0.5971210000000013	0.18782632211538453	0.08171875
-0.49949999999999994	0.5289937500000015	0.1962079326923078	0.0846875
-0.5028000000000001	0.5983039999999988	0.183243389423077	0.08406250000000001
-0.5314999999999999	0.5861937500000032	0.19979387019230763	0.07859375
-0.5064	0.3237260000000006	0.2000012019230771	0.08375
-0.4737	0.4964577499999976	0.1990853365384615	0.08828124999999999
-0.5151999999999999	0.5412240000000033	0.2069711538461539	0.07859375
-0.5047000000000001	0.626447749999997	0.1849110576923077	0.088125
-0.5577999999999999	0.30822900000000075	0.19807752403846163	0.088125
-0.5166	0.619610999999999	0.2058623798076923	0.08406250000000001
-0.494	0.6266000000000034	0.1856556490384616	0.085625
-0.5067999999999999	0.47534399999999977	0.20431911057692304	0.07953125
-0.5413000000000001	0.48335774999999614	0.19572295673076912	0.08
-0.5390999999999999	0.41952975000000237	0.20854867788461579	0.07921875
-0.4929	0.483739749999998	0.18791286057692294	0.08781250000000002
-0.526	0.6043500000000002	0.20565144230769233	0.08578125
-0.506	0.7008499999999991	0.20738581730769245	0.0871875
-0.47550000000000003	0.5474937499999974	0.19204507211538452	0.108125
-0.5265	0.4891937499999983	0.20544411057692274	0.09421874999999999
-0.5041	0.703829749999997	0.18433413461538448	0.08578125
-0.5089000000000001	0.0962697499999976	0.18575300480769225	0.07875
-0.4859	0.4167797499999999	0.18139362980769225	0.09203125
-0.4507	0.7469877500000024	0.18200120192307695	0.10265625
-0.5364	0.44387599999999594	0.1897067307692308	0.07625
-0.5454000000000001	0.5169709999999981	0.20295252403846153	0.07593749999999999
-0.4901	0.45729975000000067	0.194268028846154	0.08609375000000001
-0.5108999999999999	0.5787797499999989	0.20034194711538467	0.08640625
-0.5	0.5465000000000018	0.20961237980769248	0.09125
-0.5115000000000001	0.33569374999999724	0.18655709134615386	0.09109375
-0.4618	0.5510190000000001	0.2038539663461541	0.08968749999999999
-0.5057	0.6341877499999988	0.20510336538461554	0.08296875000000001
-0.4688000000000001	0.3654139999999977	0.18827884615384624	0.10046875
-0.5358	0.6024589999999961	0.2005871394230767	0.08656250000000001
-0.49860000000000004	0.343200999999997	0.20953305288461538	0.08890624999999999
-0.49339999999999995	0.6196610000000042	0.203756610576923	0.09171874999999999
-0.49870000000000003	0.7929577499999994	0.2065042067307693	0.0996875
-0.5352999999999999	0.658597750000002	0.19544350961538476	0.08703125
-0.5041	0.3988297499999973	0.19370913461538464	0.07484375
-0.4885999999999999	0.3602510000000052	0.17991526442307687	0.0959375
-0.5247999999999999	0.38337400000000343	0.20626622596153826	0.0765625
-0.4941000000000001	0.4406297499999958	0.2030606971153845	0.089375
-0.5313000000000001	0.3735077499999946	0.1896003605769232	0.0809375
-0.5494999999999999	0.5049937500000041	0.18615324519230744	0.08125
-0.5481	0.6759097500000024	0.18791286057692325	0.08796874999999998
-0.5117	0.6180777499999976	0.18102043269230758	0.08781250000000002
-0.5108000000000001	0.5263339999999985	0.19758713942307715	0.09125
-0.5287000000000002	0.35190774999999874	0.1932674278846154	0.07203125
-0.5246999999999999	0.5799977500000004	0.2028227163461539	0.08656250000000001
-0.5169000000000001	0.43460974999999635	0.19410757211538465	0.085625
-0.46530000000000005	0.4971477499999999	0.20004447115384616	0.08859375
-0.5297000000000001	0.8051977499999943	0.20562980769230768	0.09218749999999999
-0.5153000000000001	0.5961477499999965	0.1981262019230769	0.08375
-0.4928000000000001	0.5822039999999973	0.1999308894230769	0.10046875
-0.5032999999999999	0.5564777500000027	0.21000180288461553	0.0825
-0.48219999999999996	0.2988290000000049	0.1776328125	0.07765625
-0.5545	0.36549374999999884	0.2176370192307694	0.06953125
-0.5219	0.7487597500000014	0.19677043269230776	0.075625
-0.5158	0.4312590000000043	0.19324759615384607	0.08359375000000001
-0.5031000000000001	0.47800974999999823	0.19017728365384615	0.08515625
-0.506	0.5528499999999958	0.18150901442307701	0.08640625
-0.47940000000000005	0.4278909999999989	0.16831730769230763	0.09625
-0.48949999999999994	0.591493750000005	0.1943743990384616	0.09218749999999999
-0.5335000000000001	0.5066937499999966	0.19908173076923086	0.08859375
-0.49130000000000007	0.4441077500000006	0.20076742788461543	0.08156250000000001
-0.48130000000000006	0.46900774999999584	0.19408954326923067	0.09796875
-0.5203	0.40069775000000263	0.18723858173076907	0.08953124999999999
-0.49130000000000007	0.706107750000001	0.20189423076923074	0.083125
-0.5238	0.2735890000000012	0.20757692307692294	0.083125
-0.4942	0.4651589999999999	0.19835877403846133	0.0821875
-0.5169000000000001	0.731609749999997	0.1959843750000001	0.091875
-0.5073000000000001	0.5139177499999974	0.18384014423076922	0.093125
-0.4951000000000001	0.5478997499999956	0.18720612980769225	0.095
-0.5196999999999998	0.49129775000000464	0.19151141826923074	0.085625
-0.5224	0.5932059999999986	0.18608653846153855	0.08140625
-0.5154000000000001	0.5323209999999996	0.1978918269230767	0.08890624999999999
-0.5378000000000001	0.7027789999999996	0.1925769230769229	0.08546875000000001
-0.5115000000000001	0.6139437499999971	0.17504747596153833	0.08734375000000001
-0.48819999999999997	0.31776900000000197	0.1777608173076924	0.089375
-0.5064	0.427226000000001	0.19090925480769216	0.09265625
-0.5038	0.7206389999999985	0.17862079326923058	0.09671874999999999
-0.5042	0.4228090000000009	0.19447355769230762	0.0953125
-0.4919	0.539859749999998	0.1756568509615383	0.09609375
-0.5285	0.5644437499999988	0.20558834134615378	0.08046875
-0.4981	0.45465975000000114	0.19321694711538465	0.093125
-0.5118	0.49701900000000165	0.19975060096153846	0.07984375
-0.5557000000000001	0.5521877499999981	0.1919603365384615	0.075625
-0.5064	0.2782260000000001	0.19984615384615398	0.0825
-0.502	0.22515000000000285	0.20176442307692283	0.08546875000000001
-0.4941000000000001	0.5383797499999972	0.19757812499999972	0.08484375000000001
-0.4776999999999999	0.30331775000000505	0.20672596153846146	0.08640625
-0.5295000000000001	0.5277437500000026	0.21005949519230793	0.090625
-0.5074000000000001	0.6943809999999999	0.18418449519230776	0.08546875000000001
-0.5098	0.5960989999999988	0.20650240384615362	0.07609375
-0.478	0.32640000000000313	0.18517427884615373	0.09359375
-0.48740000000000006	0.6242809999999999	0.19361177884615377	0.09125
-0.4696	0.3603960000000015	0.1866292067307691	0.09828125
-0.5055999999999998	0.7249660000000056	0.18840685096153842	0.095625
-0.49260000000000004	0.4701309999999985	0.19922055288461543	0.0721875
-0.4880000000000001	0.539399999999997	0.18720973557692303	0.07875
-0.48439999999999994	0.5424160000000029	0.1899663461538464	0.08328125
-0.482	0.6538999999999966	0.18521394230769236	0.08265625
-0.5087999999999999	0.32306400000000224	0.19653245192307686	0.09281249999999999
-0.4938	0.3952889999999947	0.19492788461538452	0.08984375
-0.5028000000000001	0.389053999999998	0.20072415865384607	0.09625
-0.5249000000000001	0.43974974999999716	0.18640384615384614	0.08234375000000001
-0.5183	0.49212775000000164	0.1925787259615384	0.08609375000000001
-0.5375999999999999	0.2874060000000007	0.2038305288461537	0.08203125
-0.5112000000000001	0.531364	0.19656129807692307	0.08328125
-0.4898	0.3718989999999991	0.18907932692307694	0.09
-0.5615000000000001	0.6464437499999995	0.18701322115384617	0.08640625
-0.4846999999999999	0.5513977500000031	0.1928437500000002	0.09125
-0.4688000000000001	0.5041639999999994	0.16359555288461533	0.08609375000000001
-0.5144	0.6003159999999994	0.19149158653846152	0.08281250000000001
-0.5173999999999999	0.5356810000000003	0.19566706730769212	0.080625
-0.4901	0.5155497500000017	0.20247656249999998	0.0940625
-0.5225	0.5540937499999998	0.19881490384615386	0.08421875000000001
-0.5196999999999998	0.6775477500000022	0.20306430288461524	0.07796875
-0.47	0.37025000000000574	0.1829657451923077	0.091875
-0.47850000000000004	0.6246937499999987	0.202162860576923	0.09015625
-0.49629999999999996	0.5686577500000034	0.18595492788461537	0.08906249999999999
-0.4858	0.48445899999999753	0.20865685096153833	0.08750000000000001
-0.5195000000000001	0.5244937499999978	0.19443209134615394	0.08203125
-0.5127000000000002	0.3917177499999944	0.21181189903846126	0.0965625
-0.5047999999999999	0.42267400000000066	0.19495853365384608	0.0965625
-0.5346	0.6395710000000001	0.1978539663461538	0.09031249999999999
-0.5167999999999999	0.38144400000000545	0.20104326923076937	0.07328124999999999
-0.5103	0.5440977500000024	0.20628245192307695	0.08546875000000001
-0.4928000000000001	0.5134539999999959	0.18715024038461545	0.0765625
-0.5283	0.4424777500000019	0.19062980769230758	0.08406250000000001
-0.5047000000000001	0.6976977499999961	0.19480528846153844	0.08453125
-0.48750000000000004	0.44584375000000165	0.19616105769230785	0.085625
-0.5054000000000001	0.5827709999999975	0.18619831730769226	0.07625
-0.4738	0.7083390000000023	0.2023125000000002	0.09390625
-0.4781000000000001	0.46750974999999784	0.1959194711538461	0.0965625
-0.5124	0.4631559999999979	0.19664062500000007	0.0859375
-0.5397000000000001	0.45059775	0.2057127403846155	0.07875
-0.5037	0.503657749999995	0.195149639423077	0.089375
-0.4865999999999999	0.6590109999999996	0.17654026442307696	0.08546875000000001
-0.5161	0.4590197499999995	0.20394050480769235	0.08953124999999999
-0.5135000000000001	0.46219375000000085	0.18121875000000007	0.08828124999999999
-0.5013000000000001	0.41520775000000043	0.20460757211538455	0.084375
-0.4961	0.5298697499999996	0.20239903846153828	0.08609375000000001
-0.4968999999999999	0.45175975000000435	0.20168509615384614	0.088125
-0.5122	0.4935289999999988	0.18809675480769247	0.08781250000000002
-0.5170999999999999	0.43193975000000506	0.1984399038461539	0.07359375
-0.5406	0.41404099999999744	0.18624158653846165	0.08203125
-0.5217	0.5639777499999958	0.2054837740384614	0.07859375
-0.48539999999999994	0.41817100000000096	0.19359375000000023	0.09203125
-0.5095000000000001	0.45124374999999617	0.1849020432692308	0.09015625
-0.5268000000000002	0.2612939999999959	0.20576502403846159	0.07890625
-0.5333999999999999	0.5671110000000041	0.2030751201923078	0.07703125
-0.5005000000000002	0.5509937499999964	0.17975480769230778	0.0975
-0.4819000000000001	0.47330974999999853	0.18746935096153852	0.0925
-0.5257000000000001	0.3064877500000023	0.20639062499999983	0.07953125
-0.49939999999999996	0.38949100000000314	0.1906442307692307	0.09218749999999999
-0.5159	0.4339297499999972	0.18559795673076934	0.09281249999999999
-0.5062	0.21503900000000442	0.18764242788461527	0.0825
-0.5222	0.5904290000000039	0.20017247596153845	0.08031250000000001
-0.46530000000000005	0.3846477499999992	0.20725420673076944	0.08656250000000001
-0.5063	0.36100774999999885	0.20077283653846167	0.076875
-0.4926999999999999	0.5251677500000014	0.1827295673076923	0.08156250000000001
-0.5013000000000001	0.52895775	0.19039543269230771	0.09156249999999999
-0.4657	0.35208774999999903	0.19655949519230775	0.10250000000000001
-0.5002	0.509998999999997	0.19032331730769197	0.09156249999999999
-0.486	0.4633500000000019	0.19822536057692322	0.0940625
-0.4808	0.5672840000000008	0.18815625000000005	0.083125
-0.4907999999999999	0.4078840000000028	0.19763401442307688	0.0946875
-0.5333999999999999	0.4203610000000033	0.1777193509615384	0.09609375
-0.48619999999999997	0.38523899999999855	0.19313762019230768	0.08859375
-0.5069000000000001	0.2533097499999961	0.1870330528846153	0.10250000000000001
-0.49550000000000005	0.45999374999999887	0.2142097355769232	0.08484375000000001
-0.5144	0.44806600000000074	0.1921640625	0.08515625
-0.5058	0.43040900000000093	0.1978647836538462	0.09218749999999999
-0.5244	0.44861600000000124	0.2030661057692308	0.08671875000000001
-0.5222	0.47792900000000316	0.19896274038461545	0.088125
-0.5085999999999999	0.5689010000000003	0.18734314903846155	0.08968749999999999
-0.5039	0.30761975000000064	0.1989915865384615	0.08
-0.5130000000000001	0.29827499999999674	0.20629867788461537	0.084375
-0.5	0.6015000000000015	0.19377944711538453	0.08265625
-0.5333000000000001	0.4390277499999975	0.19365865384615377	0.08656250000000001
-0.5119	0.4262097500000017	0.19497295673076925	0.07875
-0.5198	0.5979489999999963	0.19650000000000012	0.07828125
-0.4987999999999999	0.20821400000000168	0.19307091346153848	0.074375
-0.5448	0.17232399999999615	0.19811899038461533	0.08156250000000001
-0.5508	0.5434840000000065	0.20282812500000008	0.08484375000000001
-0.48339999999999994	0.6256109999999993	0.1861532451923076	0.08953124999999999
-0.5105999999999999	0.45544100000000043	0.17847295673076946	0.0871875
-0.5367999999999999	0.3118939999999988	0.1981532451923077	0.07125000000000001
-0.5714000000000001	0.3505509999999994	0.19260576923076914	0.08328125
-0.5164	0.6477760000000039	0.19089843749999982	0.0978125
-0.5002	0.7777489999999965	0.18460456730769234	0.0978125
-0.5045	0.312493749999998	0.20138581730769223	0.08859375
-0.5377000000000001	0.614717749999997	0.19553906249999997	0.08281250000000001
-0.5102	0.38089899999999943	0.17278124999999991	0.078125
-0.5134000000000001	0.5990109999999973	0.1981171875	0.08156250000000001
-0.4973000000000001	0.42681774999999433	0.17842968749999993	0.0953125
-0.48719999999999997	0.46215400000000173	0.18437920673076924	0.09203125
-0.49960000000000004	0.48399599999999765	0.19976502403846158	0.084375
-0.48949999999999994	0.5889937500000038	0.1918954326923078	0.088125
-0.4919	0.41735974999999925	0.21199939903846168	0.07515625
-0.4960000000000001	0.4525999999999968	0.17828004807692316	0.083125
-0.504	0.6443500000000029	0.1942644230769231	0.09015625
-0.48219999999999996	0.5095790000000058	0.18387439903846164	0.09953125
-0.48849999999999993	0.330943750000003	0.17765264423076932	0.1040625
-0.48550000000000004	0.4704937499999957	0.16761418269230768	0.09390625
-0.5228999999999999	0.28063975000000596	0.19161959134615386	0.0940625
-0.5047999999999999	0.5854239999999997	0.21822115384615393	0.07703125
-0.5145	0.4862437500000034	0.20305709134615396	0.08703125
-0.5007999999999999	0.41173400000000626	0.1915276442307693	0.095625
-0.4912000000000001	0.6038139999999963	0.1749915865384614	0.09140625
-0.5166	0.6746109999999987	0.17995673076923085	0.09609375
-0.49160000000000004	0.6042359999999967	0.20292187499999975	0.08109375
-0.5101	0.5744497499999959	0.1950721153846155	0.08265625
-0.5228999999999999	0.37963975000000616	0.1893353365384614	0.07390624999999999
-0.49970000000000003	0.376997750000001	0.1953659855769232	0.08031250000000001
-0.5201	0.24064974999999933	0.1911868990384617	0.07984375
-0.5077	0.4872677500000009	0.19467908653846167	0.081875
-0.5157	0.5108377500000003	0.19948557692307697	0.07390624999999999
-0.522	0.5721499999999935	0.1889134615384615	0.080625
-0.5074999999999998	0.366093750000001	0.1975348557692307	0.08578125
-0.5208999999999999	0.49307975000000326	0.18011177884615376	0.08406250000000001
-0.5253000000000001	0.46799774999999855	0.20031490384615375	0.08281250000000001
-0.5045	0.5477437499999986	0.186018028846154	0.09625
-0.5054000000000001	0.5890209999999954	0.19670913461538447	0.08578125
-0.538	0.4321499999999965	0.19578425480769235	0.084375
-0.5476000000000001	0.3986059999999938	0.19484314903846162	0.07765625
-0.5054000000000001	0.5485209999999974	0.1802181490384616	0.07250000000000001
-0.5132999999999999	0.7293277500000066	0.18437379807692292	0.08265625
-0.49649999999999994	0.32944374999999937	0.1892361778846155	0.08906249999999999
-0.4971	0.5975397499999993	0.18959495192307685	0.1103125
-0.5203	0.2771977500000027	0.19895913461538467	0.07953125
-0.5335000000000001	0.40319374999999624	0.19678665865384615	0.08109375
-0.5257999999999998	0.3118590000000019	0.2062914663461538	0.08640625
-0.4897	0.5875977499999969	0.20181850961538467	0.09515625
-0.49870000000000003	0.5584577499999988	0.19306009615384617	0.09578125
-0.4962	0.3601390000000002	0.1883401442307691	0.094375
-0.4766999999999999	0.3726777500000047	0.17083413461538471	0.10828125
-0.5287999999999999	0.47201399999999794	0.1859062500000001	0.09
-0.5268000000000002	0.19129399999999563	0.20677103365384614	0.08765625
-0.49949999999999994	0.4509937500000021	0.20430108173076927	0.08375
-0.5226000000000002	0.513980999999994	0.20034014423076918	0.08734375000000001
-0.5169999999999999	0.4712750000000021	0.20009314903846154	0.07625
-0.5167999999999999	0.6164440000000049	0.17379627403846143	0.08375
-0.491	0.4594750000000012	0.1861893028846154	0.08984375
-0.5234999999999999	0.2514437500000035	0.20109555288461547	0.07609375
-0.5323	0.4644177499999991	0.18185877403846148	0.09031249999999999
-0.5090999999999999	0.5259297500000066	0.17786358173076924	0.09265625
-0.506	0.5225999999999971	0.1806454326923079	0.085625
-0.5024	0.4698560000000036	0.2043894230769231	0.0825
-0.49629999999999996	0.2866577500000034	0.2058749999999999	0.093125
-0.5194000000000001	0.6648409999999956	0.1839014423076924	0.08578125
-0.5287000000000002	0.27140774999999806	0.19776021634615384	0.08109375
-0.5215000000000001	0.4694437500000035	0.1886971153846153	0.08953124999999999
-0.49749999999999994	0.21609375000000242	0.1811087740384617	0.07765625
-0.5314000000000001	0.4851010000000002	0.19159615384615372	0.090625
-0.5245	0.7104937500000013	0.1900492788461537	0.094375
-0.5051000000000001	0.7875997499999983	0.19037199519230769	0.08875
-0.4842000000000001	0.676008999999997	0.18672295673076927	0.0975
-0.532	0.3271499999999996	0.20648978365384613	0.0809375
-0.5043	0.4620377500000039	0.18389783653846162	0.0846875
-0.5217	0.313477749999997	0.19557331730769228	0.07921875
-0.5054000000000001	0.3597709999999985	0.17823137019230784	0.09343749999999999
-0.49949999999999994	0.30699375000000373	0.19295012019230773	0.08953124999999999
-0.478	0.6774000000000058	0.1863028846153847	0.08609375000000001
-0.542	0.5391499999999994	0.18984375000000003	0.0834375
-0.4696999999999999	0.4175477500000042	0.19321514423076938	0.08890624999999999
-0.5045	0.40199374999999904	0.19721935096153842	0.09046874999999999
-0.47650000000000003	0.5666937499999953	0.18288100961538473	0.094375
-0.5169000000000001	0.26010974999999803	0.20135877403846136	0.08453125
-0.48009999999999997	0.6363497499999973	0.1782349759615385	0.09296874999999999
-0.5115000000000001	0.3291937499999982	0.18664723557692314	0.08906249999999999
-0.48629999999999995	0.3348077499999995	0.19138701923076934	0.08109375
-0.5170999999999999	0.6784397500000061	0.20043209134615408	0.08203125
-0.5081	0.27760975000000343	0.18287560096153843	0.07875
-0.4696999999999999	0.4500477500000031	0.18698076923076923	0.09921875
-0.48249999999999993	0.6378437500000054	0.17178605769230776	0.08453125
-0.5243	0.4659877499999965	0.1924687499999999	0.08656250000000001
-0.5545	0.4087437499999993	0.20152283653846148	0.08484375000000001
-0.5267	0.23117775000000051	0.1981893028846154	0.08078125
-0.4831	0.3193597500000003	0.17841887019230762	0.09156249999999999
-0.5067999999999999	0.3565940000000012	0.20871634615384604	0.07890625
-0.49429999999999996	0.6874377500000044	0.19453665865384615	0.094375
-0.5215999999999998	0.5110860000000059	0.19699579326923072	0.08046875
-0.4887	0.3960577499999971	0.19597716346153848	0.08156250000000001
-0.5154999999999998	0.7167437500000027	0.2046039663461537	0.08140625
-0.4992000000000001	0.6607339999999944	0.17619050480769233	0.08578125
-0.5452999999999999	0.4866977500000047	0.20531610576923076	0.07890625
-0.5210000000000001	0.6697249999999961	0.2086027644230767	0.08875
-0.5163	0.4061077500000003	0.204486778846154	0.08734375000000001
-0.5324	0.5295059999999978	0.1776868990384617	0.095
-0.514	0.3763499999999951	0.20149038461538477	0.0796875
-0.48949999999999994	0.5057437500000042	0.20317427884615397	0.08109375
-0.5246999999999999	0.5044977499999987	0.19520012019230787	0.084375
-0.5035000000000001	0.3394437499999974	0.2012037259615384	0.07890625
-0.5310000000000001	0.6357249999999972	0.1806201923076922	0.08921874999999999
-0.5059	0.45712975000000355	0.1967776442307691	0.080625
-0.49019999999999997	0.5433490000000063	0.18181730769230775	0.08671875000000001
-0.4888	0.3473639999999989	0.18633894230769224	0.08125
-0.5276000000000001	0.3997060000000019	0.19146634615384606	0.083125
-0.5262	0.3948389999999975	0.1882986778846154	0.07312500000000001
-0.5223	0.6885677499999971	0.18478124999999995	0.090625
-0.5055999999999998	0.5532160000000061	0.20701622596153865	0.07906250000000001
-0.49839999999999995	0.41393599999999964	0.1860504807692308	0.08859375
-0.4698	0.47819900000000004	0.1854735576923076	0.094375
-0.5336000000000001	0.49552599999999813	0.19422295673076917	0.0846875
-0.4817	0.2813777499999972	0.2083575721153848	0.09078125
-0.5322	0.5215790000000027	0.18823016826923092	0.07625
-0.4912000000000001	0.6700639999999964	0.18075000000000002	0.09734375
-0.5167999999999999	0.7589440000000032	0.18508954326923083	0.0825
-0.5466	0.48721100000000206	0.1977548076923078	0.08484375000000001
-0.49309999999999987	0.6638097500000057	0.18819411057692292	0.096875
-0.4941000000000001	0.6506297499999967	0.1977493990384616	0.09171874999999999
-0.48640000000000005	0.4606259999999942	0.1911201923076924	0.08734375000000001
-0.5286	0.7475510000000014	0.2023305288461537	0.07640625
-0.5063	0.46275774999999797	0.1955120192307691	0.090625
-0.4952	0.6321739999999991	0.19449338942307692	0.089375
-0.5206	0.3318910000000024	0.1987301682692306	0.08406250000000001
-0.48160000000000003	0.18278599999999656	0.17232151442307705	0.0940625
-0.45419999999999994	0.36780900000000116	0.18139362980769247	0.09281249999999999
-0.47629999999999995	0.8297077499999972	0.19017187500000005	0.09765625
-0.5165	0.47644375000000494	0.18440985576923086	0.07890625
-0.534	0.5043499999999987	0.19432752403846165	0.08640625
-0.5182	0.3612189999999984	0.17962680288461524	0.07953125
-0.5307	0.2996877499999968	0.21450540865384626	0.06734375
-0.514	0.4525999999999968	0.18949399038461537	0.09984375000000001
-0.5509	0.38597974999999707	0.20120012019230765	0.07468749999999999
-0.5482	0.3406690000000019	0.19237139423076915	0.084375
-0.5203	0.6071977500000045	0.19907632211538467	0.09234375
-0.5271000000000001	0.4706397499999966	0.19679206730769244	0.09171874999999999
-0.4791000000000001	0.6475797499999985	0.2024855769230768	0.08765625
-0.5272000000000001	0.5045040000000007	0.18978064903846165	0.08265625
-0.4766999999999999	0.49167775000000447	0.18490745192307692	0.0990625
-0.5164	0.36177600000000254	0.2009531249999999	0.0859375
-0.5388999999999999	0.40066975000000227	0.18417187499999987	0.08890624999999999
-0.5098	0.6413489999999982	0.20014543269230764	0.081875
-0.5156000000000001	0.5564159999999951	0.20832872596153826	0.08140625
-0.5269999999999999	0.5067750000000046	0.1889873798076924	0.09343749999999999
-0.4932000000000001	0.5248439999999981	0.1862217548076922	0.088125
-0.4831	0.4191097500000005	0.21152343749999986	0.08515625
-0.5037	0.36915774999999584	0.18463521634615376	0.079375
-0.5325	0.4138437500000052	0.202045673076923	0.08765625
-0.4888999999999999	0.27766975000000116	0.18825901442307685	0.08796874999999998
-0.4968999999999999	0.29550975000000435	0.19152944711538455	0.0871875
-0.5486	0.7382009999999966	0.2023125	0.07953125
-0.49570000000000003	0.605787749999994	0.20304627403846132	0.09125
-0.5181	0.30030975000000737	0.19254086538461557	0.08046875
-0.5013999999999998	0.4764510000000044	0.21321274038461524	0.08453125
-0.5177	0.6469177500000036	0.19035757211538468	0.07625
-0.4939	0.6240697500000003	0.17209975961538454	0.08906249999999999
-0.49960000000000004	0.5509959999999978	0.18564122596153834	0.08406250000000001
-0.49339999999999995	0.32816100000000503	0.1965288461538462	0.08875
-0.4877	0.5449677499999979	0.19392548076923077	0.0871875
-0.4821	0.4212397500000016	0.20154266826923084	0.08781250000000002
-0.5188000000000001	0.3321639999999988	0.19632331730769226	0.07718749999999999
-0.5032999999999999	0.7249777500000043	0.1708774038461538	0.09078125
-0.4810000000000001	0.3207249999999995	0.17801862980769229	0.09640625
-0.5135000000000001	0.5771937499999993	0.19931971153846173	0.09578125
-0.4993000000000001	0.5769877500000007	0.18332091346153828	0.09453125
-0.5124	0.3686559999999979	0.19511177884615377	0.08515625
-0.4719	0.3905097500000032	0.18213822115384606	0.0825
-0.5451000000000001	0.522899749999997	0.21511838942307687	0.07828125
-0.5264	0.6625760000000049	0.19723197115384622	0.0753125
-0.5055999999999998	0.3252160000000046	0.2001688701923076	0.0990625
-0.5346	0.6165710000000004	0.19726081730769218	0.07890625
-0.49649999999999994	0.41194374999999894	0.17134435096153858	0.10749999999999998
-0.5112999999999999	0.4780577500000014	0.20051502403846147	0.08765625
-0.5065	0.17669375000000187	0.1957914663461539	0.08531250000000001
-0.49629999999999996	0.7811577500000055	0.22120673076923086	0.0846875
-0.5192000000000001	0.5542839999999991	0.18238701923076928	0.0809375
-0.5214000000000001	0.6003009999999982	0.1975240384615383	0.08640625
-0.5169999999999999	0.5505250000000004	0.19483052884615384	0.09125
-0.4898999999999999	0.703699750000002	0.1744993990384615	0.08296875000000001
-0.5537000000000001	0.5749077499999977	0.18798677884615397	0.074375
-0.4868	0.6736439999999995	0.18882331730769228	0.08843749999999999
-0.485	0.23312500000000114	0.20090624999999981	0.08828124999999999
-0.5259	0.2914797500000006	0.20719831730769223	0.07671875
-0.5031000000000001	0.4960097499999989	0.1914915865384615	0.08578125
-0.5127000000000002	0.3627177499999945	0.20531790865384614	0.08515625
-0.5007999999999999	0.7199840000000037	0.1810474759615385	0.088125
-0.5452999999999999	0.46969775000000524	0.195787860576923	0.08109375
-0.5346	0.7280709999999999	0.19078665865384614	0.07984375
-0.47929999999999995	0.35953775000000476	0.18547175480769235	0.10312500000000001
-0.5224	0.4187059999999967	0.21172536057692304	0.08234375000000001
-0.47850000000000004	0.6216937499999986	0.18469110576923073	0.10390625
-0.4887	0.2760577499999961	0.19282752403846148	0.08578125
-0.5326	0.4066809999999954	0.1996730769230768	0.08375
-0.5112000000000001	0.429114000000002	0.20122536057692303	0.07671875
-0.5344	0.806166000000001	0.19830468750000002	0.07921875
-0.5012000000000001	0.4249639999999957	0.19760516826923075	0.08328125
-0.5558000000000001	0.5976590000000037	0.19799459134615388	0.08
-0.49860000000000004	0.4614509999999967	0.20191766826923074	0.07625
-0.5224	0.5894559999999984	0.193391826923077	0.08953124999999999
-0.5065	0.6799437500000032	0.17803125000000003	0.094375
-0.476	0.4688500000000033	0.18937680288461545	0.09296874999999999
-0.5066999999999999	0.4171277499999988	0.18124038461538458	0.10312500000000001
-0.5279	0.559539749999999	0.18626682692307672	0.07796875
-0.5117	0.4130777499999958	0.17637980769230793	0.088125
-0.4871000000000001	0.5388397499999975	0.197747596153846	0.08578125
-0.5173000000000001	0.4002677499999976	0.197756610576923	0.08671875000000001
-0.483	0.8685249999999982	0.18503004807692314	0.09296874999999999
-0.48550000000000004	0.5274937499999979	0.1834002403846154	0.0825
-0.5090999999999999	0.508679750000006	0.19048016826923087	0.09265625
-0.49260000000000004	0.4351309999999984	0.19523798076923088	0.093125
-0.5497999999999998	0.6119990000000044	0.21198317307692296	0.08390625
-0.5148999999999999	0.4969497500000024	0.20002463942307688	0.084375
-0.5361	0.5826697499999973	0.1867878605769231	0.10421875
-0.5329999999999999	0.5715249999999976	0.1897481971153846	0.09984375000000001
-0.5368999999999999	0.7807097499999998	0.19837680288461557	0.08625000000000001
-0.4962	0.5823890000000027	0.20064302884615393	0.084375
-0.5218	0.4001190000000001	0.19152584134615397	0.08140625
-0.5063	0.43600774999999814	0.20486358173076918	0.0859375
-0.4799	0.5633997500000021	0.18951382211538464	0.09640625
-0.5124	0.8621559999999988	0.2062481971153846	0.08781250000000002
-0.5230000000000001	0.430774999999997	0.19288882211538466	0.08406250000000001
-0.5424	0.5570560000000029	0.20560817307692317	0.08796874999999998
-0.536	0.42485000000000284	0.19555528846153836	0.09390625
-0.49760000000000004	0.41585599999999445	0.18726021634615395	0.08734375000000001
-0.5349999999999999	0.4501249999999999	0.19856430288461552	0.0784375
-0.5002	0.5664989999999968	0.19662980769230784	0.08984375
-0.49039999999999995	0.5996960000000016	0.17746514423076915	0.0859375
-0.5123	0.716217750000002	0.21140264423076938	0.0821875
-0.4993000000000001	0.3299877500000008	0.18808774038461534	0.09328125
-0.5455999999999999	0.6155160000000031	0.20200420673076935	0.08
-0.5449999999999999	0.31887500000000557	0.21393389423076914	0.07
-0.4891	0.4852797500000001	0.18712499999999996	0.10140625
-0.49870000000000003	0.6957077499999968	0.18778846153846146	0.08531250000000001
-0.5317000000000001	0.3048777499999993	0.17943750000000003	0.08265625
-0.5239	0.5029697499999983	0.20088641826923076	0.08531250000000001
-0.49309999999999987	0.6770597500000051	0.1774993990384617	0.09828125
-0.5146999999999999	0.2223477499999973	0.19356850961538447	0.08656250000000001
-0.5318	0.5912190000000024	0.19680468750000002	0.079375
-0.5108999999999999	0.3562797499999988	0.19076862980769224	0.08390625
-0.5066000000000002	0.5879109999999983	0.18637499999999996	0.08890624999999999
-0.5307999999999999	0.3465340000000019	0.19353966346153842	0.083125
-0.484	0.5303500000000021	0.1906243990384618	0.088125
-0.4999	0.38424974999999506	0.20506550480769253	0.09546874999999999
-0.5318	0.5777190000000019	0.18789302884615394	0.08546875000000001
-0.483	0.6655249999999988	0.17184014423076932	0.10187500000000001
-0.5090999999999999	0.5146797500000062	0.19124819711538454	0.09359375
-0.5329000000000002	0.7371897499999989	0.20204026442307693	0.07984375
-0.4972	0.511804000000005	0.18687620192307694	0.0825
-0.4654999999999999	0.5739937500000032	0.2035528846153848	0.08734375000000001
-0.5123	0.3679677500000018	0.18969951923076925	0.09156249999999999
-0.49440000000000006	0.5889659999999957	0.1837518028846154	0.10500000000000001
-0.5234999999999999	0.482193750000004	0.1953155048076923	0.08156250000000001
-0.49459999999999993	0.5377709999999993	0.20346814903846158	0.08734375000000001
-0.5069000000000001	0.4480597499999952	0.20251262019230765	0.08
-0.5066999999999999	0.2891277499999987	0.18592788461538448	0.07140625
-0.5143	0.5261377499999966	0.19259675480769234	0.084375
-0.5246999999999999	0.37224774999999966	0.19060817307692282	0.0821875
-0.5096	0.615946000000001	0.1978539663461538	0.08609375000000001
-0.49030000000000007	0.3881477499999981	0.1855330528846154	0.0990625
-0.482	0.4478999999999971	0.17990084134615386	0.08953124999999999
-0.4959	0.38032975000000135	0.2055018028846155	0.08921874999999999
-0.5239	0.3017197499999966	0.20979447115384592	0.07578125
-0.4807	0.710437749999997	0.1837824519230769	0.08906249999999999
-0.4901	0.4525497499999993	0.2017698317307691	0.09671874999999999
-0.5087999999999999	0.3353140000000039	0.19920612980769248	0.0765625
-0.5127999999999999	0.6709040000000002	0.1774254807692307	0.085625
-0.5191000000000001	0.3751297499999957	0.20401262019230754	0.068125
-0.5264	0.5920760000000023	0.19647836538461533	0.084375
-0.5106999999999999	0.30238775000000473	0.189328125	0.08
-0.4898	0.5343990000000005	0.1905901442307692	0.08671875000000001
-0.5198	0.5524489999999993	0.21047776442307697	0.076875
-0.5359	0.5660297499999984	0.20726862980769226	0.08109375
-0.5361	0.4366697499999965	0.20664843750000006	0.075625
-0.5292999999999999	0.688787750000003	0.17949879807692315	0.09578125
-0.5105999999999999	0.6246910000000021	0.17675661057692307	0.09859375000000001
-0.5310000000000001	0.38322499999999593	0.19994891826923078	0.08078125
-0.5414999999999999	0.536193750000006	0.1858034855769229	0.09343749999999999
-0.5047000000000001	0.5184477499999964	0.19663161057692302	0.09515625
-0.5372999999999999	0.4247177500000028	0.18844651442307686	0.08359375000000001
-0.5268999999999999	0.539659750000002	0.2029056490384614	0.08421875000000001
-0.4922000000000001	0.6344789999999954	0.1698245192307694	0.08234375000000001
-0.5098	0.4333489999999962	0.19475120192307702	0.08921874999999999
-0.4817	0.3856277499999976	0.2159260817307694	0.08031250000000001
-0.5314000000000001	0.42335100000000025	0.20463100961538472	0.08421875000000001
-0.5123	0.5072177500000024	0.18931189903846146	0.08406250000000001
-0.4766	0.31506100000000004	0.18960216346153852	0.10250000000000001
-0.5283	0.4319777500000015	0.21023257211538426	0.0821875
-0.49360000000000004	0.2977260000000008	0.19061899038461524	0.08687500000000001
-0.5634000000000001	0.33251099999999667	0.20321033653846127	0.07921875
-0.4804999999999999	0.5262437500000026	0.17907872596153845	0.091875
-0.4938	0.5265389999999961	0.2053179086538462	0.08953124999999999
-0.4798	0.4417989999999996	0.18685997596153836	0.09640625
-0.5276999999999998	0.3203177500000045	0.2029597355769231	0.08703125
-0.5128999999999999	0.4105897500000033	0.20305348557692293	0.074375
-0.5196999999999998	0.45454775000000325	0.1736520432692306	0.07875
-0.5179	0.572489749999999	0.18014603365384604	0.08578125
-0.5194000000000001	0.4408409999999954	0.19668389423076915	0.078125
-0.5176000000000001	0.6652559999999994	0.21381129807692295	0.08
-0.494	0.3873500000000014	0.18658774038461545	0.09078125
-0.5150000000000001	0.2701249999999966	0.19152584134615386	0.08875
-0.4909000000000001	0.3836797499999953	0.19912499999999989	0.09265625
-0.5179	0.5594897499999973	0.1929374999999999	0.0834375
-0.5529999999999999	0.6100250000000038	0.20616526442307692	0.09281249999999999
-0.5327	0.547017750000002	0.20040685096153857	0.07109375
-0.4877	0.5697177499999952	0.18584314903846166	0.085
-0.5002	0.5917489999999965	0.20199158653846155	0.07468749999999999
-0.5047000000000001	0.5574477499999944	0.19397776442307715	0.08515625
-0.5105999999999999	0.503191000000001	0.20815024038461533	0.0959375
-0.4871000000000001	0.7790897499999971	0.1998966346153844	0.08656250000000001
-0.5244	0.4816160000000025	0.1926760817307691	0.07984375
-0.49760000000000004	0.5808559999999936	0.18552764423076948	0.09265625
-0.5058	0.3849090000000004	0.19868329326923073	0.08750000000000001
-0.5041	0.42882974999999846	0.1921117788461541	0.08625000000000001
-0.5086999999999999	0.35485775000000075	0.1914014423076923	0.09578125
-0.49309999999999987	0.4955597500000053	0.19429326923076912	0.10046875
-0.5261	0.5572197500000016	0.1810528846153847	0.08125
-0.5268999999999999	0.4621597500000014	0.19432391826923096	0.09140625
-0.5242	0.32385899999999523	0.19644411057692318	0.08781250000000002
-0.4917999999999999	0.5088190000000061	0.19728425480769235	0.0859375
-0.49640000000000006	0.4881759999999957	0.1896021634615384	0.099375
-0.5159	0.8929297499999969	0.19286538461538466	0.07640625
-0.5390000000000001	0.5617249999999991	0.1985516826923076	0.081875
-0.46219999999999994	0.40552900000000136	0.17355829326923064	0.0953125
-0.4941000000000001	0.6828797499999943	0.1661213942307693	0.08453125
-0.51	0.3817500000000038	0.18914603365384625	0.08890624999999999
-0.5183	0.444377750000001	0.18784435096153845	0.0871875
-0.5108999999999999	0.5442797500000012	0.19106250000000014	0.08359375000000001
-0.5393000000000001	0.36563774999999765	0.2114963942307694	0.09
-0.5175000000000001	0.806593749999994	0.19396334134615387	0.08015625
-0.49030000000000007	0.3768977499999977	0.1893028846153846	0.09328125
-0.528	0.3026500000000034	0.19641346153846162	0.0946875
-0.484	0.5908499999999997	0.20099819711538458	0.0821875
-0.5325	0.5693437500000051	0.1813593750000001	0.09015625
-0.5015000000000001	0.27619374999999735	0.19132211538461535	0.09875
-0.47209999999999996	0.36128975000000096	0.18548617788461536	0.08984375
-0.5285	0.36719374999999843	0.1923749999999998	0.07484375
-0.4959	0.41557974999999914	0.18840685096153836	0.09796875
-0.46950000000000003	0.6029937499999996	0.18234194711538437	0.090625
-0.49540000000000006	0.431720999999996	0.190097956730769	0.0925
-0.5362	0.4494889999999998	0.20071874999999992	0.07421875
-0.4891	0.3842797499999975	0.1989230769230768	0.07359375
-0.48560000000000003	0.41356599999999943	0.1944248798076922	0.08687500000000001
-0.5150999999999999	0.4025497499999986	0.20939423076923086	0.08765625
-0.5378000000000001	0.4985289999999978	0.198290264423077	0.08906249999999999
-0.49670000000000003	0.4634777499999956	0.20315624999999998	0.09343749999999999
-0.5294000000000001	0.3863909999999997	0.19399939903846167	0.0925
-0.48439999999999994	0.477916000000004	0.197466346153846	0.0834375
-0.4942	0.532159	0.20005889423076925	0.09421874999999999
-0.5154999999999998	0.5134937500000021	0.18287199519230757	0.0834375
-0.5226999999999999	0.7318677499999957	0.20839182692307706	0.07546875
-0.5081	0.6583597500000025	0.21478305288461547	0.0696875
-0.5581	0.39685975000000084	0.19905468749999997	0.084375
-0.4981	0.5236597500000002	0.18541045673076917	0.08609375000000001
-0.5227999999999999	0.3662540000000014	0.18959134615384635	0.08921874999999999
-0.4669000000000001	0.40635974999999647	0.17780949519230763	0.1059375
-0.5161	0.4435197500000001	0.18944531249999996	0.08968749999999999
-0.5084	0.49098600000000303	0.19398137019230788	0.09281249999999999
-0.46699999999999997	0.25677499999999753	0.18342908653846152	0.09609375
-0.469	0.5784750000000045	0.18294771634615403	0.085
-0.5271000000000001	0.5483897499999983	0.1982722355769232	0.08578125
