-0.3074625000000001	0.31950974999999904	0.11118750000000002	0.09692307692307692
-0.3220875000000001	0.20262974999999894	0.12215624999999997	0.08576923076923076
-0.3409375	0.3190937500000004	0.12125459558823529	0.09076923076923075
-0.2954375	0.1929937500000003	0.11289154411764711	0.0823076923076923
-0.31510000000000005	0.35743599999999986	0.11376286764705887	0.10634615384615384
-0.32371250000000007	0.1473097499999998	0.11746461397058822	0.0933653846153846
-0.3437000000000001	0.20603399999999894	0.1339011948529412	0.08663461538461538
-0.3446750000000002	0.2471989999999984	0.13218474264705893	0.09
-0.32387500000000014	0.1865249999999996	0.11033272058823532	0.09173076923076921
-0.3604375000000001	0.2607437499999996	0.11668979779411767	0.08913461538461538
-0.34435000000000004	0.2851460000000001	0.13361443014705876	0.0933653846153846
-0.31477500000000014	0.25220099999999945	0.11117509191176467	0.08990384615384615
-0.3207875000000001	0.3120997499999998	0.1280762867647058	0.09826923076923076
-0.3497125000000001	0.24388975000000013	0.13088740808823535	0.08701923076923077
-0.37555000000000005	0.18561400000000017	0.12070312500000009	0.07884615384615383
-0.3164000000000001	0.14185599999999976	0.11469347426470591	0.0835576923076923
-0.3359000000000001	0.23956599999999995	0.11481893382352948	0.08499999999999999
-0.3193250000000001	0.30280900000000077	0.12427527573529412	0.09028846153846153
-0.36482500000000007	0.347078999999999	0.12059558823529401	0.08576923076923076
-0.3220875000000001	0.3816297499999992	0.11803124999999999	0.09826923076923076
-0.30128750000000004	0.23480975000000015	0.11169347426470583	0.09778846153846152
-0.294625	0.27922500000000117	0.10643244485294115	0.07990384615384614
-0.3113625000000001	0.3417377499999992	0.1246916360294118	0.09798076923076922
-0.32468750000000013	0.09009374999999942	0.12188051470588238	0.0973076923076923
-0.30437500000000006	0.17812499999999964	0.11696966911764706	0.10326923076923077
-0.3279375	0.3004937500000011	0.10496829044117648	0.09682692307692306
-0.29527500000000007	0.22944099999999956	0.12631571691176474	0.09317307692307691
-0.3042125	0.2680997500000002	0.12526102941176478	0.08980769230769231
-0.29885000000000017	0.20573599999999903	0.1240643382352941	0.0921153846153846
-0.3446750000000002	0.21144899999999822	0.12178538602941191	0.09394230769230769
-0.31591250000000004	0.3131397500000004	0.11594393382352941	0.09749999999999999
-0.34240000000000015	0.15228599999999926	0.1202233455882353	0.08192307692307692
-0.35702500000000004	0.1534809999999993	0.12878630514705874	0.08990384615384615
-0.2813	0.21728400000000025	0.1034572610294118	0.09067307692307691
-0.34873750000000003	0.26206774999999993	0.13239705882352926	0.08403846153846153
-0.3503625	0.3246777500000002	0.12194117647058816	0.07884615384615383
-0.31477500000000014	0.29670099999999966	0.1176714154411764	0.0981730769230769
-0.3307000000000001	0.2466140000000001	0.12543474264705884	0.09057692307692307
-0.305025	0.2632210000000006	0.11885707720588236	0.09951923076923075
-0.3121750000000001	0.1857489999999995	0.10774494485294106	0.0933653846153846
-0.31818750000000007	0.20144374999999926	0.10911397058823533	0.09615384615384615
-0.33330000000000004	0.21165400000000023	0.11868198529411753	0.08903846153846154
-0.3138000000000001	0.1524839999999994	0.12158409926470587	0.08990384615384615
-0.30323750000000005	0.2016877500000014	0.11300735294117652	0.0846153846153846
-0.3229000000000001	0.339226	0.11517325367647058	0.08413461538461538
-0.32923750000000007	0.13909775000000035	0.12129044117647048	0.08307692307692306
-0.3370375	0.2442997500000006	0.12229411764705875	0.08557692307692306
-0.3220875000000001	0.06787974999999946	0.11742325367647044	0.08548076923076922
-0.3152625000000001	0.25492774999999845	0.11590533088235286	0.08173076923076922
-0.2923500000000001	0.2056559999999994	0.11056985294117644	0.07557692307692307
-0.3549125000000001	0.24296974999999943	0.12768750000000004	0.09307692307692307
-0.3211125	0.12879775000000038	0.12103124999999999	0.08519230769230769
-0.31120000000000003	0.10048400000000068	0.1238809742647059	0.09374999999999999
-0.2845500000000001	0.18035399999999946	0.10415487132352945	0.09163461538461537
-0.31786250000000016	0.17697774999999893	0.12333777573529409	0.08855769230769231
-0.29186250000000014	0.26871774999999953	0.11733501838235297	0.08971153846153845
-0.36206250000000006	0.32674375000000033	0.1158336397058824	0.08173076923076922
-0.34906250000000005	0.22634375000000073	0.11703308823529401	0.0921153846153846
-0.3521500000000001	0.3978660000000005	0.12499218749999999	0.07874999999999999
-0.27285000000000015	0.22661599999999904	0.11454044117647054	0.10173076923076922
-0.32355	0.22109400000000168	0.11501470588235291	0.09576923076923076
-0.321925	0.26140900000000045	0.11519393382352941	0.08865384615384615
-0.30242500000000005	0.15428900000000034	0.11495542279411762	0.0810576923076923
-0.35426250000000004	0.25048775000000134	0.13292095588235295	0.08557692307692306
-0.31705000000000005	0.2515540000000005	0.11327619485294133	0.07644230769230768
-0.33248750000000016	0.13946774999999967	0.13012913602941173	0.0783653846153846
-0.3320000000000001	0.1941499999999996	0.11291222426470593	0.09394230769230769
-0.30291250000000003	0.36337975	0.10786351102941177	0.0910576923076923
-0.3125000000000001	0.1379999999999999	0.10507858455882356	0.08490384615384615
-0.3446750000000002	0.26219899999999896	0.12900551470588234	0.08326923076923076
-0.33394999999999997	0.1641440000000003	0.12457858455882348	0.0910576923076923
-0.30843750000000003	0.26059375000000085	0.11942095588235294	0.09057692307692307
-0.32696250000000016	0.2630197499999989	0.11551792279411757	0.08586538461538461
-0.31900000000000006	0.1573499999999992	0.1146810661764707	0.08596153846153845
-0.29608750000000006	0.2646997500000001	0.11642095588235295	0.08846153846153845
-0.3659625000000001	0.28143975000000054	0.12784604779411765	0.08009615384615383
-0.3017750000000001	0.2399110000000002	0.12189430147058822	0.08903846153846154
-0.3357375	0.24738775000000057	0.12532582720588248	0.08759615384615384
-0.35930000000000006	0.1800139999999999	0.12920404411764716	0.08615384615384615
-0.30080000000000007	0.2529539999999999	0.11701516544117666	0.09259615384615383
-0.3883875	0.4139777500000026	0.12562224264705882	0.07423076923076923
-0.33931250000000013	0.2701937499999998	0.12118566176470597	0.08576923076923076
-0.35588750000000013	0.23117774999999874	0.1135091911764706	0.09
-0.2990125	0.3782777500000005	0.11872058823529408	0.08173076923076922
-0.33525000000000005	0.22660000000000124	0.12879457720588236	0.08451923076923076
-0.3173750000000001	0.21327499999999944	0.12051148897058832	0.08721153846153845
-0.31428750000000005	0.2974697499999994	0.11971599264705887	0.09173076923076921
-0.34792500000000004	0.33386899999999997	0.13294301470588232	0.06903846153846153
-0.3105500000000001	0.11221399999999893	0.11588602941176475	0.08423076923076922
-0.3266375	0.2546077500000008	0.11612178308823544	0.08451923076923076
-0.31672500000000003	0.2670810000000001	0.12432490808823521	0.09471153846153846
-0.3307000000000001	0.12836400000000037	0.12504319852941176	0.0823076923076923
-0.32728750000000006	0.32917974999999977	0.12231893382352949	0.09173076923076921
-0.3118500000000002	0.2567459999999988	0.11202297794117648	0.09384615384615383
-0.3331375000000001	0.26471775000000086	0.11989935661764703	0.0808653846153846
-0.30876250000000016	0.20761774999999982	0.11000045955882354	0.0864423076923077
-0.32143750000000004	0.18049375000000012	0.12828446691176465	0.09509615384615383
-0.34240000000000015	0.29503599999999963	0.11769209558823529	0.08826923076923077
-0.2964125000000001	0.31029975000000043	0.1142454044117647	0.09134615384615383
-0.29803749999999996	0.2825197500000005	0.10597058823529418	0.09076923076923075
-0.32501250000000004	0.3180177500000001	0.11717371323529413	0.0921153846153846
-0.31575	0.23515000000000086	0.11153906249999998	0.09144230769230768
-0.33915000000000006	0.3450260000000007	0.1177058823529413	0.08307692307692306
-0.28422500000000006	0.25143100000000107	0.11158042279411762	0.08701923076923077
-0.3255000000000001	0.3716499999999998	0.11556204044117643	0.09759615384615383
-0.3125000000000001	0.25900000000000034	0.11596047794117653	0.10538461538461538
-0.34662500000000007	0.32572500000000026	0.13003814338235295	0.08451923076923076
-0.33053750000000004	0.2056697500000002	0.11106617647058825	0.0876923076923077
-0.3446750000000002	0.13969899999999846	0.11047334558823518	0.07461538461538461
-0.31006250000000013	0.21444374999999916	0.1163327205882352	0.08711538461538461
-0.3121750000000001	0.2902489999999993	0.12485983455882346	0.09317307692307691
-0.3243625000000001	0.30541774999999927	0.11068014705882351	0.0946153846153846
-0.3034000000000001	0.25196599999999947	0.11093933823529417	0.0948076923076923
-0.32891250000000005	0.2794497500000004	0.11788648897058819	0.09028846153846153
-0.2990125	0.26727775000000076	0.11358363970588237	0.0876923076923077
-0.3211125	0.28904774999999994	0.11060156249999992	0.09394230769230769
-0.32306250000000014	0.3531937499999991	0.13180009191176467	0.08490384615384615
-0.3229000000000001	0.12172599999999978	0.11998897058823535	0.10211538461538461
-0.3268000000000001	0.2605639999999996	0.12177573529411771	0.08403846153846153
-0.33216250000000014	0.258089749999999	0.11064981617647057	0.09499999999999999
-0.2999875000000001	0.2967677499999999	0.12651148897058823	0.09048076923076921
-0.3199750000000001	0.26997099999999996	0.1352757352941176	0.08442307692307692
-0.28422500000000006	0.16843100000000089	0.11675183823529411	0.09269230769230768
-0.3191625000000001	0.32782974999999936	0.12519898897058823	0.09990384615384613
-0.2892625000000001	0.2033877499999992	0.1246985294117647	0.0821153846153846
-0.2661875	0.21519375000000007	0.12055147058823527	0.08499999999999999
-0.3129875000000001	0.2514977500000004	0.12056801470588238	0.09134615384615383
-0.3373625	0.2013977500000017	0.10905468749999991	0.10105769230769229
-0.2972250000000001	0.20204100000000036	0.1143887867647059	0.09826923076923076
-0.2853625000000001	0.30002774999999904	0.1144880514705882	0.08288461538461538
-0.32387500000000014	0.34327499999999933	0.11321415441176472	0.09442307692307692
-0.30648750000000013	0.3044077500000002	0.10723897058823537	0.09019230769230768
-0.3651500000000001	0.1737560000000009	0.12547058823529417	0.08499999999999999
-0.30795000000000017	0.2738039999999984	0.11324310661764717	0.09490384615384614
-0.30291250000000003	0.20837975000000064	0.11990211397058807	0.08740384615384615
-0.35930000000000006	0.3757639999999993	0.1191286764705882	0.08942307692307692
-0.3276125000000001	0.22333774999999978	0.10264935661764715	0.08586538461538461
-0.294625	0.37997500000000084	0.11958777573529425	0.0958653846153846
-0.3373625	0.2403977500000014	0.1217674632352942	0.09384615384615383
-0.3191625000000001	0.17357974999999914	0.11182169117647063	0.09423076923076922
-0.318025	0.2429610000000002	0.12419255514705874	0.09201923076923076
-0.3303750000000001	0.33472499999999883	0.12694990808823528	0.08548076923076922
-0.31542500000000007	0.26891900000000035	0.11866268382352943	0.08923076923076922
-0.3058375	0.1650797500000012	0.10207031249999995	0.08567307692307692
-0.312825	0.29899900000000024	0.11632169117647055	0.08730769230769231
-0.294625	0.15322500000000083	0.1061636029411765	0.09115384615384614
-0.3207875000000001	0.17359975000000016	0.1115886948529411	0.09317307692307691
-0.3485750000000002	0.17517899999999909	0.12051286764705885	0.09499999999999999
-0.3191625000000001	0.16432974999999939	0.12042463235294122	0.09038461538461537
-0.3061625000000001	0.10861974999999902	0.1254485294117647	0.08326923076923076
-0.3082750000000001	0.20283099999999976	0.11074494485294117	0.09759615384615383
-0.321925	0.22715900000000033	0.124359375	0.08942307692307692
-0.3216000000000001	0.3099660000000002	0.12183915441176477	0.08980769230769231
-0.30648750000000013	0.20890774999999984	0.11223943014705869	0.0835576923076923
-0.30648750000000013	0.17515775000000033	0.12214659926470588	0.09067307692307691
-0.31786250000000016	0.3247277499999992	0.11905974264705874	0.09403846153846153
-0.3318375	0.2012097500000003	0.11710615808823527	0.0910576923076923
-0.33216250000000014	0.3413397499999995	0.11451424632352954	0.09471153846153846
-0.31835	0.2316760000000011	0.12406571691176468	0.1006730769230769
-0.27398750000000005	0.2652077500000001	0.11785753676470595	0.08903846153846154
-0.3113625000000001	0.2952377499999992	0.11666773897058816	0.08259615384615383
-0.3448375	0.30109975000000055	0.1221135110294119	0.07413461538461538
-0.3118500000000002	0.26274599999999904	0.11961121323529383	0.08557692307692306
-0.3472750000000001	0.26655099999999887	0.12094715073529412	0.08817307692307692
-0.31965	0.25276600000000116	0.1172550551470589	0.09221153846153846
-0.274475	0.1838109999999995	0.12001516544117644	0.09721153846153845
-0.27642500000000003	0.17417900000000053	0.11434604779411767	0.08951923076923077
-0.3268000000000001	0.3608139999999995	0.12576562500000005	0.08942307692307692
-0.3425625	0.24119375000000165	0.12109604779411763	0.07932692307692306
-0.3441875000000001	0.17249374999999922	0.11903354779411757	0.08009615384615383
-0.32094999999999996	0.18682400000000055	0.11420128676470592	0.08269230769230769
-0.3146125000000001	0.2554577500000006	0.11171553308823537	0.09124999999999998
-0.3375250000000001	0.22232100000000088	0.12148621323529411	0.08019230769230769
-0.30925000000000014	0.17889999999999873	0.11611764705882366	0.09019230769230768
-0.33362500000000006	0.2465250000000001	0.10087775735294116	0.09192307692307691
-0.31347500000000006	0.2284909999999991	0.10787040441176468	0.09288461538461537
-0.31445	0.26921400000000073	0.11879917279411761	0.08124999999999999
-0.3173750000000001	0.2355249999999991	0.10371093750000002	0.08913461538461538
-0.3532875000000001	0.2014997499999991	0.12048253676470576	0.09499999999999999
-0.35767499999999997	0.2389290000000015	0.13018152573529407	0.07971153846153844
-0.30405000000000015	0.1905739999999989	0.126499080882353	0.08153846153846153
-0.2912125	0.18145975000000014	0.11431847426470589	0.09451923076923076
-0.3268000000000001	0.3400639999999999	0.12173299632352938	0.09317307692307691
-0.31120000000000003	0.1839840000000006	0.11725643382352939	0.08903846153846154
-0.3584875000000002	0.312227749999999	0.12392509191176466	0.08740384615384615
-0.2837375000000001	0.17266774999999868	0.11706066176470584	0.09846153846153846
-0.30990000000000006	0.3396859999999995	0.12212178308823532	0.08259615384615383
-0.33135000000000003	0.33038600000000073	0.12371553308823524	0.09759615384615383
-0.2956000000000001	0.19604599999999994	0.12217830882352945	0.07596153846153846
-0.3126625000000002	0.2594997499999989	0.11953952205882357	0.08057692307692306
-0.33801250000000005	0.30883775000000036	0.12932261029411768	0.07519230769230768
-0.32094999999999996	0.14732400000000112	0.11239935661764701	0.09317307692307691
-0.30957500000000016	0.23166899999999924	0.10480009191176469	0.0960576923076923
-0.3666125000000001	0.24102774999999976	0.12510937499999997	0.09884615384615383
-0.31428750000000005	0.2007197500000002	0.11458042279411756	0.08663461538461538
-0.3074625000000001	0.2635097499999999	0.1312693014705881	0.09038461538461537
-0.31103749999999997	0.27247975000000046	0.11686764705882356	0.08923076923076922
-0.30080000000000007	0.2062040000000005	0.1039535845588235	0.08625
-0.32371250000000007	0.30730974999999994	0.10597610294117643	0.08903846153846154
-0.318025	0.24896100000000043	0.11374356617647058	0.08403846153846153
-0.2943	0.1501140000000003	0.12881387867647043	0.08413461538461538
-0.27155000000000007	0.2513739999999993	0.10527159926470582	0.0933653846153846
-0.2962500000000001	0.15699999999999914	0.1151911764705883	0.09096153846153845
-0.33053750000000004	0.18666975000000008	0.12129044117647063	0.08692307692307692
-0.30908750000000007	0.2763897499999999	0.11763281250000004	0.09548076923076922
-0.3193250000000001	0.2460590000000007	0.11694347426470583	0.09298076923076921
-0.2923500000000001	0.2636559999999992	0.10594439338235288	0.09432692307692307
-0.3256625000000002	0.2986097499999989	0.12593658088235288	0.11096153846153844
-0.34175	0.12115000000000098	0.11110891544117638	0.07509615384615384
-0.3121750000000001	0.289998999999999	0.12374586397058812	0.0958653846153846
-0.3394750000000001	0.22936099999999904	0.13413556985294126	0.08913461538461538
-0.3136375	0.10448775000000055	0.11397794117647056	0.07942307692307692
-0.2707375000000001	0.27373774999999867	0.11123713235294114	0.08711538461538461
-0.2843875	0.2060177500000009	0.11330928308823542	0.09317307692307691
-0.3425625	0.1979437500000012	0.12414843749999989	0.07894230769230769
-0.33281250000000007	0.24509374999999967	0.1121498161764707	0.08846153846153845
-0.3152625000000001	0.22542774999999882	0.12734420955882353	0.09624999999999997
-0.35182500000000005	0.21060899999999982	0.11741084558823539	0.08173076923076922
-0.31867500000000015	0.22963899999999882	0.12856571691176474	0.0864423076923077
-0.3318375	0.24920975000000034	0.11757904411764714	0.08403846153846153
-0.3323250000000001	0.30077900000000035	0.11446599264705884	0.08788461538461538
-0.3367125000000001	0.2511997499999996	0.11658088235294117	0.09826923076923076
-0.3173750000000001	0.3995249999999997	0.11005422794117636	0.08153846153846153
-0.32533750000000006	0.35693975000000044	0.11618244485294121	0.08778846153846154
-0.32452500000000006	0.1606310000000004	0.11090349264705882	0.09423076923076922
-0.30600000000000005	0.22435000000000027	0.12493014705882355	0.08865384615384615
-0.32143750000000004	0.2952437500000009	0.1074636948529412	0.09721153846153845
-0.3896875000000001	0.24834375000000009	0.13245772058823538	0.0848076923076923
-0.2741500000000001	0.15357599999999927	0.11353400735294106	0.09076923076923075
-0.31965	0.26351600000000097	0.1293446691176471	0.0821153846153846
-0.2865000000000001	0.13985000000000092	0.12281112132352942	0.07932692307692306
-0.3295625000000001	0.21174374999999834	0.11853446691176475	0.08778846153846154
-0.33833750000000007	0.1841797500000002	0.12292141544117643	0.08951923076923077
-0.31120000000000003	0.2617340000000006	0.11234283088235296	0.09653846153846153
-0.2956000000000001	0.24304599999999965	0.11892738970588229	0.08384615384615383
-0.3082750000000001	0.245080999999999	0.12195358455882344	0.07951923076923076
-0.32306250000000014	0.2646937499999993	0.11140119485294117	0.08990384615384615
-0.3129875000000001	0.19049775000000047	0.1153511029411764	0.08192307692307692
-0.318025	0.29896100000000025	0.12241268382352935	0.08615384615384615
-0.3409375	0.34384375000000045	0.12029503676470571	0.08557692307692306
-0.30047500000000005	0.23488099999999967	0.10905744485294117	0.09240384615384614
-0.31006250000000013	0.2776937499999983	0.1201681985294118	0.09326923076923076
-0.3315125000000001	0.31207775000000026	0.11956020220588234	0.08951923076923077
-0.3055125000000001	0.34453775000000064	0.12799080882352928	0.08365384615384615
-0.26521249999999996	0.2633297500000005	0.10535845588235293	0.09769230769230769
-0.33053750000000004	0.35816975000000006	0.1081930147058824	0.08730769230769231
-0.3149375	0.17869375000000076	0.11964843750000004	0.08855769230769231
-0.34321250000000003	0.2883197500000003	0.11691452205882347	0.08788461538461538
-0.32468750000000013	0.21884374999999956	0.13734237132352942	0.07971153846153844
-0.32647500000000007	0.24665099999999907	0.1178671875	0.08875
-0.32777500000000015	0.23729099999999903	0.1218791360294118	0.08951923076923077
-0.3635250000000001	0.3718510000000004	0.11730193014705892	0.0908653846153846
-0.36482500000000007	0.2293289999999999	0.12382582720588235	0.08528846153846154
-0.3450000000000001	0.27449999999999974	0.11945818014705892	0.08951923076923077
-0.32940000000000014	0.40929599999999944	0.1300712316176471	0.08586538461538461
-0.3081125	0.37756774999999987	0.11782720588235307	0.08442307692307692
-0.33135000000000003	0.2926360000000008	0.11548897058823533	0.08634615384615384
-0.2762625000000001	0.291817749999999	0.11141084558823527	0.08730769230769231
-0.3030750000000001	0.21590899999999902	0.11540624999999988	0.10134615384615384
-0.3448375	0.4070997500000004	0.11619071691176469	0.08875
-0.32810000000000006	0.15244599999999942	0.11796507352941168	0.08538461538461538
-0.34045000000000003	0.30760400000000043	0.11544623161764717	0.0935576923076923
-0.3433750000000001	0.3339749999999988	0.1155827205882353	0.09038461538461537
-0.3243625000000001	0.3109177499999989	0.11160661764705893	0.09326923076923076
-0.31445	0.2297140000000013	0.11922518382352938	0.09038461538461537
-0.3118500000000002	0.285245999999999	0.126	0.08980769230769231
-0.36336250000000003	0.31750775000000075	0.11226562500000001	0.07596153846153846
-0.314125	0.19822500000000076	0.11449356617647061	0.11134615384615383
-0.3394750000000001	0.31536099999999934	0.1186654411764706	0.10076923076923076
-0.35345000000000004	0.11137400000000053	0.12291038602941166	0.08913461538461538
-0.34516250000000004	0.2403997500000008	0.11817325367647065	0.07971153846153844
-0.31818750000000007	0.21494374999999977	0.10774632352941166	0.08557692307692306
-0.31542500000000007	0.2601690000000003	0.12329917279411765	0.08932692307692307
-0.3212750000000001	0.2550209999999993	0.11579227941176465	0.08846153846153845
-0.32696250000000016	0.15201974999999912	0.12374724264705876	0.08711538461538461
-0.34191250000000006	0.32030974999999984	0.12125183823529403	0.0946153846153846
-0.3255000000000001	0.3461500000000006	0.1251907169117647	0.09240384615384614
-0.32143750000000004	0.2842437500000008	0.12806387867647062	0.07644230769230768
-0.30047500000000005	0.28913100000000025	0.1235845588235293	0.08903846153846154
-0.27561250000000004	0.27911775000000105	0.11409926470588229	0.08923076923076922
-0.30713750000000006	0.29497775000000015	0.12239889705882351	0.0996153846153846
-0.32940000000000014	0.2835459999999994	0.12902343749999995	0.07971153846153844
-0.34743750000000007	0.21794374999999988	0.12202251838235287	0.09394230769230769
-0.35897500000000004	0.18055100000000035	0.1272573529411765	0.08730769230769231
-0.34207500000000013	0.3012189999999988	0.12872564338235298	0.09567307692307692
-0.33394999999999997	0.2398940000000005	0.1398846507352942	0.09682692307692306
-0.33005000000000007	0.16308400000000045	0.1237334558823529	0.09499999999999999
-0.27203750000000015	0.14024974999999973	0.10956204044117639	0.09624999999999997
-0.33525000000000005	0.17385000000000073	0.11925689338235292	0.09182692307692307
-0.37441250000000015	0.31370974999999923	0.12771369485294118	0.07913461538461537
-0.34711250000000005	0.33990775000000006	0.12145863970588228	0.09096153846153845
-0.32306250000000014	0.23569374999999937	0.10294301470588227	0.0846153846153846
-0.3450000000000001	0.35775000000000023	0.1157150735294117	0.08942307692307692
-0.32452500000000006	0.30013100000000037	0.11534283088235296	0.0923076923076923
-0.31818750000000007	0.22694374999999933	0.11442876838235289	0.08759615384615384
-0.33053750000000004	0.32941975000000046	0.11138051470588234	0.09807692307692308
-0.3240375	0.27198975000000036	0.12855606617647058	0.08576923076923076
-0.312825	0.28599900000000034	0.12394163602941186	0.08817307692307692
-0.32387500000000014	0.24827499999999958	0.12120496323529409	0.09019230769230768
-0.3406125000000001	0.2505177500000002	0.11801884191176473	0.09298076923076921
-0.27512499999999995	0.20477500000000148	0.11659053308823533	0.09240384615384614
-0.32030000000000003	0.19392399999999999	0.12196323529411776	0.09096153846153845
-0.2978750000000001	0.2017249999999997	0.12344944852941166	0.09346153846153846
-0.2774000000000001	0.20183600000000013	0.12395818014705885	0.0908653846153846
-0.3207875000000001	0.15759975000000015	0.11087729779411756	0.0958653846153846
-0.29576250000000015	0.21434774999999906	0.11523943014705887	0.0910576923076923
-0.3389875000000001	0.1373577499999996	0.10968336397058828	0.09317307692307691
-0.30632500000000007	0.23038900000000062	0.10596645220588238	0.0960576923076923
-0.2826000000000001	0.2585360000000003	0.10611397058823546	0.09499999999999999
-0.30323750000000005	0.14443775000000159	0.11346093750000007	0.08932692307692307
-0.32501250000000004	0.32126774999999963	0.12825275735294123	0.0796153846153846
-0.3263125000000001	0.07819374999999962	0.12476746323529414	0.0821153846153846
-0.2897500000000002	0.22485	0.12107950367647055	0.0958653846153846
-0.30405000000000015	0.35582399999999836	0.11571369485294108	0.09451923076923076
-0.31672500000000003	0.3080810000000005	0.11563648897058829	0.09028846153846153
-0.33915000000000006	0.17602600000000024	0.11347334558823528	0.09769230769230769
-0.27918750000000003	0.11599375000000034	0.11422610294117642	0.08288461538461538
-0.3682375000000001	0.3673377499999999	0.12389200367647056	0.08240384615384615
-0.327125	0.18197500000000044	0.12420358455882341	0.08625
-0.31103749999999997	0.24022975000000013	0.1072196691176471	0.08903846153846154
-0.31623750000000006	0.29186775000000154	0.11677665441176463	0.08403846153846153
-0.3081125	0.16406775000000007	0.11547380514705881	0.08951923076923077
-0.33265	0.3234060000000012	0.12249264705882361	0.08249999999999999
-0.3224125000000001	0.18681975000000062	0.11527389705882354	0.08884615384615384
-0.35995	0.15893400000000035	0.12785569852941173	0.08730769230769231
-0.33638750000000006	0.260097749999999	0.1315877757352941	0.07951923076923076
-0.2912125	0.26520975000000035	0.11736121323529405	0.08634615384615384
-0.2895875000000001	0.22277974999999994	0.12242922794117642	0.0971153846153846
-0.3199750000000001	0.30047099999999993	0.1130183823529412	0.08711538461538461
-0.3038875000000001	0.3510477500000002	0.12212178308823526	0.08413461538461538
-0.31510000000000005	0.15843600000000002	0.11814843749999998	0.09009615384615384
-0.28747500000000004	0.3113210000000004	0.11128814338235299	0.08605769230769231
-0.3386625	0.232769750000001	0.1175818014705882	0.08269230769230769
-0.3255000000000001	0.3224	0.10692325367647057	0.0808653846153846
-0.294625	0.27622500000000105	0.11172931985294109	0.09759615384615383
-0.3229000000000001	0.1432259999999994	0.11457077205882349	0.09
-0.33167500000000016	0.18651899999999877	0.10367095588235294	0.08365384615384615
-0.3386625	0.1257697500000008	0.12144761029411764	0.08730769230769231
-0.35231250000000014	0.31874374999999944	0.12676240808823513	0.08490384615384615
-0.3331375000000001	0.23846775000000076	0.13031801470588245	0.07653846153846154
-0.28747500000000004	0.21007100000000012	0.10867555147058827	0.09057692307692307
-0.3464625	0.2955797500000008	0.1283754595588236	0.08913461538461538
-0.35930000000000006	0.1332639999999996	0.1252637867647059	0.08615384615384615
-0.3412625	0.2919177500000014	0.12395542279411761	0.0760576923076923
-0.32452500000000006	0.2121310000000003	0.11654917279411757	0.08278846153846153
-0.3129875000000001	0.3054977499999998	0.11449356617647048	0.08942307692307692
-0.35507500000000003	0.35833900000000085	0.1180436580882353	0.0808653846153846
-0.29300000000000004	0.25039999999999996	0.10838602941176474	0.07365384615384615
-0.3146125000000001	0.1747077500000005	0.12174816176470572	0.09576923076923076
-0.3081125	0.1883177500000004	0.10602435661764695	0.08682692307692307
-0.30096250000000013	0.29773974999999986	0.12024264705882329	0.09249999999999999
-0.32728750000000006	0.16192974999999965	0.12344944852941175	0.0821153846153846
-0.3268000000000001	0.3500639999999997	0.11848345588235298	0.08326923076923076
-0.31510000000000005	0.2694359999999998	0.12101608455882354	0.08855769230769231
-0.32728750000000006	0.24042974999999966	0.12732904411764687	0.0876923076923077
-0.3646625	0.3454897500000005	0.1321654411764707	0.08903846153846154
-0.2832500000000001	0.23164999999999925	0.10790487132352938	0.09855769230769229
-0.3055125000000001	0.23053775000000076	0.12554503676470596	0.0973076923076923
-0.3105500000000001	0.29771399999999915	0.12075551470588243	0.09346153846153846
-0.3373625	0.16939775000000168	0.12303308823529416	0.08499999999999999
-0.3536125000000001	0.2352477500000001	0.1229352022058822	0.08259615384615383
-0.3224125000000001	0.22756975000000068	0.11426194852941174	0.08903846153846154
-0.3279375	0.3187437500000012	0.11023345588235292	0.09134615384615383
-0.2686250000000001	0.2775249999999989	0.11888051470588239	0.09326923076923076
-0.331025	0.20050100000000004	0.13183869485294117	0.0810576923076923
-0.3211125	0.21479775000000068	0.1091429227941176	0.08932692307692307
-0.3034000000000001	0.3212159999999997	0.11898805147058822	0.08711538461538461
-0.3354125000000001	0.18077975000000013	0.11579503676470587	0.07807692307692307
-0.3212750000000001	0.30177099999999957	0.11726470588235297	0.08846153846153845
-0.2947875000000001	0.23102974999999937	0.12258639705882354	0.09346153846153846
-0.3458125000000001	0.23224374999999942	0.128484375	0.07999999999999999
-0.32891250000000005	0.32044974999999987	0.12642463235294102	0.08846153846153845
-0.31786250000000016	0.22772774999999967	0.11730193014705889	0.08259615384615383
-0.3580000000000001	0.19089999999999918	0.11613556985294131	0.08778846153846154
-0.29332500000000006	0.19126900000000102	0.11210294117647054	0.07538461538461538
-0.32420000000000004	0.185454	0.12223621323529418	0.08096153846153845
-0.31705000000000005	0.163304000000001	0.11412270220588232	0.08413461538461538
-0.32452500000000006	0.29688099999999995	0.12037086397058819	0.09567307692307692
-0.3437000000000001	0.1895339999999992	0.11573023897058826	0.08682692307692307
-0.3204625000000001	0.24914974999999906	0.13769393382352946	0.08730769230769231
-0.32647500000000007	0.27040099999999967	0.12536994485294112	0.07701923076923077
-0.3320000000000001	0.25865000000000027	0.11264751838235285	0.09201923076923076
-0.32533750000000006	0.33918975000000007	0.10773115808823518	0.08836538461538461
-0.3441875000000001	0.33199374999999876	0.12221691176470588	0.09
-0.3282625000000001	0.3693977499999992	0.1227228860294117	0.0910576923076923
-0.33167500000000016	0.28276899999999916	0.12359972426470592	0.08971153846153845
-0.33248750000000016	0.4139677499999994	0.11843106617647053	0.08538461538461538
-0.312825	0.17974900000000016	0.12873805147058826	0.08615384615384615
-0.3355750000000002	0.29745899999999903	0.11993933823529404	0.09384615384615383
-0.33281250000000007	0.16734374999999968	0.10743060661764708	0.08298076923076922
-0.3651500000000001	0.23650600000000033	0.13089016544117635	0.08625
-0.33850000000000013	0.1960999999999995	0.11382628676470594	0.09
-0.31705000000000005	0.1863040000000007	0.12716222426470586	0.08932692307692307
-0.3047000000000001	0.201924	0.11690762867647062	0.09028846153846153
-0.2580625000000001	0.27944374999999955	0.11131847426470584	0.09028846153846153
-0.3575125000000001	0.3943177499999999	0.12740073529411766	0.0798076923076923
-0.32420000000000004	0.22770400000000013	0.11104136029411762	0.09038461538461537
-0.35182500000000005	0.20260899999999982	0.1292040441176471	0.08961538461538461
-0.35085	0.3323260000000001	0.12366452205882345	0.08826923076923077
-0.2860125	0.19260775000000052	0.11095036764705879	0.08961538461538461
-0.35816250000000005	0.21075975000000025	0.1269871323529412	0.08903846153846154
-0.33330000000000004	0.3249040000000001	0.11397518382352945	0.09269230769230768
-0.35670000000000013	0.404253999999999	0.10747058823529401	0.08192307692307692
-0.32745	0.2643840000000006	0.11001976102941174	0.08298076923076922
-0.29218750000000004	0.14659375000000008	0.1101176470588236	0.09538461538461537
-0.30957500000000016	0.23216899999999896	0.1259407169117647	0.08163461538461537
-0.30193749999999997	0.223943750000001	0.12207077205882347	0.08365384615384615
-0.3034000000000001	0.2524660000000001	0.11839246323529412	0.08134615384615383
-0.32371250000000007	0.22330974999999942	0.11204779411764706	0.09249999999999999
-0.2856875000000001	0.22794374999999967	0.1182435661764705	0.09903846153846153
-0.32615000000000005	0.28023600000000126	0.12202251838235303	0.08163461538461537
-0.3082750000000001	0.2875809999999994	0.1153566176470589	0.09019230769230768
-0.30925000000000014	0.3108999999999984	0.1301387867647059	0.08730769230769231
-0.25660000000000005	0.20141600000000093	0.11437775735294116	0.09346153846153846
-0.29608750000000006	0.39594974999999977	0.11739292279411759	0.07721153846153846
-0.3185125000000001	0.19390775000000016	0.12437178308823536	0.09644230769230767
-0.3061625000000001	0.2663697499999991	0.11822840073529417	0.10009615384615383
-0.34678750000000014	0.2233697499999998	0.11799126838235285	0.0785576923076923
-0.29933750000000003	0.23885975000000048	0.12504595588235287	0.08903846153846154
-0.3227375	0.22925775000000037	0.12442417279411774	0.09124999999999998
-0.318025	0.16021100000000033	0.11910248161764717	0.0864423076923077
-0.33785	0.08766600000000135	0.11862821691176469	0.09028846153846153
-0.34516250000000004	0.2898997500000009	0.1256484375	0.0785576923076923
-0.3414250000000001	0.21807900000000036	0.12220450367647057	0.08394230769230769
-0.3217625000000002	0.23693774999999828	0.12031295955882354	0.08932692307692307
-0.3320000000000001	0.2934000000000001	0.1246171875	0.08605769230769231
-0.3282625000000001	0.24939774999999909	0.1138042279411764	0.08788461538461538
-0.3146125000000001	0.29095775000000046	0.12082444852941174	0.08269230769230769
-0.33476249999999996	0.296057750000001	0.12337775735294125	0.09192307692307691
-0.3172125	0.28853975	0.10921737132352946	0.09240384615384614
-0.28633750000000013	0.13901974999999922	0.10671231617647065	0.08576923076923076
-0.29690000000000005	0.16869599999999974	0.11218290441176465	0.09153846153846153
-0.32094999999999996	0.21107400000000087	0.11250275735294113	0.08596153846153845
-0.3282625000000001	0.348897749999999	0.11325137867647056	0.08701923076923077
-0.30632500000000007	0.20238900000000015	0.1135657169117647	0.08932692307692307
-0.33135000000000003	0.21088600000000035	0.11175275735294121	0.08384615384615383
-0.3017750000000001	0.18541100000000021	0.1173970588235294	0.09615384615384615
-0.3337875000000001	0.07845974999999861	0.11638235294117641	0.08038461538461537
-0.2817875000000001	0.22706975000000007	0.11147150735294117	0.08980769230769231
-0.3212750000000001	0.20702099999999923	0.13229090073529423	0.08586538461538461
-0.3193250000000001	0.2978090000000009	0.11326654411764706	0.0948076923076923
-0.33801250000000005	0.3100877500000001	0.12011305147058825	0.09038461538461537
-0.3042125	0.15309974999999998	0.12056663602941181	0.09182692307692307
-0.3461375000000001	0.34753775000000076	0.1213952205882353	0.09942307692307692
-0.32143750000000004	0.2294937500000005	0.11288327205882352	0.08538461538461538
-0.3367125000000001	0.30419974999999955	0.12499770220588236	0.08625
-0.274475	0.13881099999999957	0.12231066176470584	0.08634615384615384
-0.303725	0.2697710000000004	0.10940900735294108	0.08403846153846153
-0.3516625	0.3229797500000009	0.13095220588235287	0.08807692307692307
-0.3414250000000001	0.17082900000000034	0.11756250000000004	0.08557692307692306
-0.31152500000000005	0.19899100000000036	0.11082352941176474	0.08711538461538461
-0.32745	0.2798840000000009	0.12140073529411759	0.09634615384615383
-0.2860125	0.2853577500000002	0.12245404411764707	0.09923076923076922
-0.31965	0.24726600000000065	0.1251741727941176	0.0935576923076923
-0.2852	0.13944400000000012	0.11980836397058833	0.09490384615384614
-0.3220875000000001	0.22062974999999962	0.12419806985294121	0.0960576923076923
-0.32728750000000006	0.27617974999999984	0.12851332720588238	0.0908653846153846
-0.3357375	0.3336377500000003	0.11634374999999991	0.08096153846153845
-0.3126625000000002	0.2252497499999988	0.11591084558823525	0.08365384615384615
-0.3136375	0.24698775000000062	0.13152022058823537	0.07846153846153844
-0.32810000000000006	0.36444600000000005	0.1271305147058823	0.09076923076923075
-0.3268000000000001	0.40606399999999976	0.1263681066176471	0.09298076923076921
-0.3211125	0.26629775000000055	0.11278676470588242	0.08384615384615383
-0.318025	0.24471100000000057	0.12237545955882345	0.08951923076923077
-0.33996250000000006	0.3358597500000009	0.12798667279411763	0.08759615384615384
-0.281625	0.228225000000001	0.11025275735294111	0.09423076923076922
-0.33492500000000003	0.2727390000000005	0.1286732536764706	0.08586538461538461
-0.32371250000000007	0.31530974999999994	0.1070625	0.09999999999999999
-0.3315125000000001	0.3108277499999996	0.12182674632352944	0.08317307692307692
-0.32030000000000003	0.3291740000000001	0.1196939338235293	0.09499999999999999
-0.3053500000000001	0.30101599999999884	0.11408409926470589	0.09124999999999998
-0.3185125000000001	0.22865775	0.1273772977941177	0.09663461538461536
-0.32143750000000004	0.19374375000000033	0.12593244485294108	0.07971153846153844
-0.3191625000000001	0.2665797499999991	0.11863235294117656	0.09134615384615383
-0.35458750000000017	0.2777297499999989	0.13074954044117654	0.0864423076923077
-0.35020000000000007	0.34404399999999935	0.11857031249999998	0.08471153846153845
-0.3129875000000001	0.3059977500000004	0.12062316176470589	0.08442307692307692
-0.33362500000000006	0.2642750000000005	0.11916176470588223	0.08596153846153845
-0.3373625	0.346897750000001	0.12872702205882364	0.08942307692307692
-0.2848750000000001	0.30777500000000035	0.1164857536764706	0.09451923076923076
-0.3521500000000001	0.2596160000000003	0.11653538602941177	0.0864423076923077
-0.3905000000000002	0.4383999999999997	0.11502297794117644	0.08615384615384615
-0.3160750000000001	0.18612899999999932	0.10969577205882347	0.07865384615384614
-0.3030750000000001	0.2724089999999997	0.1213772977941176	0.09682692307692306
-0.3370375	0.1997997500000004	0.13158363970588244	0.08711538461538461
-0.35865	0.3130860000000011	0.11751976102941186	0.0833653846153846
-0.35670000000000013	0.19775399999999976	0.12318612132352948	0.0810576923076923
-0.33833750000000007	0.22917975000000013	0.1221989889705882	0.08432692307692306
-0.3055125000000001	0.2777877500000008	0.11636167279411755	0.09374999999999999
-0.34516250000000004	0.3543997500000007	0.12422840073529423	0.08817307692307692
-0.29023750000000015	0.32255774999999876	0.12142279411764709	0.09346153846153846
-0.30242500000000005	0.19853900000000024	0.1213497242647059	0.08951923076923077
-0.2908875000000001	0.27032774999999987	0.10934696691176476	0.09451923076923076
-0.32355	0.2395940000000012	0.1312817095588236	0.08567307692307692
-0.35507500000000003	0.2580890000000009	0.13317738970588236	0.08615384615384615
-0.27788750000000007	0.29765775000000083	0.11508501838235297	0.0933653846153846
-0.3290750000000001	0.23014899999999905	0.1344788602941176	0.08826923076923077
-0.32615000000000005	0.288736000000001	0.1133203124999999	0.08548076923076922
-0.31867500000000015	0.3748889999999987	0.11934237132352937	0.08048076923076922
-0.2983625000000001	0.24435774999999982	0.12355147058823536	0.09673076923076922
-0.30437500000000006	0.22512499999999935	0.10895404411764709	0.08826923076923077
-0.3038875000000001	0.30704774999999973	0.10871553308823531	0.10240384615384614
-0.3492250000000001	0.29273099999999985	0.12038189338235288	0.09432692307692307
-0.32940000000000014	0.23729599999999973	0.11386626838235298	0.0833653846153846
-0.30015000000000014	0.35505599999999937	0.11658639705882347	0.10192307692307692
-0.3477625	0.20847775000000102	0.11883501838235307	0.08221153846153845
-0.36482500000000007	0.2945789999999988	0.11269852941176473	0.08384615384615383
-0.3394750000000001	0.27636099999999963	0.13196277573529402	0.08759615384615384
-0.35475	0.24960000000000004	0.11794163602941175	0.08855769230769231
-0.34386249999999996	0.3426877500000014	0.12272840073529412	0.08374999999999999
-0.3425625	0.169443750000001	0.1119402573529411	0.09192307692307691
-0.3450000000000001	0.36524999999999963	0.1283561580882353	0.09124999999999998
-0.2999875000000001	0.22651775000000018	0.11769623161764697	0.09451923076923076
-0.33135000000000003	0.2611360000000005	0.1062807904411765	0.10317307692307691
-0.3201375000000001	0.18719775000000016	0.11299218749999998	0.09432692307692307
-0.30713750000000006	0.1822277500000009	0.11801884191176477	0.08490384615384615
-0.34272500000000006	0.23360100000000017	0.12373621323529407	0.09499999999999999
-0.32972500000000005	0.17119100000000032	0.12496185661764697	0.07971153846153844
-0.32468750000000013	0.3183437499999995	0.11700827205882358	0.08403846153846153
-0.34110000000000007	0.18250600000000006	0.1327210477941177	0.08067307692307692
-0.34955	0.21650400000000136	0.1156116727941176	0.09663461538461536
-0.3030750000000001	0.27415899999999915	0.11316865808823529	0.09048076923076921
-0.3448375	0.25659975000000035	0.12443382352941174	0.08730769230769231
-0.32940000000000014	0.24629600000000007	0.11330514705882358	0.0848076923076923
-0.27155000000000007	0.30462399999999956	0.1242008272058823	0.09471153846153846
-0.3266375	0.21935775000000124	0.13956617647058817	0.09019230769230768
-0.33330000000000004	0.3104040000000001	0.12378033088235296	0.0848076923076923
-0.31965	0.271516000000001	0.11593841911764705	0.0846153846153846
-0.3505250000000001	0.3475610000000007	0.11545036764705878	0.08788461538461538
-0.2967375	0.3261477500000014	0.10532812499999995	0.07865384615384614
-0.35816250000000005	0.14000975000000082	0.12006066176470584	0.08326923076923076
-0.2892625000000001	0.3418877499999997	0.11374632352941172	0.09
-0.3472750000000001	0.28430099999999836	0.12262913602941183	0.08201923076923076
-0.2793500000000001	0.2685959999999996	0.12097058823529402	0.09249999999999999
-0.34906250000000005	0.26334375000000065	0.12387270220588226	0.09163461538461537
-0.2973875	0.31933774999999986	0.12489568014705875	0.09798076923076922
-0.30096250000000013	0.1499897499999996	0.11995450367647059	0.08855769230769231
-0.3307000000000001	0.3551140000000004	0.12590073529411752	0.07269230769230768
-0.3406125000000001	0.30776775	0.12541957720588237	0.08663461538461538
-0.3398000000000001	0.2009439999999998	0.11389659926470586	0.08836538461538461
-0.35767499999999997	0.20342900000000075	0.13081709558823543	0.07538461538461538
-0.3549125000000001	0.262969749999999	0.12033226102941186	0.08913461538461538
-0.3055125000000001	0.2752877500000004	0.11629273897058816	0.08721153846153845
-0.2891	0.23456600000000005	0.12551746323529406	0.0876923076923077
-0.3240375	0.34673975000000024	0.11676286764705897	0.09538461538461537
-0.2936500000000001	0.31913599999999853	0.1146603860294117	0.09009615384615384
-0.37555000000000005	0.27436400000000116	0.12277803308823525	0.07990384615384614
-0.30908750000000007	0.17438974999999957	0.12370726102941179	0.08432692307692306
-0.3402875000000001	0.1991897499999995	0.12382996323529408	0.08384615384615383
-0.30681250000000004	0.20119375000000073	0.12030468750000006	0.08701923076923077
-0.33915000000000006	0.3445260000000001	0.11652573529411767	0.09384615384615383
-0.3152625000000001	0.3361777499999983	0.11461213235294115	0.07846153846153844
-0.3251750000000001	0.26022899999999893	0.1187068014705882	0.07788461538461539
-0.2978750000000001	0.19822499999999987	0.11871369485294123	0.08124999999999999
-0.33768750000000014	0.23599374999999956	0.12494669117647052	0.09307692307692307
-0.3125000000000001	0.3185000000000002	0.11572058823529413	0.08557692307692306
-0.35101250000000006	0.19195774999999937	0.12204595588235283	0.08942307692307692
-0.33167500000000016	0.48051899999999925	0.11807536764705875	0.08711538461538461
-0.32533750000000006	0.28243975	0.11408409926470575	0.09124999999999998
-0.32615000000000005	0.351236000000001	0.12388786764705892	0.08711538461538461
-0.294625	0.20147500000000118	0.1181043198529412	0.08798076923076922
-0.3055125000000001	0.07303775000000101	0.10834604779411755	0.09182692307692307
-0.305025	0.2187210000000004	0.11946231617647068	0.0875
-0.3212750000000001	0.22377099999999928	0.11277987132352948	0.08721153846153845
-0.31786250000000016	0.30272774999999896	0.1090174632352941	0.08692307692307692
-0.32143750000000004	0.2849937500000008	0.11723713235294114	0.09249999999999999
-0.3302125	0.18552974999999972	0.1156585477941176	0.09298076923076921
-0.3069750000000001	0.25921099999999964	0.11348713235294117	0.09288461538461537
-0.3034000000000001	0.17046600000000023	0.11967738970588221	0.08865384615384615
-0.3311875000000001	0.24344374999999996	0.1211305147058824	0.08423076923076922
-0.32501250000000004	0.34726774999999943	0.10465257352941185	0.08788461538461538
-0.31233750000000005	0.23299975000000117	0.11537454044117634	0.0910576923076923
-0.2824375000000001	0.3014437499999989	0.11608869485294113	0.0935576923076923
-0.3594625	0.2698697500000016	0.13563419117647052	0.07692307692307693
-0.31753750000000003	0.25125975	0.10616222426470592	0.0908653846153846
-0.32030000000000003	0.24967399999999973	0.11599494485294118	0.0960576923076923
-0.3282625000000001	0.06539774999999892	0.11322104779411749	0.09009615384615384
-0.30518750000000006	0.2579937499999998	0.11863786764705893	0.08096153846153845
-0.2967375	0.2766477500000013	0.11249448529411774	0.09653846153846153
-0.30242500000000005	0.22278900000000057	0.1169779411764705	0.08692307692307692
-0.36888750000000015	0.31064774999999933	0.11937821691176462	0.08605769230769231
-0.35231250000000014	0.33999374999999965	0.12062316176470589	0.07942307692307692
-0.3255000000000001	0.32065000000000055	0.11836213235294132	0.09115384615384614
-0.3207875000000001	0.33259974999999997	0.11895772058823534	0.09365384615384614
-0.3414250000000001	0.3728290000000003	0.12097748161764713	0.09394230769230769
-0.2970625000000001	0.27724374999999934	0.1128170955882353	0.08980769230769231
-0.31038750000000004	0.24395774999999986	0.11420266544117647	0.09624999999999997
-0.31152500000000005	0.32849100000000053	0.11841038602941174	0.08471153846153845
-0.3357375	0.22788774999999983	0.11572334558823544	0.08653846153846154
-0.3086000000000001	0.29035600000000006	0.11363740808823532	0.08182692307692306
-0.3307000000000001	0.266864	0.12134283088235305	0.08846153846153845
-0.33801250000000005	0.24283775000000052	0.12410707720588235	0.09124999999999998
-0.35767499999999997	0.4024290000000015	0.12668933823529416	0.07884615384615383
-0.29105000000000014	0.2551439999999996	0.11007352941176463	0.08519230769230769
-0.3583250000000001	0.25711899999999943	0.11159283088235286	0.08038461538461537
-0.33687500000000015	0.262624999999999	0.12275873161764692	0.09778846153846152
-0.29771250000000005	0.23042974999999988	0.11913832720588238	0.10124999999999998
-0.3406125000000001	0.2872677499999998	0.11418612132352937	0.08374999999999999
-0.28698750000000006	0.2690877500000006	0.1126654411764706	0.08653846153846154
-0.32533750000000006	0.21293975000000032	0.12060110294117646	0.08961538461538461
-0.3370375	0.2752997500000003	0.12177849264705878	0.08346153846153845
-0.305025	0.21822100000000066	0.11404411764705882	0.09115384615384614
-0.3594625	0.24786975000000133	0.1222693014705882	0.07942307692307692
-0.31006250000000013	0.23544374999999906	0.11704273897058823	0.08759615384615384
-0.31120000000000003	0.309234	0.12023851102941173	0.08471153846153845
-0.3199750000000001	0.232221	0.12006893382352929	0.08442307692307692
-0.2899125	0.1924197500000009	0.12430147058823535	0.08865384615384615
-0.3146125000000001	0.27520775000000075	0.12465992647058823	0.08249999999999999
-0.3113625000000001	0.3549877499999985	0.11420680147058829	0.08365384615384615
-0.2964125000000001	0.23804975000000006	0.12695680147058824	0.09634615384615383
-0.2954375	0.2952437500000009	0.11387729779411765	0.09201923076923076
-0.3097375	0.2051777500000007	0.11018933823529406	0.09615384615384615
-0.3778250000000001	0.30509900000000023	0.12374724264705872	0.08538461538461538
-0.2804875000000001	0.16554775	0.10890579044117643	0.08990384615384615
-0.3168875000000001	0.33581775000000036	0.12420358455882355	0.08990384615384615
-0.3268000000000001	0.17981399999999947	0.13655652573529403	0.08451923076923076
-0.32468750000000013	0.47884374999999935	0.1261847426470588	0.08711538461538461
-0.3268000000000001	0.2618139999999993	0.11741636029411771	0.07365384615384615
-0.3038875000000001	0.20529774999999972	0.11313556985294115	0.08798076923076922
-0.3632000000000001	0.2779139999999991	0.12198529411764711	0.0848076923076923
-0.3318375	0.18370975000000023	0.11758180147058823	0.08307692307692306
-0.34175	0.15490000000000137	0.12161029411764701	0.08653846153846154
-0.3220875000000001	0.3133797499999993	0.11634788602941173	0.07874999999999999
-0.3022625000000001	0.2695077499999998	0.12443933823529404	0.0971153846153846
-0.32094999999999996	0.22007400000000032	0.1247385110294118	0.0908653846153846
-0.3220875000000001	0.24912974999999893	0.12407398897058822	0.09567307692307692
-0.32257500000000017	0.3680389999999987	0.12504733455882358	0.08913461538461538
-0.31835	0.17517600000000044	0.11858685661764701	0.09201923076923076
-0.3503625	0.21467775000000078	0.12168060661764703	0.07913461538461537
-0.2699250000000002	0.21483899999999867	0.12041911764705884	0.09192307692307691
-0.29332500000000006	0.29426900000000167	0.11438740808823541	0.09067307692307691
-0.30210000000000004	0.283226	0.11599356617647058	0.08807692307692307
-0.299825	0.2932290000000002	0.11990900735294119	0.08576923076923076
-0.31753750000000003	0.28075975000000053	0.1306723345588236	0.08317307692307692
-0.3367125000000001	0.27869974999999947	0.11814292279411767	0.09182692307692307
-0.3311875000000001	0.2526937499999997	0.1140496323529411	0.07942307692307692
-0.2972250000000001	0.297791000000001	0.11275643382352935	0.08115384615384615
-0.3355750000000002	0.23570899999999906	0.12572426470588235	0.08019230769230769
-0.33833750000000007	0.3586797500000003	0.11904319852941184	0.10096153846153846
-0.31867500000000015	0.2888889999999993	0.128203125	0.0875
-0.25107500000000005	0.2520290000000003	0.11409237132352944	0.09298076923076921
-0.30632500000000007	0.2898890000000005	0.12396507352941169	0.08711538461538461
-0.303725	0.250521	0.11647610294117651	0.10307692307692308
-0.36921250000000005	0.26379975000000044	0.1242504595588236	0.08009615384615383
-0.31006250000000013	0.2721937499999987	0.1347463235294118	0.08807692307692307
-0.3331375000000001	0.1874677500000006	0.12159375000000001	0.09692307692307692
-0.3066500000000001	0.22117599999999893	0.11632444852941176	0.08903846153846154
-0.32387500000000014	0.16677499999999945	0.121188419117647	0.09134615384615383
-0.2879625000000001	0.34754974999999977	0.11921829044117646	0.08990384615384615
-0.32728750000000006	0.22867974999999952	0.12015579044117647	0.08413461538461538
-0.321925	0.2441589999999998	0.12312959558823543	0.0848076923076923
-0.2798375000000002	0.38214974999999907	0.11357123161764701	0.07894230769230769
-0.3318375	0.3239597500000002	0.12310477941176465	0.09326923076923076
-0.3232250000000001	0.2504110000000006	0.13271966911764713	0.0923076923076923
-0.29690000000000005	0.2384459999999997	0.11132674632352939	0.08278846153846153
-0.33443750000000005	0.2631937500000001	0.12425183823529415	0.07942307692307692
-0.33005000000000007	0.29333400000000065	0.11267922794117649	0.08653846153846154
-0.3521500000000001	0.353866	0.11578262867647043	0.09624999999999997
-0.34955	0.2510040000000009	0.11971461397058814	0.08432692307692306
-0.3185125000000001	0.16215774999999955	0.11086075367647064	0.09163461538461537
-0.30567500000000014	0.2818089999999991	0.1206355698529411	0.08567307692307692
-0.3173750000000001	0.29452499999999926	0.12030882352941173	0.09134615384615383
-0.30925000000000014	0.28039999999999843	0.12224172794117646	0.09
-0.33362500000000006	0.20952500000000018	0.12186259191176482	0.0833653846153846
-0.3199750000000001	0.21647099999999941	0.12379273897058816	0.08394230769230769
-0.3168875000000001	0.32481775000000024	0.12158823529411764	0.07634615384615384
-0.33394999999999997	0.24089400000000083	0.11947196691176476	0.09298076923076921
-0.31786250000000016	0.17772774999999896	0.11536764705882357	0.08134615384615383
-0.25546250000000004	0.2854497499999997	0.1138207720588235	0.09192307692307691
-0.2936500000000001	0.23113599999999845	0.10542601102941174	0.09894230769230768
-0.31818750000000007	0.22144374999999972	0.11608318014705889	0.09394230769230769
-0.3389875000000001	0.26585774999999945	0.11486305147058826	0.08653846153846154
-0.3500375	0.2711597500000007	0.11529871323529403	0.08442307692307692
-0.3120125	0.2122477500000004	0.12797150735294122	0.08711538461538461
-0.3164000000000001	0.23835599999999957	0.12355836397058811	0.07894230769230769
-0.33963750000000004	0.30352775000000065	0.11655193014705867	0.08625
-0.3193250000000001	0.2700590000000007	0.10746231617647056	0.09346153846153846
-0.3414250000000001	0.2658290000000001	0.12030330882352949	0.08538461538461538
-0.30291250000000003	0.28137975000000015	0.12369071691176464	0.09009615384615384
-0.31867500000000015	0.16188899999999862	0.1230523897058824	0.08269230769230769
-0.32371250000000007	0.2795597499999998	0.13325459558823527	0.09019230769230768
-0.3133125000000001	0.18099374999999984	0.11550965073529407	0.09317307692307691
-0.31672500000000003	0.33283100000000054	0.12364797794117649	0.09307692307692307
-0.32501250000000004	0.20751775000000006	0.11060983455882353	0.0808653846153846
-0.3164000000000001	0.23260599999999965	0.11826286764705893	0.0823076923076923
-0.29413750000000005	0.2305577500000009	0.13287132352941183	0.09038461538461537
-0.29170000000000007	0.14915400000000023	0.10915670955882348	0.08759615384615384
-0.29657500000000014	0.1500989999999991	0.11235523897058822	0.08990384615384615
-0.34207500000000013	0.2467189999999988	0.13058547794117656	0.08576923076923076
-0.3430500000000001	0.3224140000000002	0.12358318014705881	0.08625
-0.2978750000000001	0.21597499999999936	0.11886672794117653	0.08711538461538461
-0.3113625000000001	0.15948774999999848	0.11881020220588238	0.08701923076923077
-0.3256625000000002	0.2963597499999988	0.12981479779411775	0.08144230769230769
-0.3120125	0.3324977500000008	0.11415441176470587	0.10173076923076922
-0.3311875000000001	0.2706937499999995	0.11476792279411754	0.08971153846153845
-0.3284250000000001	0.2263489999999999	0.12935707720588244	0.08875
-0.33931250000000013	0.28794375000000016	0.11751700367647076	0.08259615384615383
-0.3160750000000001	0.19487899999999936	0.11950229779411776	0.08855769230769231
-0.30486250000000015	0.15319774999999947	0.11366636029411759	0.08076923076923076
-0.2912125	0.12495975000000037	0.11436121323529416	0.09249999999999999
-0.36287500000000006	0.2807250000000012	0.11393244485294111	0.0833653846153846
-0.31006250000000013	0.2784437499999983	0.1184682904411764	0.08740384615384615
-0.3320000000000001	0.2466499999999998	0.11971737132352948	0.07913461538461537
-0.33394999999999997	0.32464400000000104	0.10998943014705881	0.0910576923076923
-0.3042125	0.20984975000000006	0.11923345588235298	0.08153846153846153
-0.31038750000000004	0.3077077499999996	0.11190303308823528	0.08124999999999999
-0.3307000000000001	0.21861399999999964	0.12127113970588227	0.09
-0.31818750000000007	0.20969374999999957	0.12073759191176477	0.09221153846153846
-0.31900000000000006	0.30459999999999976	0.10865487132352936	0.0935576923076923
-0.32582500000000003	0.24856899999999982	0.11826424632352944	0.09278846153846153
-0.29495000000000016	0.13583399999999912	0.11731847426470589	0.08682692307692307
-0.31396250000000014	0.27197974999999897	0.10193244485294117	0.08759615384615384
-0.3497125000000001	0.27938975	0.1119485294117647	0.09192307692307691
-0.32777500000000015	0.23029099999999936	0.115640625	0.09384615384615383
-0.3342750000000001	0.339510999999999	0.11762316176470584	0.08365384615384615
-0.3362250000000001	0.3271709999999999	0.12031158088235294	0.09788461538461538
-0.3116875000000001	0.25649374999999974	0.12026884191176482	0.08778846153846154
-0.3082750000000001	0.2948309999999994	0.11990625000000002	0.08192307692307692
-0.35572500000000007	0.39631100000000075	0.11767141544117647	0.0935576923076923
-0.31900000000000006	0.2998499999999993	0.11883226102941169	0.08163461538461537
-0.3216000000000001	0.29846600000000034	0.11116268382352935	0.09442307692307692
-0.34158750000000015	0.19823974999999905	0.12280836397058822	0.09048076923076921
-0.31818750000000007	0.11119374999999998	0.12835477941176465	0.08865384615384615
-0.29105000000000014	0.18839399999999973	0.10511718749999996	0.08817307692307692
-0.2973875	0.2313377499999998	0.11842417279411761	0.08124999999999999
-0.3069750000000001	0.3362109999999996	0.11252757352941171	0.09346153846153846
-0.32745	0.2613840000000005	0.12066727941176468	0.0875
-0.3357375	0.3161377500000002	0.11695588235294122	0.08038461538461537
-0.31981250000000006	0.18724375000000038	0.12511213235294122	0.10461538461538461
-0.35458750000000017	0.14997974999999908	0.12463786764705885	0.08653846153846154
-0.34873750000000003	0.3243177500000005	0.107892463235294	0.0876923076923077
-0.32338750000000005	0.21737774999999981	0.1295873161764706	0.08134615384615383
-0.33265	0.2816560000000008	0.12081066176470576	0.09249999999999999
-0.30843750000000003	0.15684375000000106	0.10477665441176479	0.08442307692307692
-0.32468750000000013	0.1938437499999992	0.1125537683823529	0.08798076923076922
-0.3108750000000001	0.261474999999999	0.11447426470588246	0.09596153846153846
-0.3006375	0.18866775000000136	0.11678906250000012	0.08778846153846154
-0.33476249999999996	0.23755775000000057	0.11468658088235292	0.0921153846153846
-0.3038875000000001	0.20629775000000006	0.1143763786764706	0.09278846153846153
-0.29332500000000006	0.2722690000000014	0.11352022058823534	0.0921153846153846
-0.31542500000000007	0.2931689999999998	0.11210018382352938	0.08865384615384615
-0.3220875000000001	0.21587974999999915	0.12448621323529427	0.09192307692307691
-0.35263750000000005	0.22974775000000047	0.11406617647058835	0.0876923076923077
-0.31623750000000006	0.17961775000000113	0.11711443014705877	0.09144230769230768
-0.34743750000000007	0.4366937499999999	0.1225091911764705	0.08846153846153845
-0.31575	0.2051500000000006	0.11767830882352961	0.10057692307692308
-0.3302125	0.26477974999999976	0.11390211397058815	0.0835576923076923
-0.32468750000000013	0.2275937499999987	0.1171571691176472	0.08653846153846154
-0.36336250000000003	0.40350775000000105	0.11975045955882359	0.07817307692307691
-0.3047000000000001	0.32817399999999974	0.1067509191176471	0.08692307692307692
-0.29056250000000006	0.28744374999999955	0.10970542279411771	0.09490384615384614
-0.3604375000000001	0.15174374999999962	0.1171750919117647	0.08451923076923076
-0.3193250000000001	0.2533090000000007	0.12157169117647056	0.0921153846153846
-0.34077500000000016	0.1916809999999991	0.12127251838235295	0.0933653846153846
-0.30567500000000014	0.21555899999999895	0.11574678308823524	0.08971153846153845
-0.33638750000000006	0.23459774999999894	0.12439797794117666	0.0798076923076923
-0.3913125000000002	0.22019374999999997	0.12166544117647074	0.08096153846153845
-0.2978750000000001	0.2479749999999994	0.11150045955882354	0.09163461538461537
-0.34906250000000005	0.22084375000000112	0.12264016544117651	0.08240384615384615
-0.3188375	0.26911975000000066	0.12096093749999998	0.08682692307692307
-0.3726250000000001	0.388774999999999	0.12103262867647056	0.08759615384615384
-0.3315125000000001	0.11207775000000009	0.1409931066176469	0.08278846153846153
-0.3560500000000001	0.17004399999999986	0.12177159926470583	0.08278846153846153
-0.3121750000000001	0.37424899999999894	0.11611488970588243	0.07596153846153846
-0.31396250000000014	0.1662297499999985	0.11399310661764704	0.08798076923076922
-0.3742500000000001	0.2879000000000005	0.12477022058823527	0.0775
-0.2852	0.35369399999999995	0.11735845588235297	0.09076923076923075
-0.31575	0.09665000000000123	0.10744577205882358	0.08961538461538461
-0.3164000000000001	0.28710599999999964	0.10452849264705877	0.09769230769230769
-0.32582500000000003	0.24231900000000017	0.12475367647058835	0.0876923076923077
-0.2785375000000001	0.270829749999999	0.1141985294117647	0.09057692307692307
-0.31315000000000004	0.21449600000000046	0.11903768382352936	0.09134615384615383
-0.3133125000000001	0.2897437500000004	0.11481479779411757	0.09798076923076922
-0.3282625000000001	0.3223977499999986	0.13335386029411755	0.09076923076923075
-0.299825	0.24997900000000062	0.1200537683823529	0.0981730769230769
-0.281625	0.3939750000000011	0.11910110294117648	0.09903846153846153
-0.32257500000000017	0.11753899999999895	0.10861488970588237	0.0998076923076923
-0.3086000000000001	0.17360600000000037	0.12438694852941165	0.08365384615384615
-0.32972500000000005	0.3586910000000003	0.12354871323529401	0.08865384615384615
-0.3126625000000002	0.22899974999999895	0.1155813419117647	0.08317307692307692
-0.3441875000000001	0.3417437499999991	0.11401378676470589	0.08807692307692307
-0.31120000000000003	0.20048400000000033	0.11801608455882351	0.08740384615384615
-0.3243625000000001	0.27416774999999927	0.11144669117647046	0.08788461538461538
-0.3058375	0.23082975000000072	0.12392784926470589	0.08855769230769231
-0.3373625	0.19764775000000157	0.11338373161764696	0.09413461538461537
-0.3185125000000001	0.24240774999999992	0.12145863970588222	0.0823076923076923
-0.31948750000000015	0.20528774999999921	0.12925643382352944	0.09096153846153845
-0.34695	0.2955140000000007	0.12219485294117635	0.09403846153846153
-0.3256625000000002	0.2208597499999989	0.12795358455882352	0.08778846153846154
-0.33167500000000016	0.33451899999999934	0.12131663602941173	0.08028846153846153
-0.34353750000000005	0.33937975	0.12708777573529423	0.08951923076923077
-0.33411250000000003	0.21582774999999987	0.12152068014705879	0.09298076923076921
-0.27642500000000003	0.3094290000000006	0.115453125	0.08961538461538461
-0.2999875000000001	0.2137677499999997	0.11441222426470592	0.09548076923076922
-0.3055125000000001	0.1817877500000007	0.11504917279411764	0.09298076923076921
-0.2954375	0.19699375000000074	0.12325505514705881	0.08932692307692307
-0.3211125	0.3375477500000006	0.1232302389705883	0.09451923076923076
-0.35897500000000004	0.3195510000000006	0.12264568014705865	0.08721153846153845
-0.31867500000000015	0.3561389999999989	0.11504090073529398	0.0833653846153846
-0.3337875000000001	0.4192097499999994	0.12426700367647056	0.09413461538461537
-0.33882500000000004	0.4381890000000004	0.12161718750000003	0.0908653846153846
-0.30990000000000006	0.20893599999999957	0.1334751838235295	0.09346153846153846
-0.31753750000000003	0.28925975000000026	0.1219632352941177	0.09
-0.308925	0.27287900000000054	0.125196231617647	0.08163461538461537
-0.33492500000000003	0.20148900000000047	0.11993933823529415	0.09249999999999999
-0.3315125000000001	0.39482775000000014	0.11279641544117658	0.08990384615384615
-0.30128750000000004	0.3223097500000005	0.11488648897058823	0.08951923076923077
-0.33362500000000006	0.2545250000000001	0.11566544117647075	0.08884615384615384
-0.3216000000000001	0.3364660000000006	0.10614292279411768	0.08798076923076922
-0.32468750000000013	0.22359374999999915	0.12369071691176454	0.08932692307692307
-0.34077500000000016	0.2411809999999992	0.11755284926470584	0.08740384615384615
-0.3315125000000001	0.17282774999999972	0.12231755514705883	0.0835576923076923
-0.31753750000000003	0.3105097500000005	0.12614613970588237	0.07442307692307693
-0.3552375000000001	0.32545775	0.11310386029411759	0.09134615384615383
-0.3061625000000001	0.26886974999999946	0.1141061580882353	0.09221153846153846
-0.33931250000000013	0.2421937500000002	0.11887913602941182	0.08625
-0.33086250000000017	0.34355774999999866	0.12627159926470594	0.08432692307692306
-0.3125000000000001	0.1769999999999996	0.10352895220588228	0.0835576923076923
-0.3458125000000001	0.2427437499999998	0.11808777573529408	0.0910576923076923
-0.3152625000000001	0.17967774999999886	0.11785340073529417	0.08778846153846154
-0.31835	0.3436760000000012	0.11852895220588233	0.08586538461538461
-0.3255000000000001	0.24265000000000025	0.13223161764705885	0.08134615384615383
-0.3251750000000001	0.25047899999999945	0.12396093749999999	0.09009615384615384
-0.3017750000000001	0.21316100000000038	0.1198635110294119	0.09990384615384613
-0.30648750000000013	0.36840775000000026	0.12828033088235283	0.08692307692307692
-0.2821125	0.30225775000000077	0.1068336397058824	0.0876923076923077
-0.34516250000000004	0.253649750000001	0.11867371323529409	0.08865384615384615
-0.3160750000000001	0.2563789999999999	0.12717738970588227	0.1025
-0.312825	0.26024900000000084	0.12912270220588232	0.0935576923076923
-0.31347500000000006	0.15449099999999927	0.11607628676470591	0.10153846153846154
-0.3394750000000001	0.29511099999999946	0.12105193014705887	0.0833653846153846
-0.34711250000000005	0.3126577499999996	0.12304136029411764	0.08365384615384615
-0.32420000000000004	0.3237040000000002	0.11656709558823532	0.08307692307692306
-0.2895875000000001	0.16352975000000036	0.1059733455882354	0.09365384615384614
-0.2796750000000001	0.2337990000000003	0.10725413602941168	0.10432692307692307
-0.2793500000000001	0.22509599999999974	0.10689292279411769	0.09548076923076922
-0.2915375000000001	0.2870897499999989	0.1145900735294118	0.09153846153846153
-0.3022625000000001	0.18650774999999964	0.1211305147058823	0.08942307692307692
-0.3362250000000001	0.30517099999999964	0.11871369485294121	0.09894230769230768
-0.34760000000000013	0.1643359999999996	0.11234420955882354	0.08836538461538461
-0.34792500000000004	0.25736899999999974	0.11553860294117652	0.08384615384615383
-0.31948750000000015	0.24453774999999922	0.11052987132352948	0.08913461538461538
-0.30876250000000016	0.2701177499999998	0.12882215073529413	0.08586538461538461
-0.31315000000000004	0.22899600000000042	0.11994347426470592	0.08875
-0.31510000000000005	0.22218599999999977	0.12123253676470586	0.10653846153846154
-0.3295625000000001	0.4319937499999984	0.12226654411764709	0.08826923076923077
-0.34240000000000015	0.16328599999999938	0.11812500000000002	0.0773076923076923
-0.32452500000000006	0.23763100000000037	0.10828400735294114	0.10134615384615384
-0.3030750000000001	0.2879089999999991	0.11931893382352932	0.09096153846153845
-0.3389875000000001	0.29460774999999906	0.11679595588235292	0.08269230769230769
-0.31672500000000003	0.28558100000000053	0.11269163602941185	0.09240384615384614
-0.32533750000000006	0.37293975000000046	0.11453216911764699	0.10076923076923076
-0.33330000000000004	0.20465399999999967	0.11166452205882363	0.08384615384615383
-0.3295625000000001	0.24999374999999802	0.11489338235294111	0.09288461538461537
-0.32940000000000014	0.24254599999999993	0.11545863970588241	0.08846153846153845
-0.34678750000000014	0.24561974999999947	0.12858088235294113	0.08288461538461538
-0.3082750000000001	0.20783099999999965	0.11567233455882353	0.08875
-0.3516625	0.29822975000000085	0.12054871323529412	0.09173076923076921
-0.32533750000000006	0.3374397500000006	0.12114292279411769	0.09163461538461537
-0.3216000000000001	0.2609660000000007	0.1205335477941176	0.08413461538461538
-0.33833750000000007	0.3019297500000002	0.1212215073529412	0.09615384615384615
-0.3437000000000001	0.22803399999999918	0.11842555147058818	0.08365384615384615
-0.35085	0.19782600000000006	0.11911626838235291	0.09971153846153845
-0.3077875000000001	0.16578975000000007	0.11742463235294118	0.08980769230769231
-0.33216250000000014	0.4400897499999994	0.12071966911764712	0.08788461538461538
-0.36677499999999996	0.2908610000000005	0.1296672794117647	0.08384615384615383
-0.33785	0.3339160000000012	0.12224862132352933	0.09374999999999999
-0.31038750000000004	0.20545774999999988	0.12437729779411771	0.09451923076923076
-0.33768750000000014	0.11949374999999929	0.12434696691176468	0.08855769230769231
-0.3086000000000001	0.31385600000000036	0.1130983455882352	0.09173076923076921
-0.32940000000000014	0.2075459999999998	0.12352251838235284	0.09740384615384613
-0.3433750000000001	0.3029749999999982	0.12164062500000009	0.08057692307692306
-0.34110000000000007	0.21625599999999956	0.12288419117647062	0.07769230769230769
-0.360275	0.21189100000000138	0.11981387867647059	0.07682692307692307
-0.2999875000000001	0.20476775000000025	0.1215344669117647	0.09144230769230768
-0.3266375	0.3153577500000013	0.1207086397058823	0.08307692307692306
-0.31477500000000014	0.32195099999999943	0.1265542279411765	0.08615384615384615
-0.31900000000000006	0.1545999999999994	0.11336580882352937	0.07615384615384616
-0.29332500000000006	0.144019000000001	0.11311213235294121	0.09769230769230769
-0.3081125	0.21706775	0.11318795955882363	0.09009615384615384
-0.28552500000000003	0.21836100000000158	0.11450459558823538	0.09115384615384614
-0.30600000000000005	0.18035000000000068	0.11702343750000001	0.08278846153846153
-0.3298875000000001	0.2953877499999997	0.1217605698529411	0.09663461538461536
-0.32647500000000007	0.3359009999999998	0.11838419117647053	0.09269230769230768
-0.3168875000000001	0.2850677499999996	0.11317417279411765	0.09298076923076921
-0.32940000000000014	0.28679599999999983	0.11835248161764703	0.08759615384615384
-0.3058375	0.27832975000000104	0.11899632352941167	0.09788461538461538
-0.3121750000000001	0.0762489999999989	0.11470312500000002	0.09519230769230769
-0.318025	0.25196100000000055	0.1251741727941176	0.09048076923076921
-0.3066500000000001	0.25867599999999946	0.1164002757352941	0.09798076923076922
-0.31591250000000004	0.2431397500000001	0.13098391544117644	0.07874999999999999
-0.331025	0.22150099999999995	0.12545404411764705	0.08538461538461538
-0.31347500000000006	0.35449099999999945	0.12003860294117645	0.09403846153846153
-0.3880625000000001	0.2806937499999993	0.1277426470588235	0.075
-0.30925000000000014	0.30764999999999887	0.11389108455882352	0.08067307692307692
-0.32143750000000004	0.30174375000000087	0.12676378676470593	0.09788461538461538
-0.34565	0.21709600000000062	0.12835064338235294	0.08509615384615384
-0.30957500000000016	0.31766899999999954	0.12520036764705889	0.09692307692307692
-0.31818750000000007	0.27619375	0.11176654411764705	0.07846153846153844
-0.29657500000000014	0.2630989999999995	0.11723161764705878	0.08788461538461538
-0.32387500000000014	0.21602499999999925	0.12684650735294123	0.0823076923076923
-0.32745	0.24138400000000093	0.12983685661764716	0.09163461538461537
-0.35020000000000007	0.32279399999999914	0.12281939338235302	0.09048076923076921
-0.34662500000000007	0.24972500000000064	0.12491084558823527	0.07519230769230768
-0.31753750000000003	0.2517597500000006	0.11806709558823528	0.07942307692307692
-0.29690000000000005	0.24469600000000025	0.10847977941176468	0.08269230769230769
-0.31347500000000006	0.335240999999999	0.11846001838235296	0.08778846153846154
-0.3544250000000001	0.27660900000000055	0.13286718750000018	0.0835576923076923
-0.28780000000000006	0.29297400000000007	0.12510661764705877	0.08346153846153845
-0.3082750000000001	0.23358099999999915	0.12185569852941162	0.09096153846153845
-0.3355750000000002	0.22745899999999875	0.12108226102941175	0.0910576923076923
-0.2884500000000001	0.18377399999999877	0.10382123161764709	0.08298076923076922
-0.3069750000000001	0.20846099999999979	0.11288189338235302	0.0958653846153846
-0.32387500000000014	0.28152499999999936	0.1257628676470589	0.08346153846153845
-0.27707500000000007	0.2068689999999993	0.10671783088235295	0.08903846153846154
-0.3375250000000001	0.32632100000000097	0.11189751838235296	0.09067307692307691
-0.3185125000000001	0.23240775000000014	0.1269595588235294	0.08807692307692307
-0.33248750000000016	0.17821774999999995	0.1222045036764705	0.08721153846153845
-0.3172125	0.2547897500000005	0.1112247242647059	0.09624999999999997
-0.3303750000000001	0.25447499999999845	0.11964568014705883	0.09413461538461537
-0.30908750000000007	0.21513974999999963	0.11251654411764707	0.08442307692307692
-0.31705000000000005	0.14130400000000076	0.10654687500000003	0.09192307692307691
-0.31623750000000006	0.2748677500000012	0.10686810661764716	0.09913461538461536
-0.35263750000000005	0.21874775000000035	0.13117693014705886	0.09028846153846153
-0.3125000000000001	0.23524999999999974	0.11887499999999993	0.08384615384615383
-0.32696250000000016	0.305269749999999	0.12048115808823535	0.08221153846153845
-0.2908875000000001	0.19432774999999936	0.11537178308823536	0.08817307692307692
-0.314125	0.11922500000000102	0.12198943014705874	0.08586538461538461
-0.35735000000000006	0.26070600000000077	0.1278060661764705	0.08519230769230769
-0.30632500000000007	0.20163900000000012	0.11299908088235293	0.09057692307692307
-0.3172125	0.2650397500000006	0.11971323529411765	0.08596153846153845
-0.35816250000000005	0.30275975000000077	0.11627343750000005	0.0808653846153846
-0.3331375000000001	0.24921775000000057	0.11857169117647062	0.07923076923076922
-0.2991750000000001	0.2815689999999993	0.11012316176470588	0.09076923076923075
-0.3259875000000001	0.2417777499999998	0.1190266544117648	0.0773076923076923
-0.3284250000000001	0.23834900000000037	0.11661121323529408	0.08403846153846153
-0.33394999999999997	0.24939400000000056	0.12256709558823525	0.08634615384615384
-0.32062500000000005	0.3178749999999999	0.1194747242647059	0.08317307692307692
-0.33915000000000006	0.295026	0.12718428308823532	0.09259615384615383
-0.34045000000000003	0.1921040000000005	0.11072840073529397	0.07932692307692306
-0.3461375000000001	0.31128775000000086	0.12277389705882352	0.08942307692307692
-0.3255000000000001	0.3559000000000001	0.12289797794117649	0.08826923076923077
-0.2801625000000001	0.24934975000000037	0.11444669117647044	0.08903846153846154
-0.2852	0.22644400000000076	0.11476654411764714	0.0921153846153846
-0.2967375	0.19664775000000123	0.12035707720588215	0.08625
-0.3120125	0.24324775000000098	0.1175211397058824	0.08538461538461538
-0.2967375	0.2578977500000015	0.1133782169117647	0.09182692307692307
-0.3256625000000002	0.2861097499999987	0.1201185661764707	0.08653846153846154
-0.3185125000000001	0.2806577499999996	0.12090716911764707	0.09346153846153846
-0.33476249999999996	0.15980775000000058	0.11855376838235296	0.09374999999999999
-0.30908750000000007	0.2691397499999999	0.12258915441176474	0.08519230769230769
-0.30437500000000006	0.18087499999999945	0.12359558823529387	0.10038461538461538
-0.3513375000000001	0.17671975000000018	0.12271185661764714	0.08548076923076922
-0.29056250000000006	0.18619375000000016	0.10170358455882358	0.10144230769230768
-0.3077875000000001	0.1457897499999996	0.11736672794117645	0.08499999999999999
-0.30876250000000016	0.3453677499999994	0.11583363970588226	0.08557692307692306
-0.3659625000000001	0.2906897500000003	0.12117601102941171	0.08048076923076922
-0.30990000000000006	0.29918599999999973	0.11282261029411764	0.08653846153846154
-0.3583250000000001	0.07711899999999972	0.11780928308823525	0.09278846153846153
-0.31705000000000005	0.22880400000000112	0.12060248161764714	0.08471153846153845
-0.31867500000000015	0.2608889999999988	0.12173851102941174	0.07721153846153846
-0.294625	0.3947250000000011	0.12470680147058832	0.08499999999999999
-0.3685625	0.39324375000000167	0.1186971507352941	0.0889423076923077
-0.3485750000000002	0.27567899999999934	0.1181029411764706	0.08807692307692307
-0.2999875000000001	0.16101775000000007	0.11385661764705884	0.08673076923076922
-0.32875	0.2740000000000009	0.11240625000000007	0.09057692307692307
-0.29186250000000014	0.18096774999999976	0.12055422794117658	0.09576923076923076
-0.2978750000000001	0.1312249999999997	0.11966636029411767	0.09634615384615383
-0.34272500000000006	0.3361010000000002	0.11203262867647065	0.0960576923076923
-0.3303750000000001	0.30122499999999874	0.11936029411764709	0.08846153846153845
-0.3113625000000001	0.3424877499999992	0.11925689338235301	0.09240384615384614
-0.33135000000000003	0.2951360000000003	0.11972288602941178	0.09298076923076921
-0.31948750000000015	0.15953774999999926	0.11534145220588232	0.08048076923076922
-0.34321250000000003	0.2543197500000005	0.11494163602941185	0.0910576923076923
-0.28390000000000004	0.3162560000000001	0.10341727941176468	0.08865384615384615
-0.3116875000000001	0.2782437499999997	0.12438556985294107	0.09701923076923075
-0.33606250000000004	0.23724375000000109	0.12756204044117647	0.09124999999999998
-0.3342750000000001	0.23376099999999855	0.11407306985294119	0.10009615384615383
-0.318025	0.1567110000000005	0.11973115808823528	0.08951923076923077
-0.3428875000000001	0.3185077499999993	0.13313465073529412	0.08663461538461538
-0.33606250000000004	0.23399375000000155	0.13203860294117648	0.08538461538461538
-0.2752875	0.20613975000000018	0.10663235294117654	0.09403846153846153
-0.3094125000000001	0.23940975000000098	0.11278400735294111	0.0823076923076923
-0.35572500000000007	0.2728109999999999	0.12020542279411761	0.07413461538461538
-0.3017750000000001	0.22516099999999994	0.11255238970588238	0.07923076923076922
-0.31981250000000006	0.29074374999999986	0.11695726102941165	0.1006730769230769
-0.3240375	0.3069897500000005	0.11384834558823542	0.09576923076923076
-0.353125	0.3081250000000004	0.11889568014705866	0.08240384615384615
-0.3307000000000001	0.21161399999999997	0.1266521139705883	0.0908653846153846
-0.3279375	0.12974375000000116	0.11750735294117642	0.08076923076923076
-0.34743750000000007	0.2629437499999998	0.13273483455882346	0.09682692307692306
-0.2951125	0.1336377500000001	0.12371415441176474	0.0996153846153846
-0.2999875000000001	0.25651775000000043	0.10394117647058818	0.09807692307692308
-0.31152500000000005	0.2519910000000003	0.12441314338235299	0.08548076923076922
-0.3207875000000001	0.21184974999999984	0.12164751838235296	0.09432692307692307
-0.3315125000000001	0.18107775000000004	0.11768795955882352	0.09528846153846153
-0.34077500000000016	0.29993099999999906	0.12136626838235304	0.09259615384615383
-0.27398750000000005	0.23295775000000063	0.10927113970588231	0.09
-0.32615000000000005	0.1377360000000012	0.12006479779411758	0.0810576923076923
-0.3097375	0.15117775000000133	0.11279917279411773	0.09548076923076922
