-0.302125	0.359179000000001	0.11971228448275854	0.08566666666666667
-0.24268750000000006	0.14611974999999955	0.1093432112068965	0.09949999999999999
-0.26912500000000006	0.21164899999999953	0.09924488146551722	0.08891666666666666
-0.27174999999999994	0.26313600000000026	0.10519881465517242	0.0865
-0.284875	0.22260100000000005	0.1069315732758622	0.07849999999999999
-0.26725	0.18913400000000102	0.10213173491379307	0.08458333333333332
-0.2704375	0.22652975000000009	0.09599515086206897	0.08783333333333333
-0.2738125	0.20621775000000042	0.11251050646551722	0.08508333333333332
-0.30474999999999997	0.18693400000000082	0.10831600215517238	0.08224999999999999
-0.2580625000000001	0.24728774999999992	0.10725484913793101	0.09383333333333332
-0.25768750000000007	0.15457974999999902	0.1095598060344827	0.09316666666666668
-0.274	0.151154	0.11045285560344831	0.07591666666666666
-0.26612500000000006	0.2769009999999996	0.10908863146551728	0.08091666666666666
-0.311875	0.1942749999999993	0.10147710129310346	0.08374999999999999
-0.30025	0.18354400000000037	0.11174919181034482	0.08291666666666667
-0.277	0.162566	0.09408378232758624	0.08274999999999999
-0.268	0.13619599999999998	0.11212580818965515	0.07741666666666666
-0.26087499999999997	0.2311589999999999	0.09828798491379312	0.08958333333333332
-0.2505625	0.1574977500000001	0.09627235991379313	0.08174999999999999
-0.24625000000000008	0.26014999999999944	0.10050889008620684	0.08725
-0.25450000000000006	0.13410600000000006	0.10407543103448276	0.08433333333333333
-0.27474999999999994	0.22289400000000015	0.09953582974137934	0.07991666666666666
-0.26837500000000003	0.24634900000000037	0.11338658405172411	0.08741666666666666
-0.27118750000000014	0.1678077499999988	0.10184644396551727	0.07383333333333333
-0.26012500000000005	0.09852099999999986	0.09625700431034487	0.08716666666666667
-0.28937500000000005	0.1862250000000003	0.09640490301724136	0.09875
-0.28337500000000004	0.21757899999999974	0.10240328663793102	0.08224999999999999
-0.29856250000000006	0.20622974999999855	0.10805980603448273	0.08983333333333333
-0.27625	0.17660000000000053	0.10468238146551725	0.08591666666666666
-0.3056875	0.15819775000000025	0.10633028017241379	0.08416666666666667
-0.30025	0.21929400000000054	0.10993480603448284	0.08283333333333333
-0.24756250000000002	0.14945774999999983	0.11027747844827579	0.09549999999999999
-0.27474999999999994	0.22539400000000054	0.10730010775862066	0.0895
-0.31581250000000005	0.1861997500000001	0.09549568965517233	0.091
-0.28862500000000013	0.17464099999999938	0.10410937499999996	0.08483333333333333
-0.27812500000000007	0.23062499999999897	0.10290921336206896	0.08041666666666666
-0.24643749999999998	0.16290975000000074	0.09721147629310341	0.08424999999999999
-0.31975	0.24015400000000042	0.10977397629310351	0.08091666666666666
-0.26518750000000013	0.21610974999999932	0.10906276939655175	0.09158333333333332
-0.2824375	0.1797677499999999	0.11211772629310354	0.07525
-0.30737500000000006	0.2590910000000006	0.10319612068965521	0.08766666666666667
-0.30700000000000005	0.26439599999999963	0.10574030172413793	0.09066666666666667
-0.28862500000000013	0.1936409999999995	0.10329148706896549	0.08483333333333333
-0.27474999999999994	0.2396440000000002	0.10568615301724146	0.08708333333333332
-0.26256250000000003	0.18087774999999962	0.10406250000000006	0.08566666666666667
-0.2734375	0.18184374999999964	0.10910317887931043	0.08808333333333332
-0.265375	0.1648190000000005	0.11343992456896551	0.08091666666666666
-0.2831874999999999	0.1791677500000013	0.09942106681034474	0.07908333333333332
-0.2996875	0.19119375000000005	0.10866837284482755	0.07858333333333332
-0.30906250000000013	0.22494374999999955	0.10569100215517238	0.09158333333333332
-0.29125	0.21465000000000067	0.11324191810344827	0.08349999999999999
-0.3086875	0.2845077500000004	0.09965544181034482	0.08024999999999999
-0.256375	0.21771100000000043	0.11102020474137937	0.09241666666666666
-0.2531875000000001	0.19542774999999946	0.09222009698275853	0.08258333333333333
-0.2537499999999999	0.15465000000000106	0.09759374999999998	0.08633333333333333
-0.24587500000000007	0.12187899999999985	0.10582192887931038	0.08808333333333332
-0.3461875	0.22795774999999985	0.1167365301724139	0.0705
-0.31037500000000007	0.2215790000000002	0.1057386853448276	0.09116666666666667
-0.2786875	0.13539775000000098	0.11131276939655171	0.08991666666666666
-0.2704375	0.17877975000000035	0.09970231681034479	0.08608333333333332
-0.29237500000000005	0.14998099999999948	0.10135748922413795	0.07808333333333334
-0.2888125	0.1715377499999997	0.10330360991379309	0.07941666666666666
-0.2876875	0.1601497500000013	0.11352801724137926	0.08666666666666667
-0.22468750000000004	0.19094374999999975	0.09627559267241376	0.08675
-0.27774999999999994	0.17402400000000018	0.1077777478448276	0.08241666666666667
-0.28093750000000006	0.2864437500000001	0.10415382543103444	0.08208333333333333
-0.24193750000000003	0.18253774999999983	0.10849461206896555	0.07033333333333333
-0.26593750000000005	0.19619375000000083	0.09952613146551727	0.09291666666666666
-0.268	0.21044600000000013	0.102619073275862	0.08016666666666666
-0.23931250000000004	0.1811877500000003	0.09829040948275858	0.08583333333333333
-0.2588125	0.20769775000000124	0.1005468750000001	0.08349999999999999
-0.2766250000000001	0.17820899999999984	0.1015045797413793	0.08258333333333333
-0.2591875000000001	0.15189974999999922	0.10224084051724133	0.0745
-0.2996875	0.21569375000000068	0.10409725215517254	0.08725
-0.2588125	0.15244775000000121	0.09602747844827583	0.08216666666666667
-0.23968750000000005	0.27249374999999976	0.09119935344827582	0.08566666666666667
-0.24437500000000012	0.27627499999999916	0.1061031788793104	0.08374999999999999
-0.32162499999999994	0.2765190000000004	0.11498114224137926	0.08783333333333333
-0.2871250000000001	0.2989489999999986	0.111717672413793	0.09066666666666667
-0.29500000000000004	0.20759999999999934	0.09165355603448275	0.08283333333333333
-0.296875	0.17612499999999986	0.10818588362068962	0.09016666666666667
-0.27231249999999996	0.19795974999999988	0.10262796336206911	0.08574999999999999
-0.2597499999999999	0.10782400000000081	0.10163793103448274	0.08966666666666667
-0.3175000000000001	0.25484999999999935	0.10556573275862062	0.08866666666666667
-0.2730625000000001	0.14421774999999926	0.09579391163793102	0.09108333333333332
-0.27137500000000003	0.18475100000000033	0.09219746767241377	0.08891666666666666
-0.2785000000000001	0.15222399999999947	0.10943292025862068	0.07974999999999999
-0.262	0.22547599999999957	0.10080549568965524	0.08516666666666667
-0.2816875	0.1406097500000012	0.10933836206896558	0.07633333333333334
-0.2796250000000001	0.16375899999999888	0.1093270474137931	0.09283333333333334
-0.2846875	0.15519375000000046	0.10129202586206898	0.08433333333333333
-0.26593750000000005	0.22244375000000005	0.11063389008620692	0.08191666666666667
-0.24756250000000002	0.16270775000000004	0.09636045258620685	0.07949999999999999
-0.28562500000000013	0.2172249999999991	0.10758378232758618	0.08608333333333332
-0.24512500000000004	0.1673309999999999	0.09865086206896546	0.08733333333333333
-0.26874999999999993	0.1880000000000006	0.11206034482758617	0.08033333333333333
-0.23631250000000004	0.23116775	0.09535587284482755	0.07891666666666666
-0.2666875000000001	0.2165197499999998	0.10523437499999996	0.08716666666666667
-0.27118750000000014	0.1778077499999986	0.11604795258620695	0.08683333333333333
-0.265375	0.3058190000000005	0.09423087284482765	0.09025
-0.2755000000000001	0.17187599999999925	0.1068717672413793	0.08166666666666667
-0.24137500000000012	0.22247099999999964	0.09160183189655174	0.08916666666666667
-0.317125	0.19945900000000094	0.11421740301724141	0.08141666666666666
-0.262	0.21172599999999964	0.10916136853448283	0.08308333333333333
-0.27625	0.15010000000000012	0.10027855603448278	0.08983333333333333
-0.25225	0.1279640000000013	0.10026966594827584	0.08925
-0.2695000000000001	0.20179599999999986	0.10039412715517237	0.08308333333333333
-0.2828125	0.21909375000000075	0.11489466594827583	0.07125
-0.2794375	0.13933775000000015	0.11267537715517237	0.07741666666666666
-0.31525000000000003	0.19122400000000095	0.10427747844827598	0.08416666666666667
-0.25150000000000006	0.2077340000000003	0.10643938577586212	0.08708333333333332
-0.3000625000000001	0.20467774999999921	0.10036745689655172	0.08833333333333333
-0.3105625000000001	0.14091774999999895	0.11348437499999997	0.08349999999999999
-0.266875	0.16872500000000024	0.10194100215517238	0.08558333333333332
-0.22262500000000007	0.13142100000000045	0.09723410560344825	0.09191666666666666
-0.27493750000000006	0.17532775000000012	0.10605872844827577	0.08783333333333333
-0.2588125	0.13169775000000072	0.11047386853448271	0.08608333333333332
-0.26087499999999997	0.15190899999999985	0.10200565732758624	0.08891666666666666
-0.29537500000000005	0.22610900000000012	0.10082812499999999	0.08449999999999999
-0.29200000000000004	0.21120599999999978	0.09857893318965516	0.08058333333333333
-0.27625	0.31235000000000035	0.10416190732758615	0.08958333333333332
-0.2786875	0.17939775000000058	0.10913712284482752	0.08024999999999999
-0.2588125	0.12119775000000121	0.08651670258620694	0.08349999999999999
-0.253	0.10643600000000042	0.10301104525862068	0.08791666666666666
-0.2554375	0.16278974999999996	0.10129040948275855	0.09283333333333334
-0.25412500000000005	0.2683789999999995	0.10262877155172415	0.08549999999999999
-0.2348125000000001	0.14060974999999942	0.09355684267241375	0.07641666666666666
-0.2888125	0.1612877500000005	0.1067699353448276	0.07849999999999999
-0.265375	0.19956900000000033	0.10652262931034495	0.08633333333333333
-0.308125	0.1809750000000001	0.10823114224137931	0.08449999999999999
-0.277	0.2203160000000004	0.10604337284482754	0.07191666666666666
-0.29725	0.18937400000000082	0.10960587284482758	0.07125
-0.24793750000000003	0.17571975000000073	0.10140598060344834	0.08074999999999999
-0.28693750000000007	0.30729775000000004	0.09430037715517241	0.08008333333333333
-0.29218749999999993	0.37034375000000086	0.09899838362068963	0.08916666666666667
-0.2785000000000001	0.2622239999999998	0.10507273706896553	0.08149999999999999
-0.2794375	0.1953377500000002	0.10204202586206892	0.09333333333333334
-0.25768750000000007	0.1853297499999993	0.09547790948275858	0.07816666666666666
-0.28093750000000006	0.21494374999999977	0.10849946120689653	0.07949999999999999
-0.2929375000000001	0.21088974999999976	0.09949542025862071	0.08841666666666666
-0.2903125	0.16944375000000012	0.10657839439655165	0.09108333333333332
-0.2766250000000001	0.20720899999999975	0.09952370689655168	0.09599999999999999
-0.28937500000000005	0.1752250000000002	0.10216002155172416	0.09116666666666667
-0.2708125	0.18091975000000105	0.09471578663793104	0.08458333333333332
-0.28074999999999994	0.22527600000000003	0.10816971982758615	0.08783333333333333
-0.28993750000000007	0.34190774999999984	0.11582731681034475	0.07708333333333334
-0.24512500000000004	0.10458099999999959	0.10347413793103447	0.08066666666666666
-0.26218750000000013	0.22519374999999897	0.10207596982758624	0.08549999999999999
-0.2535625	0.13165974999999985	0.10098168103448268	0.08666666666666667
-0.30325	0.2323360000000001	0.10479956896551723	0.08033333333333333
-0.253375	0.17341900000000088	0.1020549568965516	0.08333333333333333
-0.2824375	0.30651775000000026	0.10828044181034482	0.08758333333333332
-0.26125	0.15585000000000093	0.11121093749999994	0.08675
-0.27212500000000006	0.21501899999999896	0.09812149784482753	0.09041666666666666
-0.2871250000000001	0.22794899999999885	0.09637095905172416	0.09091666666666666
-0.29574999999999996	0.1843659999999998	0.10114089439655172	0.08441666666666665
-0.23931250000000004	0.1494377499999997	0.10202182112068964	0.08825
-0.28731249999999997	0.16384975000000068	0.10799110991379313	0.09141666666666666
-0.2678125	0.18549375	0.09879471982758627	0.09116666666666667
-0.284875	0.20860099999999981	0.10026804956896551	0.09141666666666666
-0.2696875000000001	0.16974374999999853	0.10465086206896554	0.08499999999999999
-0.3210624999999999	0.2663397500000011	0.11256707974137935	0.07958333333333333
-0.27925	0.22541600000000006	0.09999568965517244	0.08299999999999999
-0.27756250000000005	0.19784774999999932	0.11033728448275856	0.08499999999999999
-0.28393750000000006	0.28105974999999983	0.10344504310344817	0.08233333333333333
-0.27137500000000003	0.26550100000000043	0.11168292025862067	0.08975
-0.29125	0.3089000000000004	0.10558674568965515	0.08349999999999999
-0.27531249999999996	0.2344437500000005	0.10181815732758613	0.07858333333333332
-0.26856250000000004	0.14279974999999911	0.11932596982758617	0.08716666666666667
-0.24493750000000003	0.2720677500000006	0.09851508620689653	0.09733333333333333
-0.29181250000000003	0.11906775000000103	0.11499003232758626	0.08241666666666667
-0.287875	0.12154899999999991	0.10376023706896553	0.0775
-0.2741874999999999	0.13483975000000115	0.10136961206896547	0.08633333333333333
-0.2766250000000001	0.18170899999999968	0.10045635775862069	0.08216666666666667
-0.25412500000000005	0.20812899999999956	0.10308216594827588	0.09058333333333332
-0.30643750000000003	0.09059974999999998	0.11004633620689659	0.08199999999999999
-0.28956250000000006	0.21161974999999966	0.10889789870689644	0.07691666666666666
-0.2970625000000001	0.2674997499999998	0.11412850215517245	0.08224999999999999
-0.28637500000000005	0.12834099999999982	0.10380630387931031	0.08191666666666667
-0.29237500000000005	0.20198099999999997	0.1044819504310344	0.08524999999999999
-0.2567499999999999	0.12242600000000081	0.0948838900862069	0.08024999999999999
-0.26650000000000007	0.10681399999999996	0.11472817887931044	0.08274999999999999
-0.28918749999999993	0.2565797500000002	0.10755145474137937	0.08374999999999999
-0.2826250000000001	0.1656809999999993	0.10477289870689652	0.08424999999999999
-0.2616250000000001	0.21703899999999976	0.10388631465517247	0.08549999999999999
-0.28374999999999995	0.19065000000000065	0.10727505387931031	0.08158333333333333
-0.24812500000000004	0.18272499999999958	0.09954310344827585	0.09133333333333334
-0.31281250000000005	0.1771937500000007	0.09271551724137933	0.08333333333333333
-0.22768750000000004	0.12895974999999993	0.09964251077586204	0.09391666666666666
-0.2756875	0.21480775000000119	0.1091225754310345	0.08274999999999999
-0.2815000000000001	0.19669399999999904	0.09819746767241386	0.08524999999999999
-0.27231249999999996	0.16970975	0.10492887931034481	0.08499999999999999
-0.2846875	0.1799437500000005	0.11122467672413802	0.07916666666666666
-0.29556250000000006	0.11348774999999911	0.10355899784482761	0.08208333333333333
-0.2670625000000001	0.2074297499999993	0.10663981681034487	0.08408333333333332
-0.31300000000000006	0.20952599999999855	0.1160293642241379	0.09058333333333332
-0.2636875000000001	0.1604177499999988	0.09461557112068972	0.08725
-0.3169375000000001	0.20738774999999876	0.10505657327586218	0.08183333333333333
-0.31375	0.22185000000000077	0.1025301724137931	0.08333333333333333
-0.311125	0.2474310000000015	0.11363469827586199	0.07899999999999999
-0.27756250000000005	0.17484774999999964	0.10518669181034482	0.07758333333333334
-0.271	0.15636399999999995	0.10784482758620692	0.08533333333333333
-0.3086875	0.1755077500000004	0.118059536637931	0.08224999999999999
-0.2588125	0.264197750000001	0.10554633620689657	0.088
-0.2756875	0.14605775000000065	0.10477289870689646	0.08891666666666666
-0.26593750000000005	0.2396937500000007	0.10496201508620684	0.08274999999999999
-0.3115000000000001	0.24310399999999888	0.10950161637931037	0.08349999999999999
-0.27118750000000014	0.1825577499999982	0.09298383620689654	0.08199999999999999
-0.23368750000000005	0.11160775000000012	0.09726481681034481	0.08208333333333333
-0.2854375	0.18231975000000045	0.10460398706896548	0.0925
-0.2670625000000001	0.12567974999999976	0.11053124999999997	0.08466666666666667
-0.2871250000000001	0.18719899999999878	0.10014601293103448	0.0865
-0.29237500000000005	0.2207309999999998	0.10503313577586201	0.09175
-0.26837500000000003	0.16184900000000013	0.10389520474137928	0.08775
-0.272875	0.14777900000000077	0.09647844827586216	0.08099999999999999
-0.2520625000000001	0.14496974999999956	0.10483028017241375	0.08983333333333333
-0.262375	0.15816100000000066	0.10640059267241381	0.09041666666666666
-0.26425	0.27180600000000066	0.1058510237068965	0.09208333333333332
-0.3195625000000001	0.22508974999999953	0.10112634698275863	0.08291666666666667
-0.2790625000000001	0.09299374999999976	0.10392753232758614	0.08041666666666666
-0.2786875	0.15314775000000047	0.11487850215517241	0.07891666666666666
-0.3036249999999999	0.11455100000000051	0.10431546336206886	0.07741666666666666
-0.275875	0.13223900000000022	0.10528771551724142	0.08666666666666667
-0.302875	0.2663690000000001	0.10552451508620675	0.09575
-0.31225	0.11694400000000016	0.11814682112068957	0.07725
-0.3060625000000001	0.19589974999999882	0.11486153017241381	0.08716666666666667
-0.2831874999999999	0.23166775000000062	0.11603582974137917	0.08458333333333332
-0.26425	0.16980600000000035	0.10624703663793102	0.08191666666666667
-0.2616250000000001	0.11553899999999917	0.10886880387931039	0.08825
-0.2965000000000001	0.22787399999999902	0.09448060344827588	0.088
-0.27137500000000003	0.2232510000000003	0.1038507543103448	0.0915
-0.2505625	0.18749775000000035	0.09371201508620683	0.07775
-0.26125	0.2068500000000011	0.09498572198275862	0.09041666666666666
-0.2858125	0.14462975	0.10897629310344822	0.08866666666666667
-0.2498125000000001	0.17874974999999882	0.10534509698275865	0.08524999999999999
-0.28112500000000007	0.14411099999999966	0.11577478448275864	0.07833333333333332
-0.24325000000000008	0.28417599999999954	0.10066567887931038	0.08608333333333332
-0.2824375	0.23076775000000005	0.1091742995689656	0.08908333333333332
-0.31074999999999997	0.13300599999999996	0.10946443965517233	0.08099999999999999
-0.308125	0.17997500000000066	0.10798302801724137	0.09125
-0.305875	0.2230489999999996	0.10893184267241382	0.08641666666666666
-0.29800000000000004	0.15661599999999876	0.10692268318965517	0.07758333333333334
-0.28356250000000005	0.10698974999999944	0.10987257543103442	0.09541666666666666
-0.3225625	0.18305775000000146	0.11628151939655174	0.07758333333333334
-0.27212500000000006	0.2715189999999996	0.1045296336206896	0.08283333333333333
-0.28600000000000003	0.20928399999999936	0.10281546336206902	0.08408333333333332
-0.26725	0.1966340000000013	0.09617376077586205	0.09191666666666666
-0.26556250000000003	0.1770277499999997	0.09146201508620688	0.08675
-0.3169375000000001	0.20888774999999882	0.10571120689655161	0.08233333333333333
-0.27737500000000004	0.23867100000000008	0.09927963362068964	0.0885
-0.2670625000000001	0.18217974999999953	0.11081330818965515	0.09241666666666666
-0.28918749999999993	0.13582975000000008	0.10144639008620689	0.08258333333333333
-0.2771874999999999	0.09724375000000052	0.1043421336206896	0.0885
-0.28637500000000005	0.2820910000000003	0.11444854525862061	0.09191666666666666
-0.28	0.23909999999999965	0.10313793103448268	0.07866666666666666
-0.277	0.12456599999999973	0.09617941810344828	0.08483333333333333
-0.30118749999999994	0.23461775000000085	0.10025592672413791	0.08116666666666666
-0.2796250000000001	0.18475899999999879	0.09279148706896556	0.08216666666666667
-0.28225	0.21685400000000143	0.09646228448275862	0.08133333333333333
-0.3146875	0.22349375000000027	0.1248612607758621	0.08224999999999999
-0.26274999999999993	0.1615940000000009	0.10260290948275855	0.07916666666666666
-0.3109375000000001	0.21609374999999975	0.12176831896551718	0.07633333333333334
-0.29125	0.2154000000000007	0.1169668642241379	0.08691666666666666
-0.361	0.26588400000000156	0.11294046336206891	0.08408333333333332
-0.27137500000000003	0.3447510000000005	0.1044229525862069	0.09183333333333334
-0.296875	0.11687500000000028	0.09919719827586204	0.08366666666666667
-0.2695000000000001	0.24804599999999954	0.09741190732758617	0.09158333333333332
-0.244	0.12424400000000002	0.09965948275862066	0.09499999999999999
-0.2993125	0.21070775000000008	0.10161045258620677	0.08249999999999999
-0.2854375	0.12306974999999998	0.09918669181034487	0.08058333333333333
-0.28825	0.20984599999999975	0.1090344827586207	0.08499999999999999
-0.30325	0.237336	0.10389843750000004	0.07641666666666666
-0.2901250000000001	0.2488009999999985	0.11153017241379311	0.08233333333333333
-0.26293750000000005	0.17730975000000004	0.11081734913793104	0.0775
-0.30474999999999997	0.21793400000000052	0.11173626077586202	0.07291666666666666
-0.2695000000000001	0.15229599999999976	0.10251400862068963	0.09499999999999999
-0.2695000000000001	0.13429599999999908	0.1118251616379311	0.08541666666666665
-0.2858125	0.25762975000000043	0.11257354525862069	0.08658333333333332
-0.29518749999999994	0.20997975000000046	0.11206519396551717	0.10016666666666665
-0.26874999999999993	0.11250000000000071	0.10332139008620689	0.08391666666666665
-0.305125	0.2018910000000007	0.11413254310344825	0.091
-0.3086875	0.21900775000000028	0.10627774784482759	0.07408333333333333
-0.2618125	0.11225775000000038	0.10989682112068964	0.07958333333333333
-0.281875	0.15927500000000006	0.10274353448275862	0.08066666666666666
-0.27193750000000005	0.23032774999999983	0.10548814655172417	0.08166666666666667
-0.2376250000000001	0.13366100000000003	0.104447198275862	0.08299999999999999
-0.2736250000000001	0.2532809999999994	0.10028582974137931	0.09391666666666666
-0.2785000000000001	0.21972399999999936	0.09619639008620692	0.08791666666666666
-0.26818750000000013	0.21389774999999922	0.09478125000000001	0.09033333333333333
-0.27831249999999996	0.13129975000000016	0.0919525862068965	0.08399999999999999
-0.28600000000000003	0.31328399999999945	0.09568642241379315	0.08499999999999999
-0.26312500000000005	0.15952499999999947	0.11132570043103451	0.07891666666666666
-0.30906250000000013	0.1999437499999992	0.11253717672413789	0.08316666666666667
-0.2676250000000001	0.21254099999999987	0.09491864224137926	0.08016666666666666
-0.27531249999999996	0.1954437500000008	0.10487230603448273	0.08216666666666667
-0.3083125	0.27856975000000084	0.11188011853448274	0.08708333333333332
-0.28600000000000003	0.23203399999999963	0.10653313577586206	0.07575
-0.28525	0.2129140000000005	0.10062769396551724	0.08483333333333333
-0.27193750000000005	0.23857774999999926	0.10596578663793105	0.07991666666666666
-0.2768125	0.25988775000000075	0.09801562500000009	0.08416666666666667
-0.29818749999999994	0.1947377500000007	0.10726778017241377	0.08316666666666667
-0.2816875	0.23760975000000162	0.11489466594827598	0.09358333333333332
-0.2520625000000001	0.13846974999999961	0.0983469827586207	0.09733333333333333
-0.275875	0.18948900000000002	0.10677640086206902	0.09449999999999999
-0.274	0.09915400000000041	0.10419746767241364	0.08291666666666667
-0.250375	0.25224900000000083	0.10453044181034485	0.08024999999999999
-0.317875	0.1187389999999997	0.09840759698275857	0.08658333333333332
-0.293875	0.18806100000000026	0.10756196120689655	0.08016666666666666
-0.30962499999999993	0.19996900000000029	0.11156169181034475	0.07725
-0.27512500000000006	0.261760999999999	0.10230711206896552	0.07666666666666666
-0.28993750000000007	0.2366577499999991	0.10447144396551722	0.08883333333333333
-0.24437500000000012	0.2175249999999993	0.11432408405172417	0.07974999999999999
-0.27625	0.20610000000000017	0.10843399784482757	0.08541666666666665
-0.29574999999999996	0.22711600000000054	0.11039466594827581	0.07725
-0.3060625000000001	0.25889974999999854	0.10285344827586201	0.07533333333333334
-0.25093750000000004	0.17874375000000065	0.09927397629310336	0.08258333333333333
-0.28037500000000004	0.13968899999999973	0.10610641163793105	0.08775
-0.2741874999999999	0.20708975000000152	0.08991271551724131	0.08666666666666667
-0.2798125	0.20892975000000025	0.11376562500000006	0.09316666666666668
-0.2764375	0.1562797499999995	0.10110695043103443	0.08058333333333333
-0.32218749999999996	0.22544375000000105	0.1023863146551724	0.07716666666666666
-0.272875	0.2237790000000004	0.11398706896551722	0.08433333333333333
-0.2670625000000001	0.23442974999999944	0.09659967672413797	0.08249999999999999
-0.27925	0.1744159999999999	0.11669854525862075	0.07958333333333333
-0.2989375000000001	0.24146975000000026	0.10886314655172413	0.08499999999999999
-0.23893750000000002	0.14412975000000028	0.1072839439655173	0.07783333333333334
-0.26331249999999995	0.10173975000000013	0.10148518318965521	0.08058333333333333
-0.2824375	0.3122677500000002	0.11125377155172417	0.08216666666666667
-0.29725	0.18562400000000068	0.10406169181034487	0.09291666666666666
-0.2875000000000001	0.2604999999999995	0.10906923491379308	0.08524999999999999
-0.31581250000000005	0.16169974999999948	0.1069671336206896	0.08816666666666667
-0.259	0.2046739999999998	0.09541082974137928	0.08858333333333332
-0.29274999999999995	0.16400400000000115	0.10808809267241377	0.08741666666666666
-0.259	0.21217400000000008	0.10000457974137927	0.09291666666666666
-0.31300000000000006	0.24327599999999894	0.11197629310344831	0.08233333333333333
-0.28	0.16859999999999964	0.10010237068965519	0.09333333333333334
-0.250375	0.16374900000000103	0.09783135775862065	0.09716666666666665
-0.28600000000000003	0.24453399999999892	0.09207623922413798	0.08875
-0.28300000000000003	0.14325600000000005	0.10899164870689655	0.08158333333333333
-0.2796250000000001	0.1670089999999993	0.10423464439655178	0.09008333333333332
-0.28393750000000006	0.22880974999999992	0.10579364224137935	0.0865
-0.296875	0.19237500000000018	0.10838469827586211	0.08299999999999999
-0.2828125	0.23534375000000018	0.09998760775862063	0.09116666666666667
-0.2995000000000001	0.23182599999999898	0.10400350215517243	0.09458333333333332
-0.28562500000000013	0.1729749999999992	0.10866675646551718	0.08041666666666666
-0.2768125	0.13213775000000094	0.09682192887931028	0.08208333333333333
-0.3255625	0.23089775000000134	0.10767025862068971	0.07633333333333334
-0.2726875000000001	0.15283974999999916	0.09843750000000007	0.09266666666666667
-0.26931249999999995	0.08884775000000023	0.10360587284482753	0.08258333333333333
-0.26818750000000013	0.2261477499999991	0.10449084051724135	0.08416666666666667
-0.2785000000000001	0.13947399999999988	0.11079391163793104	0.08541666666666665
-0.27831249999999996	0.16279975000000046	0.10090571120689645	0.08616666666666667
-0.28825	0.22034600000000015	0.10567645474137925	0.08975
-0.2996875	0.18419375000000038	0.10593911637931039	0.09083333333333334
-0.27437500000000004	0.1370250000000004	0.10141244612068964	0.08941666666666666
-0.3034375	0.20069374999999923	0.09514251077586203	0.08925
-0.2730625000000001	0.1844677499999996	0.11201831896551723	0.09366666666666668
-0.275875	0.2704890000000004	0.1073429418103448	0.08991666666666666
-0.27625	0.21160000000000068	0.10773895474137934	0.08775
-0.28112500000000007	0.2206109999999999	0.10830630387931034	0.07891666666666666
-0.2567499999999999	0.19392600000000026	0.10774299568965515	0.0905
-0.2520625000000001	0.18921974999999946	0.10738820043103448	0.09891666666666667
-0.271	0.26336400000000015	0.09626589439655167	0.08508333333333332
-0.24925000000000008	0.300495999999999	0.10145932112068962	0.08825
-0.26256250000000003	0.048127749999999914	0.10793938577586207	0.07974999999999999
-0.278875	0.2460710000000006	0.10603205818965519	0.08841666666666666
-0.25	0.1792499999999997	0.09728098060344822	0.08108333333333333
-0.2906875	0.2919777500000009	0.09659725215517234	0.08558333333333332
-0.30737500000000006	0.15634100000000029	0.10031815732758614	0.08458333333333332
-0.25412500000000005	0.21287900000000004	0.09275107758620689	0.08266666666666667
-0.26612500000000006	0.15265099999999965	0.10647252155172418	0.08316666666666667
-0.2496250000000001	0.2509989999999993	0.09903556034482747	0.08433333333333333
-0.27756250000000005	0.13059774999999973	0.10964951508620684	0.09841666666666667
-0.28112500000000007	0.21586099999999941	0.10286637931034479	0.09366666666666668
-0.2676250000000001	0.1485409999999998	0.09209967672413792	0.08616666666666667
-0.29256250000000006	0.18136774999999883	0.10360506465517245	0.08583333333333333
-0.2910625000000001	0.19025974999999917	0.10915247844827586	0.0765
-0.24587500000000007	0.09362899999999996	0.10918803879310335	0.08549999999999999
-0.2790625000000001	0.15824374999999957	0.10748437499999992	0.08049999999999999
-0.2505625	0.23499774999999978	0.09622063577586203	0.08741666666666666
-0.3000625000000001	0.1831777499999987	0.10378771551724131	0.08866666666666667
-0.277	0.31531600000000015	0.11397171336206902	0.09241666666666666
-0.24793750000000003	0.23671975000000067	0.09996174568965521	0.08916666666666667
-0.24325000000000008	0.2021759999999997	0.11110506465517239	0.0915
-0.30456250000000007	0.22657974999999908	0.11694746767241368	0.09225
-0.31506250000000013	0.19914774999999896	0.10458539870689657	0.08358333333333332
-0.26631249999999995	0.16735775000000075	0.10536934267241374	0.09275
-0.26650000000000007	0.21481399999999962	0.11302128232758615	0.08008333333333333
-0.26856250000000004	0.21729974999999957	0.1025051185344828	0.08374999999999999
-0.3086875	0.05275775000000049	0.09609859913793106	0.08783333333333333
-0.3266875	0.1814297500000004	0.10335695043103443	0.09391666666666666
-0.2824375	0.20651774999999972	0.10839439655172423	0.08333333333333333
-0.26425	0.1630560000000001	0.10803798491379307	0.08591666666666666
-0.2785000000000001	0.20847399999999983	0.11051993534482749	0.0755
-0.2610625000000001	0.15062975000000023	0.11733459051724132	0.08516666666666667
-0.2591875000000001	0.14464974999999924	0.10516244612068959	0.08408333333333332
-0.2903125	0.20844374999999982	0.1011174568965517	0.087
-0.26331249999999995	0.22923975000000052	0.10725889008620684	0.08658333333333332
-0.29462500000000014	0.19908899999999896	0.11068076508620693	0.09008333333333332
-0.29725	0.12712400000000024	0.1082287176724137	0.09291666666666666
-0.2520625000000001	0.22596974999999908	0.0970336745689655	0.08825
-0.2940625000000001	0.1764437499999998	0.12463496767241392	0.08625
-0.24137500000000012	0.291720999999999	0.1030894396551725	0.08499999999999999
-0.26331249999999995	0.2594897500000002	0.10184240301724144	0.09175
-0.2933125	0.2189097499999999	0.10558674568965518	0.08416666666666667
-0.3263125	0.12933774999999947	0.10827074353448285	0.08491666666666665
-0.27812500000000007	0.16287499999999966	0.10824326508620691	0.08608333333333332
-0.32181250000000006	0.17782774999999962	0.10641998922413787	0.07275
-0.25431249999999994	0.1788677500000011	0.10174542025862068	0.09908333333333333
-0.29818749999999994	0.21698775000000126	0.09386314655172417	0.087
-0.2914375	0.2632897499999993	0.10029633620689654	0.07633333333333334
-0.2846875	0.21494375000000066	0.10120554956896552	0.08241666666666667
-0.31806250000000014	0.24130774999999893	0.12361826508620691	0.07275
-0.2884375	0.26999374999999937	0.11243292025862069	0.08608333333333332
-0.24006250000000007	0.19304774999999985	0.0959733297413793	0.07358333333333333
-0.2591875000000001	0.19139974999999954	0.09996982758620684	0.08066666666666666
-0.29781250000000004	0.18449375000000057	0.10447225215517247	0.08491666666666665
-0.271	0.17661399999999983	0.10889304956896553	0.08808333333333332
-0.3143125	0.20133775000000043	0.11005684267241368	0.08975
-0.2591875000000001	0.23614974999999916	0.10312742456896554	0.08891666666666666
-0.29425	0.21107600000000026	0.10104229525862063	0.08391666666666665
-0.25131249999999994	0.1919877500000009	0.11058620689655169	0.08766666666666667
-0.2700625000000001	0.11538775000000001	0.10554876077586219	0.09025
-0.28825	0.2505959999999998	0.10532893318965517	0.09225
-0.31862499999999994	0.24176100000000034	0.1078254310344828	0.08633333333333333
-0.26856250000000004	0.1555497499999996	0.10060344827586197	0.08099999999999999
-0.2648125	0.14818975000000023	0.11065571120689652	0.08216666666666667
-0.2648125	0.1864397500000008	0.10953232758620698	0.08666666666666667
-0.3270624999999999	0.41651975000000085	0.10492322198275861	0.08708333333333332
-0.27137500000000003	0.3222510000000005	0.09050915948275863	0.09716666666666665
-0.25525	0.17055400000000098	0.1155080818965518	0.08049999999999999
-0.2935000000000001	0.2387939999999995	0.10540490301724134	0.08241666666666667
-0.28056250000000005	0.1786077499999994	0.0972922952586206	0.07425
-0.28112500000000007	0.24286099999999955	0.11412122844827587	0.08249999999999999
-0.29162500000000013	0.09792899999999882	0.10294881465517236	0.07716666666666666
-0.3176875	0.18416975000000058	0.10751346982758618	0.08983333333333333
-0.277	0.13206600000000002	0.10439789870689659	0.07625
-0.28562500000000013	0.19172499999999904	0.1058300107758621	0.07958333333333333
-0.2790625000000001	0.19724375000000016	0.10298356681034485	0.08141666666666666
-0.2554375	0.1355397500000004	0.1042532327586207	0.078
-0.26912500000000006	0.1926489999999994	0.09972171336206899	0.09341666666666666
-0.29237500000000005	0.2447309999999998	0.10940948275862067	0.07733333333333334
-0.281875	0.1625249999999996	0.10900296336206891	0.08808333333333332
-0.24568750000000006	0.23986775000000016	0.09730360991379314	0.09375
-0.28637500000000005	0.2163409999999999	0.10774218750000009	0.08208333333333333
-0.299125	0.22633900000000118	0.1226524784482759	0.08716666666666667
-0.27831249999999996	0.13454975000000058	0.10440193965517242	0.07833333333333332
-0.23593750000000002	0.17259374999999988	0.09450161637931032	0.08149999999999999
-0.31206250000000013	0.1656097499999989	0.10698653017241369	0.07883333333333332
-0.2741874999999999	0.1755897500000012	0.10999461206896555	0.08266666666666667
-0.28693750000000007	0.16029775000000068	0.10345474137931038	0.08033333333333333
-0.25168750000000006	0.22172974999999884	0.10123545258620686	0.0885
-0.317875	0.17798900000000017	0.11051185344827594	0.07999999999999999
-0.2876875	0.27589975000000067	0.11049084051724142	0.09383333333333332
-0.275875	0.1552389999999999	0.1074334590517241	0.08291666666666667
-0.3315625	0.22794375000000144	0.1019191810344828	0.07666666666666666
-0.29462500000000014	0.22683899999999824	0.10072063577586203	0.07475
-0.3259375000000001	0.2184937499999995	0.11624757543103446	0.08274999999999999
-0.2794375	0.15008774999999996	0.10623329741379306	0.08216666666666667
-0.24925000000000008	0.1294959999999996	0.11035021551724142	0.07899999999999999
-0.24231250000000004	0.21032974999999965	0.10339978448275851	0.07933333333333333
-0.29481250000000003	0.17696975000000048	0.0986961206896552	0.09699999999999999
-0.26912500000000006	0.17514899999999933	0.10449811422413785	0.07758333333333334
-0.2785000000000001	0.15247399999999978	0.09431573275862065	0.09
-0.2966875	0.2337497500000003	0.10954687499999996	0.0895
-0.2235625	0.1747797499999999	0.10390005387931037	0.08591666666666666
-0.28056250000000005	0.11185774999999953	0.11384725215517236	0.07291666666666666
-0.29518749999999994	0.19097975000000034	0.11098787715517239	0.08274999999999999
-0.29556250000000006	0.29673774999999925	0.10286314655172411	0.08733333333333333
-0.3143125	0.15533775000000016	0.0977036637931035	0.07899999999999999
-0.2385625	0.20656974999999989	0.09287957974137925	0.09291666666666666
-0.29200000000000004	0.09045599999999965	0.10396875	0.07166666666666666
-0.30756250000000007	0.27868774999999957	0.11014574353448273	0.08324999999999999
-0.2741874999999999	0.1620897500000016	0.09961826508620689	0.08408333333333332
-0.29837500000000006	0.23985900000000004	0.10915086206896556	0.089
-0.2993125	0.20895774999999972	0.10775915948275863	0.08516666666666667
-0.2989375000000001	0.27496975000000035	0.11600996767241376	0.07891666666666666
-0.247	0.16968599999999956	0.10611206896551724	0.08166666666666667
-0.24175000000000002	0.17951600000000045	0.10490220905172407	0.08224999999999999
-0.30174999999999996	0.28295600000000043	0.11076562499999995	0.08383333333333333
-0.26912500000000006	0.1118989999999993	0.10760641163793097	0.08608333333333332
-0.3030625000000001	0.20572774999999854	0.10110775862068969	0.08366666666666667
-0.32500000000000007	0.169249999999999	0.11598895474137928	0.07941666666666666
-0.2880625000000001	0.16319774999999925	0.10800323275862068	0.06799999999999999
-0.3055000000000001	0.1720959999999998	0.10331411637931026	0.08183333333333333
-0.3000625000000001	0.23967774999999847	0.10951939655172413	0.08266666666666667
-0.31900000000000006	0.15564399999999878	0.09894019396551722	0.09316666666666668
-0.29856250000000006	0.10297974999999848	0.10826993534482765	0.08549999999999999
-0.259375	0.16862500000000047	0.10057192887931028	0.08308333333333333
-0.25693750000000004	0.21690774999999984	0.121331088362069	0.08591666666666666
-0.2614375	0.25031975000000006	0.10129202586206898	0.08033333333333333
-0.29537500000000005	0.2098589999999998	0.10810021551724133	0.08633333333333333
-0.2936875	0.15892775000000103	0.11396039870689656	0.07958333333333333
-0.25525	0.17705400000000093	0.09801885775862065	0.08116666666666666
-0.24437500000000012	0.18152499999999971	0.10993480603448272	0.08549999999999999
-0.26125	0.15460000000000118	0.10334482758620694	0.086
-0.27456250000000004	0.20745974999999905	0.10191433189655175	0.08683333333333333
-0.31806250000000014	0.21355774999999877	0.10363335129310347	0.08274999999999999
-0.28600000000000003	0.19403399999999937	0.09446039870689661	0.08925
-0.25393750000000004	0.23988975000000057	0.1025681573275862	0.09191666666666666
-0.2706250000000001	0.10222499999999979	0.10839197198275854	0.08274999999999999
-0.26574999999999993	0.17398600000000108	0.10521012931034485	0.091
-0.22075	0.1824160000000008	0.09270016163793102	0.08675
-0.2875000000000001	0.18949999999999978	0.10432758620689653	0.07566666666666666
-0.27737500000000004	0.2736710000000002	0.10503717672413795	0.08483333333333333
-0.305875	0.2045490000000001	0.11813954741379303	0.08349999999999999
-0.26856250000000004	0.20554974999999942	0.1012685883620689	0.08224999999999999
-0.2674375	0.12933775000000036	0.10984913793103457	0.08233333333333333
-0.32218749999999996	0.31119375000000105	0.11560506465517238	0.07783333333333334
-0.28074999999999994	0.2500260000000001	0.1053790409482758	0.08708333333333332
-0.28993750000000007	0.2649077499999999	0.10580980603448276	0.08349999999999999
-0.2610625000000001	0.19587974999999958	0.09060210129310342	0.07575
-0.27025	0.28333400000000086	0.10186422413793111	0.08733333333333333
-0.29200000000000004	0.2944560000000003	0.1123925107758621	0.08725
-0.28918749999999993	0.1725797500000006	0.10101885775862066	0.08149999999999999
-0.28900000000000003	0.22068399999999944	0.10575404094827581	0.08141666666666666
-0.22825000000000006	0.1518860000000002	0.09741433189655171	0.08916666666666667
-0.2738125	0.17971775	0.10049999999999998	0.07866666666666666
-0.2766250000000001	0.17295899999999964	0.10529498922413791	0.09041666666666666
-0.28825	0.24309600000000042	0.10924703663793102	0.08725
-0.30081250000000004	0.15063975000000074	0.10328421336206894	0.07908333333333332
-0.27437500000000004	0.16927499999999984	0.10399461206896554	0.08299999999999999
-0.2875000000000001	0.21549999999999958	0.10639331896551718	0.08966666666666667
-0.26425	0.16030600000000028	0.10718292025862068	0.09308333333333332
-0.2858125	0.18312974999999998	0.0972979525862069	0.07983333333333333
-0.2756875	0.1813077500000011	0.10308701508620677	0.08841666666666666
-0.281875	0.28627499999999984	0.11015705818965507	0.10041666666666667
-0.2537499999999999	0.14040000000000052	0.10354687500000002	0.07916666666666666
-0.27456250000000004	0.2399597499999988	0.11085371767241382	0.08458333333333332
-0.2824375	0.12451774999999987	0.1121484375	0.08941666666666666
-0.2796250000000001	0.1252589999999989	0.10735829741379307	0.08183333333333333
-0.28937500000000005	0.21147500000000008	0.1043639547413793	0.07708333333333334
-0.27025	0.17058400000000074	0.10174865301724141	0.07741666666666666
-0.26125	0.21935000000000038	0.10978690732758623	0.09058333333333332
-0.28225	0.2546040000000014	0.10046039870689653	0.09058333333333332
-0.2528125	0.12969375000000039	0.09956977370689651	0.09508333333333333
-0.2929375000000001	0.2088897499999991	0.1089221443965516	0.09675
-0.2824375	0.09326774999999987	0.12018588362068965	0.0895
-0.2845000000000001	0.20753600000000016	0.1053160021551725	0.08124999999999999
-0.29481250000000003	0.13771975000000047	0.10995743534482759	0.08149999999999999
-0.2580625000000001	0.21728774999999967	0.09241567887931033	0.09175
-0.2646250000000001	0.32647899999999996	0.0982734375	0.09008333333333332
-0.2963125	0.21574775000000024	0.102876885775862	0.08841666666666666
-0.247	0.11343600000000009	0.10294639008620687	0.08558333333333332
-0.2905000000000001	0.18658600000000014	0.10124191810344815	0.08883333333333333
-0.26087499999999997	0.15690899999999974	0.10632381465517235	0.09183333333333334
-0.25412500000000005	0.16062899999999924	0.09854337284482761	0.09291666666666666
-0.2565625	0.22669374999999992	0.10500889008620691	0.08558333333333332
-0.2976249999999999	0.21912100000000123	0.10560290948275863	0.08349999999999999
-0.262375	0.19666100000000064	0.10314439655172417	0.088
-0.27193750000000005	0.19882774999999953	0.10303124999999999	0.07833333333333332
-0.32875	0.16690000000000094	0.10918157327586203	0.08516666666666667
-0.28862500000000013	0.2768909999999991	0.09915678879310347	0.09616666666666665
-0.24943749999999998	0.1782477500000006	0.10096632543103445	0.08775
-0.2674375	0.13508775000000028	0.11448733836206897	0.07891666666666666
-0.3345625	0.15064975000000125	0.11559294181034468	0.07525
-0.2768125	0.16388775000000066	0.0996320043103448	0.08383333333333333
-0.28393750000000006	0.1558097500000004	0.10913146551724134	0.07833333333333332
-0.29462500000000014	0.16508899999999826	0.11414547413793114	0.07633333333333334
-0.24493750000000003	0.22156775000000017	0.10400350215517244	0.09458333333333332
-0.26256250000000003	0.17887774999999984	0.09400215517241381	0.09033333333333333
-0.329125	0.19322900000000054	0.09366998922413788	0.08341666666666665
-0.2816875	0.1591097500000016	0.10260290948275869	0.07516666666666666
-0.28900000000000003	0.20093399999999928	0.12081627155172416	0.08416666666666667
-0.265	0.22765000000000057	0.10612257543103443	0.08908333333333332
-0.2965000000000001	0.219123999999999	0.10553987068965529	0.08199999999999999
-0.2466250000000001	0.16241899999999987	0.11383755387931034	0.08358333333333332
-0.25112500000000004	0.20674099999999918	0.10238308189655165	0.0925
-0.28562500000000013	0.24397499999999894	0.1158289331896552	0.08625
-0.20125000000000004	0.10284999999999922	0.0914886853448276	0.09949999999999999
-0.26650000000000007	0.2095640000000003	0.10421524784482761	0.08174999999999999
-0.2828125	0.2615937500000003	0.10336907327586206	0.0935
-0.28131249999999997	0.12002775000000021	0.09972979525862075	0.08691666666666666
-0.24043749999999997	0.1823497500000002	0.09924084051724139	0.0895
-0.2871250000000001	0.22194899999999862	0.10245824353448278	0.07891666666666666
-0.262375	0.2424110000000006	0.09844558189655181	0.08883333333333333
-0.24456250000000002	0.12403974999999967	0.09942187500000005	0.08549999999999999
-0.2996875	0.14269375000000029	0.09940167025862079	0.08441666666666665
-0.2706250000000001	0.11497499999999938	0.1116667564655172	0.07808333333333334
-0.305875	0.15104899999999954	0.10555522629310345	0.08291666666666667
-0.2801874999999999	0.1467697500000007	0.11019504310344826	0.09466666666666665
-0.2550625000000001	0.13281775000000007	0.10649272629310343	0.08625
-0.25956250000000003	0.17234974999999952	0.0883327047413793	0.08074999999999999
-0.26574999999999993	0.17523600000000084	0.10035210129310346	0.08675
-0.259	0.20942400000000028	0.096426724137931	0.091
-0.26725	0.15088400000000046	0.1113434806034482	0.08574999999999999
-0.27474999999999994	0.12739400000000067	0.10013873922413785	0.08174999999999999
-0.25825	0.17726600000000126	0.09800431034482755	0.09966666666666665
-0.2556250000000001	0.18052500000000027	0.10434294181034484	0.08024999999999999
-0.29200000000000004	0.15295599999999965	0.10263927801724138	0.08925
-0.29874999999999996	0.1678500000000005	0.1115180495689655	0.08641666666666666
-0.29874999999999996	0.18635000000000002	0.1076540948275861	0.08399999999999999
-0.2666875000000001	0.0995197499999998	0.10189816810344823	0.0865
-0.27793750000000006	0.16844974999999973	0.1000983297413793	0.07558333333333334
-0.272875	0.20952900000000074	0.1065614224137931	0.08299999999999999
-0.28374999999999995	0.1999000000000004	0.10216729525862063	0.08925
-0.27831249999999996	0.08179975000000095	0.09935075431034485	0.07716666666666666
-0.284875	0.2686010000000003	0.10483028017241375	0.08016666666666666
-0.2730625000000001	0.12646774999999977	0.10677801724137935	0.08566666666666667
-0.28731249999999997	0.15009974999999987	0.10014601293103452	0.08516666666666667
-0.24887500000000007	0.1297410000000001	0.10184321120689657	0.0775
-0.25487499999999996	0.18883100000000042	0.10313793103448277	0.08733333333333333
-0.269875	0.18294099999999958	0.11171120689655173	0.07633333333333334
-0.26912500000000006	0.16039899999999907	0.11162392241379301	0.08366666666666667
-0.2944375	0.16845774999999907	0.10913308189655169	0.07616666666666666
-0.26387499999999997	0.2573810000000005	0.09709186422413796	0.08891666666666666
-0.262375	0.23616100000000095	0.11125942887931035	0.08875
-0.3030625000000001	0.22122774999999884	0.11308351293103455	0.08383333333333333
-0.2828125	0.1628437500000004	0.10860452586206898	0.08066666666666666
-0.27812500000000007	0.18537499999999962	0.10697359913793103	0.08483333333333333
-0.24943749999999998	0.1707477500000003	0.10348141163793105	0.08374999999999999
-0.29237500000000005	0.27648099999999953	0.09851589439655177	0.08174999999999999
-0.2826250000000001	0.14843099999999954	0.1080775862068965	0.09333333333333334
-0.287875	0.16479900000000036	0.11338092672413796	0.08716666666666667
-0.3105625000000001	0.14291774999999962	0.11518238146551724	0.07924999999999999
-0.32275	0.27861400000000014	0.11820016163793107	0.08008333333333333
-0.26874999999999993	0.17400000000000126	0.09874865301724141	0.08508333333333332
-0.29256250000000006	0.11936774999999944	0.09945420258620688	0.0895
-0.2905000000000001	0.11833600000000022	0.10164439655172422	0.08399999999999999
-0.2875000000000001	0.24074999999999935	0.10363092672413787	0.0885
-0.24925000000000008	0.09874599999999933	0.10284779094827576	0.09108333333333332
-0.25712500000000005	0.25613899999999923	0.10281223060344831	0.08675
-0.2708125	0.09966975000000122	0.12065220905172414	0.08491666666666665
-0.29837500000000006	0.10235899999999987	0.10763469827586215	0.07666666666666666
-0.24250000000000005	0.24385000000000012	0.10405845905172423	0.08691666666666666
-0.26612500000000006	0.27540099999999956	0.10553582974137934	0.09125
-0.26874999999999993	0.19475000000000087	0.11487526939655174	0.08358333333333332
-0.25450000000000006	0.21685599999999994	0.10239197198275854	0.08041666666666666
-0.2526250000000001	0.16095099999999984	0.09768345905172413	0.08558333333333332
-0.2901250000000001	0.17755099999999846	0.10401885775862064	0.08516666666666667
-0.2700625000000001	0.16013774999999963	0.1057944504310345	0.08925
-0.27925	0.24266600000000071	0.10729606681034483	0.07808333333333334
-0.2903125	0.22719374999999964	0.10660587284482766	0.08424999999999999
-0.271	0.13061399999999956	0.10190624999999995	0.09266666666666667
-0.2755000000000001	0.14087599999999956	0.10461530172413794	0.07999999999999999
-0.2584375	0.23949375000000028	0.10608054956896554	0.07741666666666666
-0.28825	0.19459599999999977	0.10176966594827583	0.08725
-0.2726875000000001	0.21958974999999992	0.09317295258620686	0.08583333333333333
-0.290875	0.2356189999999998	0.10817376077586215	0.08925
-0.26425	0.17180600000000013	0.09877613146551728	0.09558333333333333
-0.287875	0.27104899999999965	0.09962877155172412	0.0915
-0.3223750000000001	0.10250099999999929	0.1062858297413794	0.07858333333333332
-0.2871250000000001	0.21069899999999908	0.11186880387931036	0.08424999999999999
-0.2816875	0.1458597500000014	0.11085937499999997	0.08283333333333333
-0.2496250000000001	0.11774899999999988	0.10703259698275863	0.08491666666666665
-0.26350000000000007	0.12420399999999976	0.1061589439655172	0.09016666666666667
-0.26574999999999993	0.19848600000000083	0.10759671336206908	0.07341666666666666
-0.23968750000000005	0.23624374999999986	0.10263200431034492	0.08916666666666667
-0.3036249999999999	0.13655100000000076	0.11256384698275859	0.07824999999999999
-0.27156250000000004	0.2051937499999994	0.09859509698275862	0.08124999999999999
-0.290875	0.26311899999999966	0.1071869612068966	0.08249999999999999
-0.27812500000000007	0.1766249999999996	0.11189789870689656	0.08858333333333332
-0.2738125	0.16946774999999992	0.10199030172413791	0.08533333333333333
-0.2741874999999999	0.20758975000000124	0.10447790948275866	0.08683333333333333
-0.27831249999999996	0.2802997500000002	0.10151993534482759	0.0925
-0.28093750000000006	0.17869374999999987	0.10373033405172405	0.09308333333333332
-0.2441875	0.21050975000000083	0.09173922413793101	0.07999999999999999
-0.28337500000000004	0.24582899999999963	0.10536530172413802	0.07966666666666666
-0.271	0.1706139999999996	0.09881977370689657	0.07775
-0.31525000000000003	0.19322400000000073	0.10775915948275847	0.07583333333333334
-0.28225	0.21360400000000102	0.10883324353448276	0.08424999999999999
-0.2850625000000001	0.2922577500000001	0.10339816810344829	0.07683333333333334
-0.26087499999999997	0.1609090000000002	0.1020064655172414	0.08199999999999999
-0.27756250000000005	0.2258477499999989	0.09627882543103444	0.08608333333333332
-0.31262499999999993	0.2366110000000008	0.10461126077586212	0.08124999999999999
-0.2507499999999999	0.1709960000000006	0.09108459051724133	0.09116666666666667
-0.28074999999999994	0.15077600000000047	0.10712877155172416	0.08283333333333333
-0.2670625000000001	0.2046797499999995	0.1011182650862069	0.08841666666666666
-0.27625	0.2278500000000001	0.10231761853448273	0.08408333333333332
-0.2910625000000001	0.1727597499999991	0.10844207974137926	0.08424999999999999
-0.2291875	0.18366975000000085	0.09202451508620693	0.09375
-0.2415625	0.1434937500000002	0.0977149784482759	0.08216666666666667
-0.2884375	0.15849374999999988	0.10289628232758621	0.08508333333333332
-0.25825	0.16676600000000086	0.11160614224137934	0.09383333333333332
-0.2695000000000001	0.1657959999999994	0.10431303879310347	0.08016666666666666
-0.23199999999999998	0.09369600000000045	0.09855549568965521	0.07949999999999999
-0.28562500000000013	0.21572499999999906	0.10080549568965519	0.07916666666666666
-0.2854375	0.2595697499999998	0.10261907327586212	0.09383333333333332
-0.2507499999999999	0.23749600000000104	0.10077801724137933	0.09266666666666667
-0.2824375	0.13076774999999952	0.10101804956896551	0.08675
-0.25112500000000004	0.24949099999999902	0.10346282327586206	0.08883333333333333
-0.28918749999999993	0.26307975000000017	0.09676131465517242	0.09816666666666665
-0.26856250000000004	0.1527997499999989	0.1088275862068965	0.09
-0.2610625000000001	0.19912975	0.10543965517241377	0.087
-0.26012500000000005	0.11677099999999907	0.10616540948275864	0.08483333333333333
-0.2766250000000001	0.24170899999999929	0.0987575431034482	0.092
-0.259375	0.13987499999999997	0.09784267241379305	0.088
-0.26050000000000006	0.20421599999999973	0.09617052801724142	0.08124999999999999
-0.27531249999999996	0.16719375000000003	0.10559967672413786	0.09216666666666667
-0.266875	0.15122500000000016	0.10431384698275858	0.08591666666666666
-0.26556250000000003	0.11752774999999982	0.09520070043103447	0.08825
-0.2725000000000001	0.19214999999999982	0.09709509698275862	0.08424999999999999
-0.299875	0.20281100000000052	0.10469207974137934	0.08024999999999999
-0.2567499999999999	0.12192600000000109	0.11010371767241375	0.09158333333333332
-0.27193750000000005	0.24207774999999998	0.10660829741379307	0.09849999999999999
-0.27925	0.26191600000000026	0.1045579202586207	0.09008333333333332
-0.2854375	0.18581975000000028	0.11000431034482752	0.088
-0.29181250000000003	0.2170677500000009	0.10192483836206898	0.08858333333333332
-0.28937500000000005	0.2844749999999996	0.09961907327586211	0.0915
-0.25468750000000007	0.16734374999999968	0.10093076508620688	0.08574999999999999
-0.29162500000000013	0.23167899999999886	0.11646578663793092	0.07991666666666666
-0.2801874999999999	0.26201975000000033	0.11863577586206896	0.092
-0.30718749999999995	0.20224375000000006	0.11394504310344834	0.07733333333333334
-0.2736250000000001	0.1850309999999995	0.11039547413793097	0.088
-0.2406250000000001	0.06837499999999963	0.10110371767241369	0.08458333333333332
-0.24850000000000005	0.14323399999999964	0.09447171336206892	0.09475
-0.256	0.11424400000000023	0.0916470905172413	0.07983333333333333
-0.3025000000000001	0.15414999999999957	0.10452316810344825	0.08249999999999999
-0.28112500000000007	0.11186099999999932	0.10729283405172413	0.07808333333333334
-0.27231249999999996	0.13945975000000033	0.09117591594827583	0.09158333333333332
-0.2535625	0.20940974999999984	0.1059172952586207	0.08524999999999999
-0.3319375000000001	0.25625774999999873	0.10244854525862072	0.09091666666666666
-0.26650000000000007	0.10956399999999977	0.10848895474137935	0.08508333333333332
-0.2794375	0.16633775000000028	0.09636853448275866	0.08266666666666667
-0.27793750000000006	0.19769974999999995	0.10579445043103453	0.08625
-0.28356250000000005	0.2232397499999994	0.10116756465517232	0.08983333333333333
-0.32200000000000006	0.21888599999999858	0.10086934267241376	0.08141666666666666
-0.259375	0.21262500000000006	0.10313712284482765	0.10025
-0.2736250000000001	0.21503099999999886	0.10155953663793099	0.09025
-0.27512500000000006	0.14476099999999903	0.10664789870689656	0.09125
-0.317875	0.20273899999999934	0.1064256465517242	0.08266666666666667
-0.30137500000000006	0.20448100000000036	0.11215167025862066	0.08608333333333332
-0.256	0.19524399999999975	0.10778017241379304	0.08133333333333333
-0.27812500000000007	0.26662499999999945	0.097265625	0.08916666666666667
-0.25525	0.22155400000000114	0.09596686422413792	0.08758333333333332
-0.28937500000000005	0.19522499999999976	0.11108728448275862	0.07733333333333334
-0.265	0.26840000000000064	0.10140517241379313	0.09866666666666665
-0.2588125	0.21244775000000082	0.0917117456896552	0.09116666666666667
-0.28918749999999993	0.19782975000000036	0.10428636853448278	0.08374999999999999
-0.2854375	0.13781975000000024	0.10007165948275869	0.08583333333333333
-0.23350000000000004	0.13781400000000055	0.09990436422413793	0.09425
-0.2588125	0.17394775000000084	0.10262553879310343	0.09283333333333334
-0.2640625000000001	0.1700937499999995	0.10114735991379308	0.09241666666666666
-0.26274999999999993	0.19334400000000151	0.10542995689655169	0.09066666666666667
-0.29237500000000005	0.1637309999999994	0.11248464439655173	0.07341666666666666
-0.26931249999999995	0.23109775000000088	0.10588092672413796	0.08616666666666667
-0.2906875	0.20097775000000073	0.10637473060344832	0.08374999999999999
-0.2905000000000001	0.1880860000000002	0.10089601293103453	0.08149999999999999
-0.31243750000000003	0.2727777499999995	0.11494154094827577	0.08675
-0.30156250000000007	0.16634374999999846	0.1108278556034482	0.07958333333333333
-0.25993750000000004	0.2490477499999999	0.10458459051724131	0.09316666666666668
-0.26931249999999995	0.20984775000000067	0.08677370689655164	0.08833333333333333
-0.27493750000000006	0.26682775000000003	0.1203903556034483	0.07658333333333334
-0.24812500000000004	0.22547499999999943	0.08716971982758619	0.09483333333333333
-0.2666875000000001	0.15476974999999982	0.10373599137931036	0.08099999999999999
-0.29874999999999996	0.20535000000000014	0.1184652478448277	0.08541666666666665
-0.25468750000000007	0.23809375	0.10853259698275869	0.09525
-0.28	0.21785000000000032	0.10800727370689651	0.08908333333333332
-0.28056250000000005	0.2926077499999993	0.10258674568965523	0.0775
-0.2961250000000001	0.26887099999999897	0.11353933189655169	0.08049999999999999
-0.27812500000000007	0.33412499999999934	0.1002777478448276	0.08474999999999999
-0.25712500000000005	0.22738899999999962	0.10651293103448276	0.08166666666666667
-0.2644375	0.17851775000000014	0.1020363685344827	0.09208333333333332
-0.2876875	0.17039975000000052	0.11160452586206894	0.08499999999999999
-0.2816875	0.15735975000000124	0.10591971982758616	0.08716666666666667
-0.2816875	0.11435975000000109	0.10441487068965508	0.08266666666666667
-0.27831249999999996	0.1975497500000003	0.11025727370689659	0.08241666666666667
-0.2961250000000001	0.28362099999999923	0.09596605603448276	0.09083333333333334
-0.2760625000000001	0.18141974999999988	0.10593426724137936	0.08666666666666667
-0.23743749999999997	0.16862775000000063	0.10550996767241379	0.09058333333333332
-0.2696875000000001	0.21399374999999843	0.11150673491379312	0.08591666666666666
-0.26256250000000003	0.16587774999999993	0.10816810344827592	0.08566666666666667
-0.28618749999999993	0.29493775000000166	0.09581654094827582	0.08474999999999999
-0.2636875000000001	0.19816774999999964	0.10134698275862061	0.08266666666666667
-0.28600000000000003	0.21428399999999925	0.11193184267241382	0.07741666666666666
-0.28356250000000005	0.14298974999999903	0.09828313577586201	0.07375
-0.26593750000000005	0.17369374999999998	0.09836072198275864	0.08508333333333332
-0.2565625	0.16294375000000016	0.11255010775862066	0.0775
-0.27118750000000014	0.0968077499999982	0.09460264008620692	0.08925
-0.27831249999999996	0.16229975000000074	0.09803582974137934	0.09858333333333333
-0.26012500000000005	0.17877099999999935	0.10197090517241378	0.08766666666666667
-0.2850625000000001	0.1595077499999995	0.11387634698275866	0.10058333333333333
-0.25468750000000007	0.17709375000000005	0.10325754310344827	0.08666666666666667
-0.2820625000000001	0.14143974999999998	0.09963604525862066	0.09358333333333332
-0.299875	0.22456100000000045	0.10273545258620695	0.08183333333333333
-0.2741874999999999	0.18733975000000136	0.10051697198275863	0.09975
-0.238	0.24697600000000008	0.09912607758620681	0.091
-0.28637500000000005	0.09709099999999982	0.0940983297413793	0.08625
-0.30418749999999994	0.18511975000000103	0.10260290948275863	0.08249999999999999
-0.27831249999999996	0.20129975000000044	0.10687257543103448	0.09475
-0.2558125	0.2305097500000004	0.09856681034482756	0.091
-0.27474999999999994	0.21714400000000023	0.1015991379310345	0.09233333333333334
-0.2989375000000001	0.11896974999999976	0.11086179956896547	0.07841666666666666
-0.311875	0.1422749999999997	0.11223572198275861	0.08208333333333333
-0.2554375	0.21078975	0.10968830818965519	0.09041666666666666
-0.30981250000000005	0.19730974999999962	0.1140783943965518	0.07341666666666666
-0.28562500000000013	0.2644749999999991	0.09277047413793107	0.08566666666666667
-0.30325	0.18733600000000017	0.1007238685344827	0.09408333333333332
-0.2880625000000001	0.08444774999999982	0.09932165948275862	0.07783333333333334
-0.24193750000000003	0.20628775000000044	0.09760264008620692	0.09225
-0.26350000000000007	0.19145399999999935	0.10426939655172418	0.07966666666666666
-0.21643750000000006	0.12548974999999984	0.10677559267241382	0.08174999999999999
-0.29200000000000004	0.2167060000000003	0.10940220905172424	0.08024999999999999
-0.2496250000000001	0.18949899999999964	0.10081196120689645	0.08516666666666667
-0.30456250000000007	0.26982974999999865	0.09846417025862073	0.08641666666666666
-0.2820625000000001	0.16218974999999958	0.11588065732758615	0.08858333333333332
-0.3023125	0.21703974999999964	0.10641190732758621	0.08424999999999999
-0.29725	0.12937400000000032	0.10104876077586203	0.08658333333333332
-0.2931250000000001	0.20652499999999918	0.1022424568965517	0.08266666666666667
-0.2353750000000001	0.2049789999999989	0.09987931034482761	0.08466666666666667
-0.27756250000000005	0.20584774999999933	0.10779471982758623	0.08283333333333333
-0.2929375000000001	0.20688974999999932	0.1029164870689655	0.08683333333333333
-0.26612500000000006	0.18115099999999984	0.10078205818965508	0.08208333333333333
-0.2537499999999999	0.17440000000000033	0.10702532327586214	0.08783333333333333
-0.29800000000000004	0.12186599999999892	0.10879768318965508	0.07991666666666666
-0.2741874999999999	0.1985897500000009	0.0998081896551724	0.088
-0.271	0.14686399999999988	0.10578151939655173	0.08391666666666665
-0.299125	0.2110890000000012	0.10441406249999993	0.08658333333333332
-0.27756250000000005	0.16934774999999913	0.10640220905172412	0.08324999999999999
-0.2760625000000001	0.2499197500000001	0.10063577586206902	0.078
-0.26518750000000013	0.12460974999999941	0.09728825431034477	0.0875
-0.3176875	0.15466975000000005	0.10336907327586206	0.08983333333333333
-0.27437500000000004	0.23677499999999974	0.1006834590517242	0.08858333333333332
-0.28693750000000007	0.1812977500000006	0.10394207974137923	0.09091666666666666
-0.271	0.24811400000000017	0.10085560344827581	0.08666666666666667
-0.29200000000000004	0.18720599999999976	0.09180468750000007	0.07641666666666666
-0.23893750000000002	0.13612975000000116	0.09974838362068969	0.09416666666666665
-0.30325	0.17608600000000063	0.10565786637931042	0.08716666666666667
-0.28825	0.1463460000000003	0.10236126077586212	0.08725
-0.2801874999999999	0.1962697500000008	0.10380387931034485	0.086
-0.2670625000000001	0.1816797499999998	0.11042214439655162	0.08608333333333332
-0.2798125	0.19667975000000038	0.10932704741379318	0.08783333333333333
-0.2768125	0.16288775000000033	0.10525053879310337	0.08283333333333333
-0.2468125000000001	0.1419277499999998	0.10621632543103444	0.07941666666666666
-0.26931249999999995	0.3100977500000006	0.0942486530172414	0.09208333333333332
-0.29462500000000014	0.18383899999999898	0.10279849137931042	0.08099999999999999
-0.23650000000000004	0.23595400000000044	0.08827613146551724	0.08191666666666667
-0.28862500000000013	0.2378909999999994	0.09953178879310341	0.0885
-0.2845000000000001	0.0912860000000002	0.11561314655172412	0.08233333333333333
-0.27925	0.21666600000000003	0.10433405172413793	0.08333333333333333
-0.27137500000000003	0.07225100000000051	0.11339466594827581	0.08658333333333332
-0.27137500000000003	0.1400010000000007	0.10446336206896557	0.08566666666666667
-0.28093750000000006	0.2889437499999996	0.1010455280172414	0.08491666666666665
-0.29725	0.2846240000000009	0.09924973060344827	0.08741666666666666
-0.314125	0.36700900000000125	0.10503475215517237	0.07758333333333334
-0.25225	0.20221400000000145	0.09321336206896547	0.08399999999999999
-0.23725000000000007	0.17459399999999992	0.102356411637931	0.08641666666666666
-0.2875000000000001	0.10624999999999929	0.10505172413793101	0.08299999999999999
-0.272875	0.1515290000000009	0.10102855603448277	0.08183333333333333
-0.29537500000000005	0.14185900000000018	0.11228502155172414	0.08783333333333333
-0.2846875	0.17594375000000095	0.10252693965517243	0.08866666666666667
-0.3026875	0.231009750000001	0.10201373922413794	0.08741666666666666
-0.2666875000000001	0.15701974999999901	0.10491433189655178	0.08583333333333333
-0.28656250000000005	0.21049374999999948	0.10101724137931031	0.091
-0.31243750000000003	0.20177774999999976	0.10360587284482758	0.08625
-0.2708125	0.13891975000000123	0.0976802262931035	0.08658333333333332
-0.253375	0.11691900000000022	0.10574919181034477	0.08491666666666665
-0.2940625000000001	0.1789437499999993	0.11247252155172412	0.07949999999999999
-0.2824375	0.22276775000000004	0.0958626077586206	0.07983333333333333
-0.25768750000000007	0.19557974999999939	0.0953453663793103	0.08616666666666667
-0.30681250000000004	0.17129774999999992	0.09681061422413795	0.08424999999999999
-0.274	0.17540400000000034	0.09959078663793103	0.08358333333333332
-0.314875	0.11982099999999996	0.10366082974137927	0.07824999999999999
-0.2858125	0.25037975000000046	0.10466056034482761	0.07866666666666666
-0.28412500000000007	0.20871899999999854	0.10040786637931032	0.09583333333333333
-0.256	0.1577440000000001	0.1262642780172414	0.08925
-0.29556250000000006	0.19348774999999918	0.10187311422413786	0.07891666666666666
-0.28337500000000004	0.19632899999999953	0.10384671336206895	0.07041666666666666
-0.2766250000000001	0.13620899999999914	0.09705064655172417	0.08066666666666666
-0.2670625000000001	0.1321797499999997	0.10093076508620688	0.09108333333333332
-0.28562500000000013	0.22372499999999906	0.0995511853448276	0.0765
-0.26218750000000013	0.2101937499999993	0.11465786637931039	0.08516666666666667
-0.2580625000000001	0.2937877499999999	0.1048440193965518	0.09358333333333332
-0.26650000000000007	0.217314	0.10659051724137925	0.087
-0.27193750000000005	0.21432774999999982	0.10820366379310352	0.08033333333333333
-0.2734375	0.1805937499999999	0.10642322198275862	0.08441666666666665
-0.26350000000000007	0.22270399999999935	0.10302559267241375	0.08908333333333332
-0.2498125000000001	0.22174974999999897	0.09822656250000002	0.07858333333333332
-0.265375	0.22906900000000086	0.10358081896551721	0.08733333333333333
-0.3086875	0.15575775000000025	0.10524407327586202	0.0885
-0.284875	0.15285100000000007	0.1032349137931034	0.07866666666666666
-0.30418749999999994	0.24111975000000108	0.10184886853448274	0.08508333333333332
-0.26874999999999993	0.1725000000000012	0.10206142241379315	0.078
-0.28918749999999993	0.12982975000000074	0.10085075431034468	0.08049999999999999
-0.2741874999999999	0.193589750000001	0.09537122844827585	0.08483333333333333
-0.2846875	0.1456937500000004	0.1104116379310345	0.09033333333333333
-0.2610625000000001	0.22937974999999966	0.11193750000000008	0.086
-0.3083125	0.24481975000000045	0.10891244612068962	0.08374999999999999
-0.2584375	0.17149374999999978	0.1138036099137931	0.08508333333333332
-0.28300000000000003	0.20100599999999957	0.10714978448275861	0.087
-0.2700625000000001	0.2423877499999998	0.09616487068965511	0.08399999999999999
-0.24868750000000006	0.15723775000000018	0.10014278017241382	0.08783333333333333
-0.28037500000000004	0.22268899999999991	0.10133081896551722	0.08533333333333333
-0.2496250000000001	0.09424899999999958	0.09586584051724138	0.08049999999999999
-0.25093750000000004	0.16124375000000057	0.09562661637931033	0.07316666666666666
-0.2580625000000001	0.17328775000000007	0.10914197198275866	0.08074999999999999
-0.28900000000000003	0.1809339999999997	0.10343938577586209	0.08141666666666666
-0.28	0.22635000000000005	0.09784752155172419	0.08883333333333333
-0.3056875	0.09819775000000064	0.10337553879310345	0.08016666666666666
-0.30400000000000005	0.27476399999999934	0.11637850215517233	0.09458333333333332
-0.27531249999999996	0.1486937500000005	0.0996368534482759	0.08233333333333333
-0.28374999999999995	0.17690000000000072	0.10991540948275857	0.08016666666666666
-0.2561875000000001	0.18547774999999866	0.09688415948275862	0.08216666666666667
-0.26856250000000004	0.08129974999999945	0.10596336206896553	0.08733333333333333
-0.32181250000000006	0.17882774999999995	0.10299003232758623	0.08341666666666665
-0.2760625000000001	0.17841974999999977	0.1046266163793104	0.08049999999999999
-0.2963125	0.2804977500000003	0.10362122844827586	0.07783333333333334
-0.272875	0.1565290000000008	0.10914601293103451	0.0935
-0.2931250000000001	0.20077499999999926	0.10688389008620683	0.07891666666666666
-0.2674375	0.23258775000000043	0.09685668103448275	0.08299999999999999
-0.27437500000000004	0.20302500000000023	0.1046783405172414	0.08049999999999999
-0.3006249999999999	0.1660250000000012	0.10687742456896546	0.08758333333333332
-0.2616250000000001	0.24753899999999973	0.11582974137931032	0.08533333333333333
-0.29481250000000003	0.22096975000000008	0.11002047413793117	0.07733333333333334
-0.27812500000000007	0.1193749999999989	0.10620339439655169	0.08541666666666665
-0.2670625000000001	0.21067974999999972	0.10689035560344828	0.08291666666666667
-0.3105625000000001	0.17466774999999934	0.10553663793103449	0.08499999999999999
-0.2678125	0.2739937500000007	0.1029116379310345	0.08533333333333333
-0.27531249999999996	0.21294375	0.10973599137931031	0.07833333333333332
-0.2235625	0.1802797500000004	0.10415140086206892	0.09216666666666667
-0.2989375000000001	0.17371975000000006	0.10474542025862077	0.08208333333333333
-0.31843750000000004	0.2804437499999999	0.10932704741379308	0.07949999999999999
-0.25693750000000004	0.22415774999999982	0.09587392241379306	0.09133333333333334
-0.22450000000000003	0.18187599999999993	0.09451212284482755	0.08758333333333332
-0.29556250000000006	0.18448774999999973	0.10894558189655174	0.0755
-0.27174999999999994	0.1883860000000004	0.09941460129310344	0.08541666666666665
-0.30625	0.2872500000000011	0.11342618534482767	0.0925
-0.2588125	0.09019775000000063	0.10166056034482757	0.086
-0.2961250000000001	0.2926209999999987	0.10835560344827583	0.08366666666666667
-0.27756250000000005	0.11734774999999953	0.09942914870689654	0.08124999999999999
-0.25712500000000005	0.2136389999999988	0.10358243534482756	0.07816666666666666
-0.25768750000000007	0.17282974999999912	0.10125565732758623	0.09091666666666666
-0.27493750000000006	0.2240777500000002	0.10671093750000002	0.07874999999999999
-0.26387499999999997	0.16688100000000006	0.09957381465517248	0.08583333333333333
-0.2704375	0.18702974999999977	0.11238281249999998	0.07591666666666666
-0.27493750000000006	0.22932775000000039	0.11430468749999995	0.09408333333333332
-0.27512500000000006	0.12401099999999854	0.11292672413793098	0.08466666666666667
-0.3034375	0.2336937499999996	0.10428151939655174	0.07858333333333332
-0.28431249999999997	0.20062775000000066	0.10377155172413792	0.08866666666666667
-0.2785000000000001	0.3302239999999994	0.10676831896551721	0.09433333333333332
-0.3235000000000001	0.1848339999999995	0.11244342672413803	0.07849999999999999
-0.253375	0.13841900000000074	0.10131546336206895	0.08108333333333333
-0.26068750000000007	0.2009377499999987	0.09414601293103453	0.07983333333333333
-0.2584375	0.17674374999999998	0.09419127155172419	0.08583333333333333
-0.22599999999999998	0.24890400000000046	0.09310264008620692	0.09625
-0.268	0.14644600000000008	0.10049676724137932	0.09133333333333334
-0.26931249999999995	0.18784775000000042	0.10639978448275855	0.08966666666666667
-0.2888125	0.15728775000000006	0.1042572737068966	0.08775
-0.27193750000000005	0.13782774999999958	0.09819989224137934	0.08149999999999999
-0.293875	0.29006100000000057	0.10619692887931041	0.08841666666666666
-0.2670625000000001	0.1524297499999996	0.10470420258620694	0.08683333333333333
-0.27756250000000005	0.2723477499999989	0.11129094827586206	0.08933333333333333
-0.275875	0.18298900000000007	0.10493857758620695	0.08966666666666667
-0.26931249999999995	0.202847750000001	0.10657758620689653	0.07966666666666666
-0.29237500000000005	0.1429809999999998	0.11380037715517241	0.08741666666666666
-0.27512500000000006	0.22401099999999907	0.10479148706896546	0.09116666666666667
-0.28618749999999993	0.19268775000000105	0.10992187500000011	0.08183333333333333
-0.2786875	0.15314775000000047	0.1075110452586206	0.07625
-0.2876875	0.14839975000000116	0.0926799568965517	0.08233333333333333
-0.2884375	0.22574374999999947	0.10444639008620699	0.07591666666666666
-0.2676250000000001	0.2185409999999992	0.09973060344827592	0.08666666666666667
-0.27025	0.21633400000000158	0.11313604525862063	0.08591666666666666
-0.2961250000000001	0.2951209999999991	0.10304175646551715	0.09741666666666667
-0.28637500000000005	0.21234100000000034	0.10569585129310358	0.07808333333333334
-0.28225	0.260104000000001	0.1097271012931034	0.08141666666666666
-0.3019375000000001	0.20281774999999946	0.10170662715517231	0.09475
-0.25112500000000004	0.07599099999999925	0.09163981681034473	0.08875
-0.25468750000000007	0.07509374999999974	0.10314439655172412	0.08233333333333333
-0.28618749999999993	0.20518775000000122	0.10703017241379312	0.08299999999999999
-0.2771874999999999	0.24224375000000098	0.1062074353448276	0.08249999999999999
-0.26931249999999995	0.25834775000000043	0.10566352370689655	0.08708333333333332
-0.2828125	0.20884375000000066	0.10831600215517243	0.09125
-0.26874999999999993	0.25925000000000065	0.10091540948275862	0.08683333333333333
-0.26331249999999995	0.14698975000000036	0.11054094827586204	0.07966666666666666
-0.3225625	0.25755775000000103	0.10652262931034487	0.06899999999999999
-0.24231250000000004	0.14557974999999956	0.10855765086206895	0.09383333333333332
-0.28562500000000013	0.17072499999999913	0.10285506465517247	0.08716666666666667
-0.311875	0.2775249999999998	0.1090328663793103	0.07616666666666666
-0.31862499999999994	0.2300110000000002	0.11493588362068964	0.08049999999999999
-0.27174999999999994	0.10463600000000017	0.11306492456896552	0.08291666666666667
-0.2561875000000001	0.17447774999999943	0.0944377693965517	0.08758333333333332
-0.28037500000000004	0.30368899999999943	0.11782354525862074	0.08224999999999999
-0.2850625000000001	0.31725774999999956	0.10605226293103442	0.08383333333333333
-0.2796250000000001	0.17275899999999922	0.10425808189655172	0.07983333333333333
-0.29462500000000014	0.21933899999999884	0.10332219827586195	0.088
-0.268	0.20469599999999932	0.0992723599137931	0.07808333333333334
-0.2756875	0.19905775000000148	0.09801158405172411	0.08141666666666666
-0.2910625000000001	0.2037597499999988	0.10149649784482759	0.08841666666666666
-0.27512500000000006	0.16551099999999863	0.1011732219827586	0.09108333333333332
-0.27793750000000006	0.31494975000000025	0.1014932650862069	0.09041666666666666
-0.29837500000000006	0.2751089999999996	0.11202801724137931	0.07466666666666666
-0.34525000000000006	0.2574840000000007	0.11254445043103439	0.08591666666666666
-0.2436250000000001	0.15646100000000018	0.10180118534482757	0.08549999999999999
-0.27793750000000006	0.1314497499999998	0.1153634159482758	0.08024999999999999
-0.29237500000000005	0.2079809999999993	0.1029164870689655	0.08316666666666667
-0.2933125	0.29240975	0.10043049568965515	0.07616666666666666
-0.2796250000000001	0.22450899999999852	0.099004849137931	0.08149999999999999
-0.27512500000000006	0.2375109999999987	0.1094684806034482	0.09475
-0.26856250000000004	0.18754974999999963	0.10350000000000004	0.086
-0.26312500000000005	0.2385249999999992	0.0998817349137931	0.07824999999999999
-0.26556250000000003	0.2180277499999992	0.10453771551724139	0.088
-0.28112500000000007	0.2566109999999995	0.09808432112068968	0.09858333333333333
-0.3025000000000001	0.14914999999999967	0.09300161637931036	0.08416666666666667
-0.2831874999999999	0.1299177500000006	0.10974407327586207	0.07883333333333332
-0.31300000000000006	0.18077599999999894	0.11556788793103447	0.08199999999999999
-0.2674375	0.20408775000000023	0.10723545258620697	0.0865
-0.259375	0.18387500000000045	0.09925862068965514	0.09233333333333334
-0.30437500000000006	0.16047499999999992	0.10956142241379312	0.08299999999999999
-0.262375	0.21316100000000038	0.09988092672413795	0.0905
-0.27625	0.18685000000000063	0.10156600215517238	0.07658333333333334
