-0.5951500000000001	0.498186000000004	0.23452441406250002	0.08107142857142857
-0.550875	0.6672249999999948	0.22322021484375	0.1
-0.568025	0.5686410000000066	0.22947216796874997	0.08035714285714286
-0.5767749999999998	0.7285910000000015	0.21276708984374998	0.08160714285714286
-0.5590124999999999	0.5700977500000022	0.22008984374999999	0.07714285714285714
-0.5491250000000001	0.19922499999999843	0.21492626953125002	0.08482142857142858
-0.5474625	0.5587897499999954	0.21553125	0.08
-0.5441374999999999	0.5711277500000023	0.1988671875	0.08875
-0.5227875	0.22931974999999483	0.21243310546875	0.09428571428571429
-0.5768625000000001	0.5959377499999974	0.20989892578125	0.09160714285714286
-0.5528875	0.7007277500000058	0.20851757812500002	0.08321428571428573
-0.5608500000000001	0.532905999999997	0.213041015625	0.08428571428571428
-0.582025	0.7907610000000034	0.20943164062500003	0.07857142857142857
-0.5821125	0.5250777499999941	0.2240712890625	0.07642857142857143
-0.5530625	0.6484437499999984	0.20912841796874998	0.08571428571428572
-0.5920000000000001	0.4826499999999925	0.21832763671875	0.07464285714285714
-0.5782624999999999	0.6481677499999989	0.22729101562499998	0.07625
-0.5787	0.509604000000003	0.22444189453125	0.07535714285714286
-0.5834249999999999	0.6592690000000019	0.21016845703124998	0.07232142857142858
-0.5674999999999999	0.4580000000000055	0.232125	0.07642857142857143
-0.5824625000000001	0.25858974999999873	0.23170166015625002	0.07964285714285714
-0.561725	0.5362609999999961	0.22531933593750003	0.08535714285714285
-0.5611125000000001	0.6209677499999984	0.21056542968750003	0.07357142857142857
-0.56715	0.652395999999996	0.21709423828125002	0.08946428571428572
-0.5418624999999999	0.5448377499999992	0.19942822265625	0.08928571428571429
-0.5623374999999999	0.457279750000005	0.2208134765625	0.08946428571428572
-0.5676749999999999	0.4502990000000011	0.21643505859374998	0.07857142857142857
-0.5954999999999999	0.6624000000000052	0.210638671875	0.07428571428571429
-0.5145625	0.2352437499999951	0.20299951171874997	0.09178571428571429
-0.5331125000000001	0.33718774999999823	0.22921728515625	0.0805357142857143
-0.558225	0.48954100000000267	0.2130673828125	0.07660714285714286
-0.5891124999999999	0.40679775000000973	0.2433779296875	0.06767857142857144
-0.5803624999999999	0.3073977499999998	0.23217187500000003	0.0817857142857143
-0.535825	0.6339390000000051	0.2036806640625	0.08946428571428572
-0.5516625	0.4744097499999995	0.22487109375	0.08767857142857143
-0.5894625	0.45014975000000135	0.23080371093750002	0.07625
-0.5226999999999999	0.549913999999994	0.206923828125	0.08678571428571429
-0.5654874999999999	0.26616775000000104	0.21151318359375	0.07375
-0.5668	0.5802839999999989	0.21374267578125	0.08678571428571429
-0.5693375	0.407539749999998	0.20803857421875	0.07589285714285714
-0.5346875	0.829843750000002	0.19392919921875001	0.0967857142857143
-0.5950625	0.4864437499999923	0.214294921875	0.07678571428571429
-0.5568249999999999	0.5192290000000028	0.21106347656250002	0.09375
-0.5630374999999999	0.41769975000000414	0.21320800781250002	0.08321428571428573
-0.5271625	0.5172197499999953	0.20717724609375	0.08196428571428573
-0.549825	0.3964990000000057	0.2054443359375	0.07767857142857143
-0.5640874999999999	0.4477697500000062	0.225392578125	0.08125
-0.584125	0.2487249999999932	0.22706689453125	0.07232142857142858
-0.5339875000000001	0.45012775000000005	0.21489111328125002	0.08232142857142857
-0.5824625000000001	0.4363397499999948	0.21249316406250002	0.08089285714285714
-0.5489499999999998	0.48921400000000403	0.21580078125	0.07928571428571429
-0.5427374999999999	0.2610277500000038	0.21296923828125	0.08767857142857143
-0.5559499999999999	0.5018439999999984	0.215783203125	0.08374999999999999
-0.5423875	0.48260774999999967	0.2003994140625	0.08571428571428572
-0.5604125	0.5614597500000045	0.22775390624999997	0.08839285714285715
-0.5738000000000001	0.2470039999999969	0.21489257812499998	0.0817857142857143
-0.57345	0.23279399999999129	0.2188623046875	0.07589285714285714
-0.5607624999999998	0.6932177500000023	0.20166796874999998	0.09875
-0.5656625	0.5939897499999987	0.23003173828125	0.07767857142857143
-0.5471999999999999	0.538494	0.21183837890625	0.08428571428571428
-0.545275	0.5497709999999998	0.21407226562499998	0.07607142857142857
-0.55525	0.5341000000000022	0.23016650390625001	0.08410714285714285
-0.5437875000000001	0.4402397499999964	0.22730712890625002	0.09107142857142858
-0.5792249999999999	0.31336100000000044	0.21469775390625	0.07196428571428572
-0.5323249999999999	0.6572990000000019	0.21712353515625002	0.07357142857142857
-0.5927875	0.14096974999999645	0.23476904296875	0.07982142857142857
-0.5352124999999999	0.6133597500000008	0.21070605468750003	0.08535714285714285
-0.517625	0.413774999999994	0.22600048828124997	0.09035714285714286
-0.5557750000000001	0.5859109999999959	0.23146728515624998	0.07482142857142857
-0.5367875	0.1072997499999957	0.18962548828124998	0.08357142857142857
-0.5917375	0.5621177499999988	0.23439111328125	0.08071428571428572
-0.5910374999999999	0.5385097500000029	0.20884716796875002	0.08410714285714285
-0.5702125	0.4056597499999981	0.22981787109375001	0.08410714285714285
-0.543175	1.006729	0.2283515625	0.08428571428571428
-0.579575	0.5324390000000037	0.19925390625	0.08089285714285714
-0.5369625	0.6994497499999923	0.213310546875	0.08160714285714286
-0.5528875	0.38497775000000445	0.21360205078125	0.07107142857142858
-0.5597125000000001	0.3184197499999968	0.21206982421874998	0.08535714285714285
-0.5395000000000001	0.6341499999999911	0.21931640624999998	0.0967857142857143
-0.5656625	0.43823975000000104	0.22012060546875	0.07535714285714286
-0.556475	0.35638099999999895	0.20757275390625002	0.07589285714285714
-0.5949749999999998	0.3684510000000003	0.23333203125000002	0.06642857142857143
-0.5549	0.8607160000000107	0.213076171875	0.08214285714285714
-0.5583125	0.6144937499999941	0.22889208984375	0.09142857142857143
-0.557525	0.44840099999999694	0.21731250000000002	0.08035714285714286
-0.5658375	0.7743097500000076	0.2171015625	0.08267857142857143
-0.5885	0.36660000000000537	0.22416503906250002	0.07803571428571429
-0.568025	0.6273910000000029	0.20806494140624998	0.07946428571428572
-0.536	0.5335999999999999	0.2038623046875	0.07839285714285714
-0.5670625	0.46299374999999543	0.20335400390625002	0.08767857142857143
-0.5889374999999999	0.7544937500000017	0.21996533203125002	0.08535714285714285
-0.5871	0.19680600000000226	0.21145458984375	0.09125
-0.517625	0.6875249999999937	0.19762353515625	0.09357142857142858
-0.5674999999999999	0.4610000000000056	0.22428222656250002	0.07803571428571429
-0.5831625	0.4225897500000002	0.21870410156249998	0.07678571428571429
-0.5456249999999998	0.8218750000000057	0.23309179687499998	0.09303571428571429
-0.5310124999999999	0.5314777500000076	0.198	0.08267857142857143
-0.5642624999999999	0.5226077499999988	0.22011328125000001	0.08142857142857143
-0.5344249999999999	0.5990790000000032	0.21639257812499998	0.08267857142857143
-0.5731875	0.461693750000002	0.20987109375	0.06892857142857144
-0.58325	0.2833999999999932	0.21153662109375	0.07464285714285714
-0.5639125	0.4274297500000017	0.21427294921874998	0.08107142857142857
-0.5745875	0.5242597499999917	0.22444189453125	0.07303571428571429
-0.5954999999999999	0.4341500000000096	0.22339453124999997	0.08392857142857142
-0.5527124999999999	0.7075097499999927	0.21979248046875	0.07535714285714286
-0.5542874999999998	0.6648997500000036	0.21248876953125	0.07517857142857143
-0.5748500000000001	0.6665859999999952	0.19742138671874998	0.08446428571428571
-0.5318	0.6274340000000009	0.2229287109375	0.09125
-0.5542	0.5441739999999982	0.20971142578125002	0.0980357142857143
-0.5842999999999998	0.5185840000000042	0.221525390625	0.08107142857142857
-0.5724875	0.43398775	0.2206875	0.08464285714285714
-0.5737125000000001	0.5018897499999895	0.21971630859375	0.08446428571428571
-0.5481624999999999	0.6743897500000102	0.20600830078125	0.07839285714285714
-0.5848249999999999	0.6641490000000019	0.21551074218750002	0.0875
-0.5376624999999999	0.5177797500000025	0.2011435546875	0.09160714285714286
-0.5681125	0.504287749999996	0.21635302734375	0.07303571428571429
-0.5716124999999999	0.508997750000006	0.216890625	0.09267857142857143
-0.5486	0.5964359999999971	0.21616845703124998	0.08196428571428573
-0.56925	0.5698999999999899	0.21457177734375	0.09232142857142858
-0.5786125	0.5712677500000041	0.22542919921875	0.07946428571428572
-0.5920000000000001	0.622649999999993	0.21455859375000003	0.07535714285714286
-0.5645249999999999	0.584111	0.21781640624999998	0.08357142857142857
-0.546675	0.3441390000000055	0.20247070312499998	0.08535714285714285
-0.5513125000000001	0.4934437499999973	0.19623046875	0.08410714285714285
-0.558225	0.35779099999999886	0.22334472656249998	0.08107142857142857
-0.5618999999999998	0.25612600000000185	0.21656103515625	0.08892857142857143
-0.5804500000000001	0.5697239999999937	0.23708349609374998	0.08446428571428571
-0.5808	0.3830239999999989	0.23570654296875	0.07517857142857143
-0.5534124999999999	0.27586974999999825	0.21433154296875	0.09053571428571429
-0.5406375000000001	0.7316377499999902	0.22606787109375	0.09267857142857143
-0.5661875000000001	0.6879437499999952	0.22179052734375	0.07803571428571429
-0.5276874999999999	0.3802437500000053	0.19493261718750002	0.08875
-0.5691625	0.5630097500000062	0.22196777343750002	0.07660714285714286
-0.5665374999999999	0.32281975000000074	0.22126025390624998	0.08553571428571428
-0.5865749999999998	0.2860690000000048	0.22157373046875	0.07357142857142857
-0.540025	0.3807510000000036	0.22044873046875	0.07535714285714286
-0.5404625000000001	0.7012797499999976	0.20958398437499998	0.08035714285714286
-0.5285625	0.22949374999999606	0.21337353515625002	0.09196428571428572
-0.5555125000000001	0.44100774999999715	0.23161669921875	0.07535714285714286
-0.5482499999999999	0.43065	0.23907861328125002	0.07910714285714286
-0.549825	0.5139990000000054	0.20721093749999997	0.08696428571428572
-0.5751999999999999	0.1382639999999995	0.22627587890625	0.09178571428571429
-0.544575	0.6730389999999957	0.2149482421875	0.09375
-0.583075	0.38502899999999585	0.22075048828125002	0.08767857142857143
-0.5371375	0.6698477500000024	0.22979443359374999	0.07642857142857143
-0.5607624999999998	0.6564677500000045	0.19948681640625	0.08535714285714285
-0.5344249999999999	0.526329000000004	0.20864208984375	0.07535714285714286
-0.5456249999999998	0.2756250000000051	0.20601416015625001	0.08571428571428572
-0.5969	0.6351760000000013	0.216076171875	0.0805357142857143
-0.5185875	0.34077974999999583	0.20413037109375	0.08732142857142858
-0.5747624999999998	0.4457277500000032	0.2230751953125	0.07803571428571429
-0.5490375000000001	0.275219749999998	0.21899999999999997	0.0925
-0.5543750000000001	0.7936249999999916	0.21262353515625002	0.09767857142857143
-0.6074875	0.4478377499999979	0.21647314453125	0.08160714285714286
-0.587275	0.7226309999999927	0.208494140625	0.08571428571428572
-0.5822	0.5783939999999959	0.23126074218749998	0.08089285714285714
-0.5563875	0.5151677499999963	0.22248632812499997	0.07857142857142857
-0.5619875000000001	0.46380775000000085	0.21632666015625002	0.08857142857142858
-0.5888500000000001	0.43446599999999336	0.22087060546875	0.08321428571428573
-0.558575	0.7923490000000015	0.21424951171875	0.08160714285714286
-0.5598000000000001	0.47011400000000236	0.22440234375	0.08946428571428572
-0.5459750000000001	0.3137209999999939	0.22878369140625	0.07589285714285714
-0.5321499999999999	0.31809600000000415	0.20784667968749998	0.09232142857142858
-0.5513999999999999	0.5294359999999969	0.22141845703125002	0.08660714285714285
-0.5559499999999999	0.5175940000000026	0.22087060546875	0.08571428571428572
-0.5450124999999999	0.7319377500000073	0.22957617187499998	0.09446428571428572
-0.5273375	0.7994797500000033	0.19304736328125	0.09571428571428572
-0.5609374999999999	0.29584375000000307	0.22113134765625	0.07517857142857143
-0.5729249999999999	0.45258899999999613	0.22803808593750002	0.07446428571428572
-0.5789624999999998	0.4551097500000054	0.19967578125000002	0.07803571428571429
-0.571175	0.3373589999999922	0.20937304687499997	0.07678571428571429
-0.5318	0.6114340000000027	0.21688769531250002	0.08285714285714287
-0.5402	0.5666140000000013	0.22869726562499998	0.08642857142857142
-0.5596249999999998	0.41047499999999815	0.20832861328125	0.08446428571428571
-0.5520999999999998	0.4363560000000035	0.21701806640625002	0.07142857142857144
-0.562425	0.4532090000000082	0.22234716796874998	0.07232142857142858
-0.5679375	0.3937437499999987	0.20030712890625	0.08071428571428572
-0.5313625	0.6419077499999943	0.19480371093749999	0.09196428571428572
-0.5664500000000001	0.4366640000000004	0.21684521484374997	0.0805357142857143
-0.5577875000000001	0.611019749999997	0.21406347656249997	0.08339285714285714
-0.58745	0.39270399999999483	0.20423730468749998	0.08607142857142858
-0.557175	0.6030689999999979	0.20796533203125	0.08
-0.56505	0.6488539999999929	0.21001025390625	0.08214285714285714
-0.5664500000000001	0.23191399999999618	0.22009716796874998	0.07857142857142857
-0.5772999999999999	0.4506640000000033	0.23038916015625	0.08017857142857143
-0.587275	0.29338099999999656	0.22386474609374998	0.07696428571428572
-0.55525	0.5885999999999996	0.20188037109375	0.08714285714285715
-0.5826374999999999	0.7267177500000059	0.24564697265625	0.07285714285714286
-0.5599750000000001	0.6247509999999963	0.19675927734374998	0.08892857142857143
-0.5417750000000001	0.7167910000000006	0.20072753906250002	0.09357142857142858
-0.5759875000000001	0.6329477499999996	0.21049658203125002	0.08392857142857142
-0.5655749999999999	0.3080789999999922	0.219158203125	0.07928571428571429
-0.577825	0.6439689999999985	0.21896044921875002	0.0775
-0.5849125	0.3596997500000043	0.22824609375	0.06589285714285714
-0.5530625	0.543943750000004	0.19759423828125	0.0825
-0.5523624999999999	0.5080677500000093	0.21297509765625	0.08107142857142857
-0.5408124999999999	0.3389937500000002	0.22519042968749997	0.08857142857142858
-0.58115	0.4330659999999966	0.223435546875	0.07321428571428572
-0.5868374999999999	0.6126897500000013	0.22378417968750003	0.07089285714285715
-0.5440499999999999	0.5223439999999968	0.2215224609375	0.07678571428571429
-0.5620749999999999	0.49998899999999935	0.2299541015625	0.08125
-0.5704750000000001	0.575060999999998	0.2140576171875	0.07517857142857143
-0.5712625	0.2642377499999995	0.21720117187500002	0.07142857142857144
-0.5584875	0.4491477500000016	0.22933740234375	0.08321428571428573
-0.5386249999999999	0.5372750000000011	0.21342333984375	0.07285714285714286
-0.5884125	0.2965697500000033	0.20114208984374998	0.07589285714285714
-0.5434375	0.45684374999999733	0.22359814453125	0.07910714285714286
-0.5873625	0.35241775000000786	0.23392236328125	0.08392857142857142
-0.5325875	0.4245997499999987	0.2105390625	0.09892857142857144
-0.5604125	0.5149597500000027	0.19448291015625	0.07035714285714287
-0.5103625	0.7024477499999975	0.2053271484375	0.09160714285714286
-0.5542874999999998	0.4688997499999985	0.21486181640625002	0.07964285714285714
-0.5718749999999999	0.774124999999998	0.20814404296875	0.08857142857142858
-0.5397624999999999	0.3668277500000059	0.2196298828125	0.08803571428571429
-0.5868374999999999	0.43893975000000296	0.215748046875	0.08232142857142857
-0.5341625000000001	0.5583097499999994	0.20835498046875	0.08767857142857143
-0.559275	0.5204409999999982	0.20422412109375	0.08321428571428573
-0.5987374999999999	0.35368774999999886	0.22034326171875	0.08571428571428572
-0.6058250000000001	0.17848900000000611	0.23943896484375	0.07714285714285714
-0.5595375	0.20827975000000265	0.20868603515625	0.08410714285714285
-0.5420375	0.5579297499999996	0.19687939453124997	0.09089285714285715
-0.5374874999999999	0.32338775000000197	0.21499951171874998	0.08499999999999999
-0.5620749999999999	0.6489890000000003	0.211986328125	0.09732142857142859
-0.5596249999999998	0.31047500000000383	0.2216865234375	0.08
-0.556125	0.6222750000000019	0.2183291015625	0.08482142857142858
-0.55	0.5747500000000016	0.21991113281250002	0.08732142857142858
-0.5679375	0.2517437499999957	0.207328125	0.08857142857142858
-0.5547249999999999	0.4490210000000019	0.21267919921875	0.07910714285714286
-0.56785	0.551095999999994	0.21131982421875	0.08267857142857143
-0.547725	0.7063309999999987	0.21225146484375	0.08607142857142858
-0.5451000000000001	0.5842159999999907	0.22191357421875	0.08196428571428573
-0.5695999999999999	0.4447060000000036	0.20904052734375	0.08428571428571428
-0.55735	0.5242360000000019	0.20818798828124999	0.08285714285714287
-0.5609374999999999	0.4515937500000007	0.20893212890625001	0.08428571428571428
-0.5493874999999999	0.4514877499999983	0.21263525390625	0.08071428571428572
-0.5718749999999999	0.7006250000000023	0.22408154296875002	0.07517857142857143
-0.6165874999999998	0.7447197500000016	0.23071728515624998	0.07803571428571429
-0.5742375	0.28256775000000545	0.21465673828124998	0.08517857142857142
-0.5038	0.4085540000000023	0.21052880859375	0.09392857142857143
-0.5299625000000001	0.5388897499999956	0.19999951171874997	0.08589285714285715
-0.5385374999999999	0.31195974999999976	0.22836181640625003	0.09232142857142858
-0.564875	0.594025000000002	0.21805078125	0.0805357142857143
-0.5558624999999999	0.5528777499999933	0.23113623046874998	0.07553571428571429
-0.5398499999999999	0.6918859999999967	0.221138671875	0.08160714285714286
-0.5949749999999998	0.2264510000000044	0.24169189453125	0.07857142857142857
-0.5621624999999999	0.5784197500000019	0.21199218749999998	0.07285714285714286
-0.5756374999999998	0.2072877500000061	0.2083857421875	0.08232142857142857
-0.5569124999999999	0.3056897499999991	0.20942138671875	0.08374999999999999
-0.5537624999999999	0.4120377500000032	0.20611230468749997	0.07642857142857143
-0.5605875	0.2288397499999988	0.21504638671875	0.08071428571428572
-0.5570875	0.37010974999999746	0.22974462890625	0.08785714285714286
-0.5478125	0.662343749999998	0.21479296875	0.07250000000000001
-0.500475	0.3036610000000053	0.19911181640624998	0.09017857142857143
-0.589375	0.40287500000000165	0.22447119140625	0.07071428571428572
-0.5444	0.6347260000000006	0.21907177734375	0.08464285714285714
-0.551925	0.7208789999999965	0.20670556640624999	0.07696428571428572
-0.599175	0.470039000000007	0.21221337890625003	0.08732142857142858
-0.5683750000000001	0.49022499999999525	0.21215185546875	0.08553571428571428
-0.5725749999999998	0.5023590000000056	0.20977734375	0.08285714285714287
-0.569075	0.4018690000000049	0.22095117187500002	0.07535714285714286
-0.5855250000000001	0.4387909999999948	0.24668701171875002	0.07321428571428572
-0.5164875	0.6443277499999951	0.203126953125	0.07464285714285714
-0.53565	0.288025999999995	0.22412988281250001	0.08946428571428572
-0.5685499999999999	0.44826400000000177	0.22963916015625	0.07178571428571429
-0.5635625	0.3502437500000042	0.21679394531249999	0.09160714285714286
-0.5536749999999999	0.5545589999999976	0.21642480468750003	0.07803571428571429
-0.556125	0.29152500000000003	0.23814843749999998	0.07821428571428572
-0.5599750000000001	0.3635009999999923	0.21086425781249998	0.08928571428571429
-0.554025	0.3209710000000072	0.20927490234375	0.09482142857142858
-0.5572625	0.4437777499999953	0.22131738281250002	0.08642857142857142
-0.5321499999999999	0.3680960000000013	0.21757470703125	0.08035714285714286
-0.5569124999999999	0.865189749999999	0.2152265625	0.08821428571428572
-0.5773874999999999	0.1927577499999913	0.23499169921875	0.07535714285714286
-0.5927	0.5007140000000021	0.2349697265625	0.08892857142857143
-0.5668	0.3100339999999946	0.22537353515624997	0.07732142857142857
-0.5373125000000001	0.6374937499999973	0.21573486328125002	0.08857142857142858
-0.575375	0.36522500000000946	0.23366015625	0.08035714285714286
-0.5673250000000001	0.3796989999999951	0.222533203125	0.07321428571428572
-0.5814124999999999	0.35327974999999867	0.214740234375	0.07446428571428572
-0.5595375	0.4675297500000042	0.22392041015625	0.08160714285714286
-0.5777375	0.31037774999999357	0.21754833984375	0.07821428571428572
-0.5867499999999999	0.5561500000000024	0.22583349609375003	0.07142857142857144
-0.5584	0.5269459999999953	0.20183056640624997	0.09071428571428572
-0.547375	0.5915249999999972	0.20185400390625002	0.09285714285714286
-0.5559499999999999	0.21234400000000164	0.21948779296874998	0.08553571428571428
-0.5705624999999999	0.3406937500000069	0.223330078125	0.07642857142857143
-0.574675	0.588118999999999	0.20687988281249997	0.08428571428571428
-0.57135	0.4083660000000009	0.20986376953125	0.07785714285714286
-0.5566500000000001	0.5560559999999981	0.22557714843749999	0.09321428571428572
-0.5601499999999999	0.2778860000000023	0.2098037109375	0.08732142857142858
-0.5651375000000001	0.35276774999999816	0.21152490234375002	0.07464285714285714
-0.5738874999999999	0.7331177500000052	0.2168466796875	0.07035714285714287
-0.5640000000000001	0.890349999999998	0.22147412109375003	0.08196428571428573
-0.582025	0.35401099999999985	0.20662939453125	0.09732142857142859
-0.597775	0.32297100000000967	0.22094384765624997	0.07928571428571429
-0.5584	0.7904459999999958	0.2087080078125	0.07303571428571429
-0.5773874999999999	0.352757749999995	0.22060546874999998	0.08785714285714286
-0.5416874999999999	0.5312437500000016	0.22205712890625	0.08142857142857143
-0.5728374999999999	0.5909697500000064	0.2243642578125	0.07875
-0.551925	0.4256289999999936	0.22385595703125	0.07607142857142857
-0.5697750000000001	0.5257309999999933	0.222046875	0.07482142857142857
-0.54965	0.49799600000000055	0.23663671875000003	0.07892857142857143
-0.5429124999999999	0.4936097499999974	0.20455224609375	0.08357142857142857
-0.546325	0.6403089999999949	0.21568212890625	0.0805357142857143
-0.5619875000000001	0.49930774999999983	0.21084375	0.0975
-0.5506125	0.5502377500000009	0.21122021484375003	0.08321428571428573
-0.5920874999999999	0.49415975000000145	0.227888671875	0.07660714285714286
-0.5933124999999999	0.20274375000001044	0.2231455078125	0.08107142857142857
-0.5696874999999999	0.27959375000000364	0.22716503906250002	0.075
-0.541075	0.3853989999999996	0.21135498046875	0.08017857142857143
-0.5945374999999999	0.176979750000001	0.2420654296875	0.0805357142857143
-0.5842125	0.47177974999999606	0.22189013671875002	0.06571428571428571
-0.5372249999999998	0.6044210000000021	0.23450390625	0.08607142857142858
-0.5625125	0.4053877499999956	0.203841796875	0.075
-0.5373999999999999	0.7615659999999949	0.2084267578125	0.0925
-0.555075	0.671159000000003	0.2206611328125	0.08839285714285715
-0.5398499999999999	0.26938599999999724	0.22815380859374998	0.09178571428571429
-0.5951500000000001	0.28543600000000424	0.21121728515625	0.08160714285714286
-0.5558624999999999	0.49187774999999334	0.217845703125	0.08642857142857142
-0.5718749999999999	0.6478749999999991	0.2296142578125	0.0875
-0.5642624999999999	0.3088577500000014	0.19800146484375003	0.08875
-0.593925	0.3442489999999978	0.22144921874999998	0.07553571428571429
-0.5478125	0.41184375000000273	0.2299453125	0.07821428571428572
-0.5717875000000001	0.5172497499999977	0.228533203125	0.07267857142857143
-0.5283875	0.7062477499999957	0.20159765624999998	0.08696428571428572
-0.546675	0.49538900000000297	0.205095703125	0.08803571428571429
-0.559275	0.244690999999996	0.21800537109374998	0.07785714285714286
-0.538975	0.44303099999999773	0.22126904296875	0.09089285714285715
-0.558225	0.5237910000000028	0.21403271484375	0.07839285714285714
-0.5310124999999999	0.39522775000000365	0.2295673828125	0.08839285714285715
-0.569075	0.49061900000000236	0.23217919921875002	0.0775
-0.5647	0.532194000000004	0.21950830078125	0.0825
-0.560675	0.5837789999999998	0.21896923828125	0.08696428571428572
-0.5352124999999999	0.4623597500000045	0.21828222656250001	0.09089285714285715
-0.55175	0.3364000000000047	0.20403076171875	0.08267857142857143
-0.56155	0.5648940000000024	0.21328271484375	0.08732142857142858
-0.5605	0.5156500000000008	0.22360693359375	0.07857142857142857
-0.5222624999999999	0.5383777500000022	0.207416015625	0.08803571428571429
-0.5652249999999999	0.6024310000000028	0.21387744140625	0.08285714285714287
-0.5149999999999999	0.43950000000000244	0.211353515625	0.09375
-0.5628625	0.7228477499999997	0.2079814453125	0.08339285714285714
-0.5590124999999999	0.48459774999999894	0.20360742187500003	0.08196428571428573
-0.5568249999999999	0.6354790000000037	0.19553173828125	0.0875
-0.579925	0.5692589999999953	0.22171142578124997	0.07928571428571429
-0.5408124999999999	0.5892437500000014	0.2180009765625	0.08482142857142858
-0.5288249999999999	0.5746090000000024	0.2168583984375	0.08803571428571429
-0.5676749999999999	0.47679899999999975	0.22062744140625	0.08125
-0.5793999999999999	0.626025999999996	0.20762109374999999	0.07321428571428572
-0.582025	0.4432609999999997	0.20552343750000002	0.0825
-0.5300499999999999	0.6120039999999989	0.213146484375	0.08464285714285714
-0.5331999999999999	0.5317840000000018	0.198	0.08374999999999999
-0.55385	0.5825159999999983	0.20611083984375	0.08232142857142857
-0.566975	0.6043409999999909	0.20184814453125	0.08142857142857143
-0.5647	0.6006940000000043	0.233607421875	0.07678571428571429
-0.5912999999999999	0.7233040000000059	0.21721728515625	0.08607142857142858
-0.5869249999999999	0.30672899999999714	0.212970703125	0.07696428571428572
-0.54545	0.9418239999999969	0.20848535156249998	0.08482142857142858
-0.5610249999999999	0.2535310000000024	0.22785205078124998	0.08464285714285714
-0.58185	0.4771259999999984	0.223376953125	0.07410714285714286
-0.5915625	0.5275937500000012	0.23591748046875	0.07946428571428572
-0.55525	0.3578499999999991	0.22317041015625	0.09303571428571429
-0.5725749999999998	0.5046090000000092	0.22783740234375	0.08125
-0.5483374999999999	0.496409749999998	0.22118994140624998	0.07910714285714286
-0.552975	0.4814609999999959	0.22477441406249998	0.07428571428571429
-0.5728374999999999	0.7089697500000014	0.21139892578125	0.07821428571428572
-0.5396749999999999	0.3837690000000009	0.22467919921875001	0.07821428571428572
-0.5704750000000001	0.49231100000000083	0.22357763671874997	0.07482142857142857
-0.5683750000000001	0.4612249999999918	0.21928564453125002	0.07714285714285714
-0.5478125	0.6263437499999966	0.2309384765625	0.08571428571428572
-0.5483374999999999	0.31365974999999935	0.22988085937499997	0.10285714285714286
-0.5741499999999999	0.33520599999999945	0.20866113281249998	0.07464285714285714
-0.5741499999999999	0.4697060000000022	0.22218310546874998	0.08267857142857143
-0.5415999999999999	0.5299459999999954	0.21985546875	0.09303571428571429
-0.5689875	0.6117277499999929	0.22364648437499998	0.09642857142857143
-0.5441374999999999	0.5066277499999998	0.20368945312499998	0.07892857142857143
-0.5427374999999999	0.5187777499999982	0.20715234375	0.09142857142857143
-0.5535874999999999	0.6793297500000008	0.22142138671875	0.08232142857142857
-0.5408999999999999	0.7792959999999951	0.21600732421875002	0.08928571428571429
-0.5406375000000001	0.5198877499999952	0.22688818359375001	0.09357142857142858
-0.557175	0.5955689999999976	0.21022998046875	0.08374999999999999
-0.5682	0.42893399999999815	0.2146494140625	0.07982142857142857
-0.5386249999999999	0.6032750000000036	0.20413623046875	0.09196428571428572
-0.562775	0.3894209999999987	0.22565625	0.07303571428571429
-0.57345	0.5115439999999936	0.23085498046875003	0.08446428571428571
-0.5388	0.6859040000000007	0.2229873046875	0.09214285714285715
-0.5682	0.5201840000000004	0.21698437499999998	0.07553571428571429
-0.571175	0.3828589999999963	0.23205322265625	0.07714285714285714
-0.5836874999999999	0.4441937499999966	0.21907031249999998	0.0805357142857143
-0.5639125	0.7854297499999987	0.205681640625	0.07660714285714286
-0.5992625	0.5210077499999954	0.23767382812500001	0.08714285714285715
-0.571175	0.42985899999999333	0.23452294921875	0.07517857142857143
-0.5727499999999999	0.38485000000000014	0.23455078125	0.07785714285714286
-0.5653125000000001	0.48759374999999494	0.220546875	0.07839285714285714
-0.5503499999999999	0.4404960000000031	0.21585937500000002	0.07821428571428572
-0.54965	0.6197459999999992	0.21204492187500001	0.08517857142857142
-0.5709124999999999	0.680219749999992	0.22065966796875	0.08982142857142858
-0.6052124999999999	0.21595974999999612	0.22862548828124998	0.07303571428571429
-0.55175	0.7584000000000017	0.20855712890625	0.09125
-0.544225	0.3206610000000012	0.2341142578125	0.07696428571428572
-0.5605875	0.7395897500000004	0.22612060546875	0.06982142857142858
-0.5367	0.5539739999999895	0.22433203125	0.08410714285714285
-0.5542	0.5384239999999991	0.21854443359375003	0.06982142857142858
-0.5572625	0.33477775000000065	0.21810498046875	0.07625
-0.556475	0.4338809999999995	0.23424755859375002	0.07785714285714286
-0.5589249999999999	0.674398999999994	0.20350195312500002	0.08321428571428573
-0.5805374999999999	0.49029974999999837	0.2147724609375	0.07946428571428572
-0.557525	0.6319009999999992	0.22487255859375	0.07571428571428572
-0.536875	0.6623750000000044	0.21049804687499998	0.08517857142857142
-0.5159625000000001	0.43841975000000133	0.22120751953125	0.08464285714285714
-0.5563875	0.41416774999999717	0.22855664062499997	0.08410714285714285
-0.5966374999999999	0.732227750000007	0.20629248046875	0.08714285714285715
-0.54545	0.6738239999999962	0.21312158203125003	0.07678571428571429
-0.5736249999999998	0.5872750000000053	0.216533203125	0.0805357142857143
-0.55175	0.3631500000000045	0.21047314453125	0.07785714285714286
-0.5367875	0.4332997499999962	0.21783837890625002	0.08571428571428572
-0.5719624999999999	0.2932497500000082	0.22601513671875	0.08499999999999999
-0.540375	0.7024749999999997	0.21661669921875001	0.08
-0.5852625	0.37464775000000117	0.22343408203125	0.07857142857142857
-0.5485125	0.48367774999999114	0.21026806640625	0.08589285714285715
-0.556125	0.5447750000000013	0.2051630859375	0.07928571428571429
-0.5387124999999999	0.3438397500000008	0.23325	0.08125
-0.5645249999999999	0.4961109999999991	0.21692578125	0.08446428571428571
-0.5512249999999999	0.47845100000000684	0.21393310546875	0.07482142857142857
-0.547725	0.6453309999999988	0.2136064453125	0.08357142857142857
-0.5689875	0.3657277499999978	0.2066396484375	0.07250000000000001
-0.5494749999999999	0.4274909999999963	0.2220615234375	0.08160714285714286
-0.5544625000000001	0.6898497500000005	0.21575390625000002	0.07642857142857143
-0.542125	0.4534749999999974	0.21967822265625003	0.08464285714285714
-0.5677625	0.479947750000008	0.21226757812499997	0.08964285714285715
-0.5528	0.4519939999999991	0.22560498046875	0.07732142857142857
-0.5411625	0.5816997500000056	0.19598730468750003	0.08607142857142858
-0.5559499999999999	0.732844	0.2204912109375	0.08910714285714286
-0.5553375	0.7225697499999981	0.1955888671875	0.08160714285714286
-0.5695125000000001	0.5815677499999907	0.20087988281249997	0.09375
-0.5536749999999999	0.3488089999999957	0.22718554687500003	0.07946428571428572
-0.5507	0.5999840000000063	0.20449658203125	0.0825
-0.5809749999999998	0.65667100000001	0.24041748046875	0.0775
-0.5718749999999999	0.7171250000000029	0.20717431640625	0.08589285714285715
-0.578525	0.5879309999999975	0.2257998046875	0.0875
-0.550875	0.397475	0.22038427734375002	0.07375
-0.5920874999999999	0.5606597499999992	0.20014306640625001	0.08339285714285714
-0.5767749999999998	0.4770910000000015	0.22390429687500002	0.07607142857142857
-0.548775	0.4064509999999899	0.2218212890625	0.08232142857142857
-0.5876249999999998	0.16477499999999878	0.22375341796874998	0.07446428571428572
-0.5749374999999999	0.40069375000000207	0.21121435546875	0.06892857142857144
-0.5562999999999998	0.4919540000000069	0.22654248046874997	0.07875
-0.5471125000000001	0.21697774999999098	0.21767724609375	0.09089285714285715
-0.58535	0.678446000000001	0.2278154296875	0.07660714285714286
-0.5541125	0.43969774999999345	0.22636669921874997	0.07517857142857143
-0.5871	0.3888060000000024	0.24469775390624998	0.07089285714285715
-0.542125	0.6042249999999996	0.20403662109374998	0.10589285714285714
-0.5470249999999999	0.3812110000000075	0.21416748046875	0.07660714285714286
-0.5618125	0.30369375000000076	0.21386279296875002	0.08357142857142857
-0.572225	0.42037100000000294	0.22102001953125	0.08267857142857143
-0.5628625	0.2395977500000015	0.22728222656249997	0.08374999999999999
-0.5269874999999999	0.44245774999999554	0.20414501953125	0.08071428571428572
-0.5537624999999999	0.6610377500000055	0.21778124999999998	0.07767857142857143
-0.5630374999999999	0.5349497500000027	0.2031943359375	0.09035714285714286
-0.5453625	0.5855477500000106	0.215947265625	0.09321428571428572
-0.6087125	0.33193975000000364	0.22526513671875	0.06892857142857144
-0.6136124999999999	0.22586774999999903	0.21190136718749997	0.08732142857142858
-0.59585	0.3981060000000056	0.22604150390625	0.07107142857142858
-0.5587499999999999	0.4510000000000076	0.22826953125	0.07678571428571429
-0.5716999999999999	0.25762400000000696	0.21210937500000002	0.10982142857142857
-0.5781749999999999	0.7495790000000113	0.2226240234375	0.08285714285714287
-0.561375	0.5897749999999959	0.21884765625000002	0.08160714285714286
-0.5765125	0.5827977499999903	0.21127441406249997	0.09339285714285715
-0.5968125	0.6161937499999937	0.20037158203125	0.07232142857142858
-0.5618999999999998	0.6363759999999985	0.200080078125	0.08125
-0.5687249999999999	0.5030509999999921	0.2064228515625	0.08642857142857142
-0.5887624999999999	0.3686877499999994	0.22895800781249998	0.07410714285714286
-0.5503499999999999	0.26149600000000106	0.21277148437500001	0.07660714285714286
-0.5876249999999998	0.21102499999999935	0.2285771484375	0.08017857142857143
-0.5528	0.4554940000000016	0.19908984375	0.07625
-0.5922624999999999	0.23442775000000182	0.2404833984375	0.07517857142857143
-0.579575	0.23118900000000053	0.23202832031249998	0.07464285714285714
-0.5428249999999999	0.32931900000000525	0.21473291015625	0.07910714285714286
-0.5572625	0.5820277500000017	0.206490234375	0.09053571428571429
-0.6165874999999998	0.5259697500000016	0.2332412109375	0.06642857142857143
-0.56365	0.49841599999999886	0.2096015625	0.08321428571428573
-0.5324125	0.3506497500000023	0.21999169921875	0.08857142857142858
-0.5996999999999999	0.457094000000005	0.22920703125000003	0.08107142857142857
-0.5623374999999999	0.21052974999999918	0.23021044921875	0.08553571428571428
-0.5643499999999999	0.6702760000000012	0.21638671874999998	0.08464285714285714
-0.5566500000000001	0.4378059999999948	0.226083984375	0.09053571428571429
-0.5512249999999999	0.23920100000000843	0.20697363281250003	0.08607142857142858
-0.6059124999999999	0.5539197500000057	0.22911181640625	0.07571428571428572
-0.540025	0.26900100000000293	0.2026376953125	0.07589285714285714
-0.55735	0.4414859999999976	0.21967822265625003	0.09160714285714286
-0.5568249999999999	0.5012290000000021	0.22024365234375	0.09160714285714286
-0.5633874999999999	0.45764774999999247	0.20545019531249997	0.08678571428571429
-0.573275	0.2505609999999976	0.23576513671875002	0.08
-0.58185	0.4971259999999944	0.23140136718749998	0.08142857142857143
-0.5637375	0.4133377499999966	0.23729736328125	0.08089285714285714
-0.574325	0.47742900000000077	0.21214746093749998	0.07607142857142857
-0.5467624999999998	0.5129077500000037	0.23172070312499998	0.08875
-0.5948875	0.2734577499999986	0.23149072265625	0.06964285714285715
-0.5631250000000001	0.6641249999999985	0.2321162109375	0.08392857142857142
-0.5787875	0.6184397500000003	0.21863232421874998	0.07303571428571429
-0.5744125	0.4002897499999989	0.22703173828125	0.08607142857142858
-0.555075	0.695408999999998	0.22471142578124997	0.07857142857142857
-0.58535	0.5344460000000026	0.22748583984374998	0.0875
-0.5381875	0.6706937499999981	0.22438623046875	0.0830357142857143
-0.5647875	0.34210974999999877	0.21393164062500003	0.08017857142857143
-0.571175	0.551608999999992	0.21444580078125003	0.06875
-0.55105	0.5612139999999926	0.22651318359375	0.07857142857142857
-0.5549875	0.31968774999999994	0.22025830078125	0.08125
-0.5645249999999999	0.5421109999999985	0.21973974609374997	0.08321428571428573
-0.55945	0.595333999999994	0.22066845703125	0.08374999999999999
-0.560675	0.32927899999999966	0.2164833984375	0.07392857142857143
-0.5371375	0.8635977500000038	0.23238720703125	0.07589285714285714
-0.5724875	0.42548775000000205	0.220658203125	0.07785714285714286
-0.5461499999999999	0.6112660000000005	0.22188574218749998	0.0825
-0.54965	0.7492459999999994	0.222779296875	0.08267857142857143
-0.5891124999999999	0.40904775000000626	0.20659716796875	0.08125
-0.5577875000000001	0.49326974999999607	0.22548046875	0.07839285714285714
-0.5683750000000001	0.5774749999999926	0.21364892578125	0.09107142857142858
-0.5509624999999998	0.35296975000000685	0.22453857421875	0.08767857142857143
-0.5460624999999999	0.790493749999996	0.22405078125	0.08678571428571429
-0.5686374999999999	0.5654077500000056	0.2136181640625	0.08142857142857143
-0.569075	0.6218690000000038	0.22090869140624997	0.0805357142857143
-0.5605	0.5151499999999984	0.20471044921874998	0.07178571428571429
-0.5593625	0.6841377499999979	0.21005859375000002	0.09125
-0.5562999999999998	0.66820400000001	0.20707763671875	0.08678571428571429
-0.56575	0.47990000000000066	0.21823242187499997	0.08678571428571429
-0.5796625	0.15251974999999618	0.214541015625	0.08196428571428573
-0.5834249999999999	0.2350190000000012	0.22897265625000002	0.08142857142857143
-0.5235749999999999	0.49694900000000075	0.20681103515625	0.07428571428571429
-0.5781749999999999	0.6940790000000092	0.19530908203124997	0.075
-0.5724875	0.4094877499999967	0.21755126953124998	0.08892857142857143
-0.5672374999999998	0.4000477500000059	0.2137294921875	0.08107142857142857
-0.5574375	0.46394374999999854	0.23125341796874999	0.075
-0.5651375000000001	0.3315177500000033	0.22285986328125001	0.08142857142857143
-0.5623374999999999	0.4912797500000039	0.21417333984375	0.08160714285714286
-0.5739749999999999	0.5782310000000024	0.21587548828125003	0.07517857142857143
-0.5420375	0.32267974999999893	0.22296240234375	0.08285714285714287
-0.548775	0.6114509999999953	0.22564453125	0.08892857142857143
-0.5891124999999999	0.4220477500000044	0.22137597656250002	0.07089285714285715
-0.5449249999999999	0.5781589999999994	0.22349999999999998	0.09035714285714286
-0.5879749999999999	0.8854110000000048	0.20951513671875	0.07839285714285714
-0.58955	0.5711739999999992	0.20297021484375	0.07732142857142857
-0.5516625	0.5736597500000045	0.215208984375	0.07964285714285714
-0.5543750000000001	0.48237499999999756	0.22902978515625	0.09017857142857143
-0.5968125	0.04619374999999337	0.21907324218750002	0.07875
-0.5589249999999999	0.5423989999999961	0.20405126953125002	0.08767857142857143
-0.5499125	0.510499750000001	0.22917187500000002	0.08571428571428572
-0.5959375	0.224843749999998	0.22163525390625	0.09142857142857143
-0.5646125	0.5432777500000014	0.20958544921875	0.07892857142857143
-0.5717875000000001	0.5149997499999941	0.20236083984375003	0.08107142857142857
-0.5685499999999999	0.3855140000000006	0.24512841796875	0.07357142857142857
-0.5754625	0.465079750000001	0.21339404296874998	0.0875
-0.54335	0.65080600000001	0.217294921875	0.08392857142857142
-0.58605	0.3795639999999949	0.20188330078125	0.08321428571428573
-0.5758125000000001	0.35449374999999606	0.2241328125	0.09035714285714286
-0.5338125	0.41194374999999894	0.19667138671875	0.0825
-0.5364375000000001	0.29199374999999606	0.19960400390625	0.08785714285714286
-0.5741499999999999	0.22495599999999882	0.2287646484375	0.075
-0.5992625	0.40950774999999595	0.19981494140625	0.08
-0.5539375	0.26099375000000435	0.22309863281249998	0.08821428571428572
-0.5416874999999999	0.5192437500000011	0.205904296875	0.08696428571428572
-0.5759875000000001	0.40169774999999674	0.217470703125	0.07357142857142857
-0.5600624999999999	0.6636937500000002	0.23205175781249998	0.07214285714285715
-0.560675	0.2855289999999968	0.2062265625	0.0875
-0.5658375	0.5453097500000084	0.20419921875000002	0.09875
-0.5688124999999999	0.4656937499999998	0.22907080078124997	0.08392857142857142
-0.5413375	0.6262997500000012	0.2099443359375	0.07660714285714286
-0.5668	0.3555339999999987	0.23487744140625	0.08767857142857143
-0.5809749999999998	0.368421000000005	0.2343134765625	0.07303571428571429
-0.548775	0.6354509999999962	0.21022558593750001	0.08125
-0.5408124999999999	0.45824375000000117	0.23583984375	0.08285714285714287
-0.5388	0.40365400000000307	0.21065039062500002	0.07642857142857143
-0.5865749999999998	0.5295690000000022	0.224771484375	0.08446428571428571
-0.5714374999999998	0.9979937499999991	0.22355859375000003	0.08696428571428572
-0.5766	0.3391459999999995	0.21049218749999998	0.07642857142857143
-0.5726625000000001	0.6637297499999946	0.21922119140625002	0.07982142857142857
-0.5626	0.24181600000000003	0.20540771484374998	0.09375
-0.5411625	0.49719975000000005	0.21505664062500002	0.07821428571428572
-0.5468500000000001	0.46317599999999715	0.21237158203125	0.08660714285714285
-0.55385	0.28426600000000235	0.22078124999999998	0.09196428571428572
-0.5325	0.5222499999999997	0.19912646484375002	0.08392857142857142
-0.5287374999999999	0.5497377499999985	0.21640283203125	0.07964285714285714
-0.5684625000000001	0.47761975000000234	0.23504736328125	0.07392857142857143
-0.5716124999999999	0.4399977500000034	0.22870166015625001	0.07410714285714286
-0.59165	0.4333559999999963	0.20846923828125	0.08446428571428571
-0.5444875	0.6202577500000004	0.20822460937499998	0.08964285714285715
-0.5725749999999998	0.5746090000000095	0.2269130859375	0.07892857142857143
-0.5623374999999999	0.7375297500000002	0.22714892578125	0.08160714285714286
-0.5414249999999998	0.3760990000000035	0.21439306640625	0.09392857142857143
-0.5626875	0.507743750000003	0.2347529296875	0.08642857142857142
-0.5822874999999998	0.5812097499999993	0.23327050781250003	0.08196428571428573
-0.5443125	0.32169374999999434	0.20966455078125001	0.08017857142857143
-0.5440499999999999	0.4433439999999962	0.22912207031249998	0.08964285714285715
-0.5717875000000001	0.5179997499999942	0.21228076171875	0.08
-0.5835999999999999	0.4626359999999963	0.23681982421875003	0.07321428571428572
-0.5369625	0.5679497499999897	0.2086201171875	0.08232142857142857
-0.5792249999999999	0.9111109999999982	0.21585205078124997	0.08642857142857142
-0.5641750000000001	0.6056889999999981	0.2200693359375	0.09035714285714286
-0.5490375000000001	0.3677197499999991	0.22772607421875002	0.06910714285714287
-0.5738000000000001	0.6522539999999992	0.2133076171875	0.07642857142857143
-0.5633874999999999	0.679897749999995	0.22895654296874998	0.07875
-0.5751999999999999	0.47326400000000035	0.22462939453125003	0.08160714285714286
-0.5554249999999998	0.6340390000000014	0.19557275390625	0.09482142857142858
-0.5716999999999999	0.6163740000000075	0.20231835937500003	0.08232142857142857
-0.5457125	0.6416497499999991	0.21785009765625	0.07625
-0.5885875	0.6336297499999972	0.2236845703125	0.07803571428571429
-0.5408999999999999	0.5800459999999887	0.20193603515624997	0.07857142857142857
-0.551925	0.4391289999999941	0.20395751953125002	0.08696428571428572
-0.5693375	0.4735397499999934	0.21605712890625	0.09303571428571429
-0.6055625	0.5414437499999991	0.20379345703124999	0.06982142857142858
-0.5663624999999999	0.4940077500000015	0.21938818359375	0.07446428571428572
-0.5562125	0.573239749999999	0.21258398437499998	0.07267857142857143
-0.55	0.6890000000000001	0.20892333984375	0.08339285714285714
-0.5767749999999998	0.2885910000000038	0.22764843749999997	0.07517857142857143
-0.5877124999999999	0.6003097500000081	0.21750732421875002	0.07660714285714286
-0.53285	0.43089599999999706	0.1998662109375	0.0830357142857143
-0.5240125	0.6004477500000078	0.21546533203125	0.08982142857142858
-0.5543750000000001	0.37887499999999363	0.20541503906249997	0.09696428571428573
-0.5425624999999998	0.744193750000008	0.20990771484374998	0.0825
-0.5649624999999998	0.4924397500000026	0.22082666015625002	0.07660714285714286
-0.5661875000000001	0.41494374999999195	0.21795556640625	0.08499999999999999
-0.5660125	0.7061277500000003	0.20765771484375	0.08517857142857142
-0.5554249999999998	0.5992889999999989	0.22762207031249998	0.07678571428571429
-0.5710875	0.6129797500000009	0.21243896484375002	0.09321428571428572
-0.5726625000000001	0.3609797499999985	0.21557226562499998	0.08196428571428573
-0.53565	0.3095259999999982	0.206484375	0.09107142857142858
-0.5325875	0.4318497499999978	0.2064814453125	0.08392857142857142
-0.5493000000000001	0.7634839999999983	0.21656982421874998	0.08160714285714286
-0.5772124999999999	0.4313197500000001	0.22710205078125	0.08267857142857143
-0.5502624999999999	0.43774774999999977	0.21376611328125	0.07517857142857143
-0.5549875	0.8971877499999934	0.202611328125	0.08875
-0.5262874999999998	0.4281397500000068	0.19561669921875	0.09339285714285715
-0.5611125000000001	0.3382177499999983	0.21538037109374997	0.07714285714285714
-0.5697750000000001	0.62623099999999	0.2124169921875	0.0830357142857143
-0.5654874999999999	0.5341677500000017	0.20950927734375002	0.07839285714285714
-0.5907749999999998	0.5824610000000021	0.2305751953125	0.07892857142857143
-0.5831625	0.7983397500000038	0.20614453125	0.09232142857142858
-0.5769499999999999	0.44403400000000204	0.20959423828125	0.07339285714285713
-0.5742375	0.8208177500000033	0.2377646484375	0.07035714285714287
-0.5471999999999999	0.599494	0.20765039062500001	0.08785714285714286
-0.53145	0.5200140000000033	0.20813525390624998	0.10142857142857142
-0.546675	0.7371390000000062	0.21107080078125	0.08767857142857143
-0.5605875	0.4028397499999983	0.20056201171875	0.07071428571428572
-0.5503499999999999	0.5869959999999992	0.203314453125	0.07589285714285714
-0.5825499999999999	0.5309039999999996	0.22339160156250001	0.06857142857142857
-0.5793125000000001	0.37019374999999144	0.22682666015625003	0.09535714285714286
-0.5541125	0.4616977499999919	0.2293505859375	0.09160714285714286
-0.5703875	0.3841777499999921	0.20431787109375	0.07928571428571429
-0.5097499999999999	0.7831000000000046	0.20947558593750001	0.08785714285714286
-0.5476375	0.5965677499999984	0.22935205078124998	0.07857142857142857
-0.5558624999999999	0.40812774999999846	0.21298974609375002	0.07875
-0.5834249999999999	0.6667690000000022	0.22010888671875	0.07732142857142857
-0.5543750000000001	0.4841249999999917	0.220599609375	0.08499999999999999
-0.5901624999999999	0.12382975000000584	0.225779296875	0.07910714285714286
-0.512025	0.5461609999999979	0.22081494140625	0.08285714285714287
-0.5423	0.7110639999999933	0.20940087890624998	0.0817857142857143
-0.540025	0.5197510000000065	0.21966064453125	0.08892857142857143
-0.5756374999999998	0.22953775000000576	0.21875537109374998	0.08803571428571429
-0.5794874999999999	0.39235775000000217	0.22765576171875002	0.09196428571428572
-0.590425	0.24813900000000189	0.2281171875	0.07553571428571429
-0.5533250000000001	0.4863889999999955	0.221923828125	0.08392857142857142
-0.5405499999999999	0.461584000000002	0.20627783203125	0.07875
-0.532675	0.49669900000000666	0.20663525390624998	0.08821428571428572
-0.551925	0.6083789999999993	0.22058642578124998	0.08517857142857142
-0.5825499999999999	0.6201539999999994	0.22616455078125003	0.08125
-0.5867499999999999	0.39415000000000333	0.20586181640625	0.07946428571428572
-0.5679375	0.5584937499999967	0.22587451171875	0.08660714285714285
-0.5549	0.4057160000000053	0.23459619140625002	0.07196428571428572
-0.5286500000000001	0.4398660000000021	0.210955078125	0.07339285714285713
-0.5857875000000001	0.3761797499999915	0.23093115234375	0.07892857142857143
-0.5686374999999999	0.5571577500000089	0.20265820312500002	0.07821428571428572
-0.5944499999999999	0.5467340000000007	0.22352490234375	0.07017857142857144
-0.587275	0.28313099999999736	0.22181250000000002	0.06982142857142858
-0.5735375	0.22790975000000202	0.22244677734375	0.07892857142857143
-0.5522749999999998	0.5180810000000022	0.230982421875	0.08839285714285715
-0.5954124999999999	0.5251597500000003	0.22213330078125	0.08035714285714286
-0.5792249999999999	0.5673609999999982	0.23488037109374998	0.08267857142857143
-0.5898125000000001	0.29249374999999844	0.21439892578125	0.08410714285714285
-0.5744125	0.36728974999999764	0.23712744140624997	0.07392857142857143
-0.5436124999999998	0.6829177500000014	0.20912841796874998	0.09125
-0.5584	0.5604459999999989	0.21252392578125	0.08625
-0.562425	0.7134590000000074	0.21055224609375	0.09303571428571429
-0.5483374999999999	0.19965974999999503	0.21690820312499998	0.09714285714285716
-0.5590999999999999	0.5192960000000042	0.2167265625	0.0675
-0.5599750000000001	0.5407509999999931	0.21440625	0.09
-0.5751125000000001	0.4869077499999932	0.226283203125	0.08464285714285714
-0.5480749999999999	0.3483790000000013	0.22517724609375	0.0805357142857143
-0.5586625000000001	0.6307997499999942	0.2194541015625	0.08696428571428572
-0.5507875	0.5622297500000002	0.22328027343749998	0.07589285714285714
-0.572225	0.21487100000000225	0.20107031250000001	0.07982142857142857
-0.5990875	0.26256974999999727	0.212279296875	0.07428571428571429
-0.5325	0.5737499999999969	0.23536669921874998	0.07857142857142857
-0.57765	0.5762859999999961	0.2122705078125	0.08517857142857142
-0.5965499999999999	0.5147440000000003	0.21422021484375003	0.06928571428571428
-0.5810625	0.4469937499999972	0.2325322265625	0.07357142857142857
-0.5493000000000001	0.5402339999999981	0.20917822265625002	0.09214285714285715
-0.5707374999999999	0.35595774999999463	0.23490673828125	0.07696428571428572
-0.5604125	0.5164597500000028	0.21930029296875	0.08607142857142858
-0.5871875	0.7505937499999931	0.23260693359375	0.07946428571428572
-0.5867499999999999	0.33814999999999884	0.2136328125	0.08821428571428572
-0.5829875	0.8787177499999927	0.20810888671875	0.07964285714285714
-0.5709124999999999	0.5499697499999954	0.20954882812499998	0.08535714285714285
-0.5468500000000001	0.36642599999999703	0.22801904296875	0.07178571428571429
-0.5649624999999998	0.4936897500000015	0.21322119140625	0.07642857142857143
-0.6124750000000001	0.17280099999999265	0.21716748046874998	0.07107142857142858
-0.5608500000000001	0.20465599999999995	0.22685302734375	0.08017857142857143
-0.5709124999999999	0.4684697499999899	0.20730908203124998	0.09214285714285715
-0.542475	0.5074010000000015	0.21219726562500002	0.08625
-0.5568249999999999	0.294979000000005	0.2201455078125	0.07553571428571429
-0.5604125	0.5322097500000069	0.22738037109374998	0.08071428571428572
-0.5593625	0.44638774999999953	0.22170849609375	0.08625
-0.5728374999999999	0.3854697500000057	0.21205078125	0.08107142857142857
-0.5587499999999999	0.5010000000000048	0.20354736328125	0.09285714285714286
-0.5752875	0.5236197500000017	0.23854833984374998	0.08071428571428572
-0.54335	0.540056000000007	0.22696142578125	0.0925
-0.5673250000000001	0.5349489999999975	0.21665039062500002	0.09125
-0.5712625	0.49823775000000126	0.2082861328125	0.08678571428571429
-0.5639125	0.4934297499999971	0.222041015625	0.08267857142857143
-0.5702125	0.5016597500000017	0.21429345703125	0.08035714285714286
-0.5566500000000001	0.3680559999999957	0.20589111328125	0.07910714285714286
-0.5658375	0.43130975000000404	0.22076953124999998	0.08625
-0.5557750000000001	0.7774109999999936	0.22349707031250002	0.0975
-0.5401125	0.5985577499999977	0.19994531250000003	0.08321428571428573
-0.5507875	0.44247974999999684	0.21024316406250002	0.08839285714285715
-0.5683750000000001	0.4129749999999959	0.21687011718750002	0.0925
-0.5652249999999999	0.48718099999999964	0.23025439453125002	0.08946428571428572
-0.5852625	0.17664775000000077	0.22258300781249998	0.07125000000000001
-0.55175	0.605400000000003	0.19780957031250002	0.08499999999999999
-0.5660999999999998	0.42478600000000455	0.21387304687499997	0.08607142857142858
-0.5643499999999999	0.8100260000000006	0.22477587890625	0.0825
-0.5595375	0.5060297500000033	0.225017578125	0.08017857142857143
-0.5465875	0.32811974999999904	0.2182119140625	0.08214285714285714
-0.5462374999999999	0.5550377499999968	0.21520166015625	0.08160714285714286
-0.5408124999999999	0.6459937500000024	0.2062353515625	0.08464285714285714
-0.5447499999999998	0.6366000000000085	0.2258203125	0.08339285714285714
-0.550875	0.4499749999999949	0.24278759765625	0.08125
-0.5558624999999999	0.47412774999999385	0.23230224609375	0.08982142857142858
-0.5576999999999999	0.7365640000000084	0.20548974609375	0.09196428571428572
-0.5620749999999999	0.6474890000000002	0.20015478515625001	0.08374999999999999
-0.558575	0.4838489999999993	0.24503173828125002	0.08517857142857142
-0.5716999999999999	0.4848740000000049	0.21773583984375	0.07857142857142857
-0.5676749999999999	0.6567989999999995	0.21097119140624998	0.07964285714285714
-0.5632124999999999	0.3702997500000009	0.21634716796875003	0.07678571428571429
-0.5632124999999999	0.7217997500000024	0.22238085937500002	0.08267857142857143
-0.54125	0.3987499999999997	0.21167724609375	0.09660714285714286
-0.5616374999999998	0.48332775000000083	0.21726708984374998	0.07232142857142858
-0.5513999999999999	0.5006860000000017	0.21205224609375	0.07535714285714286
-0.5618999999999998	0.6731260000000034	0.20877099609375	0.08017857142857143
-0.5516625	0.3251597500000045	0.2261103515625	0.08267857142857143
-0.5449249999999999	0.5951589999999953	0.2119423828125	0.08553571428571428
-0.5738874999999999	0.424617750000003	0.2237021484375	0.08035714285714286
-0.5173625	0.35071775000000116	0.19943994140625002	0.09428571428571429
-0.5570875	0.5631097500000024	0.20963671875	0.09589285714285715
-0.5651375000000001	0.5602677500000013	0.2244755859375	0.07482142857142857
-0.5664500000000001	0.31666399999999584	0.23830371093749997	0.07339285714285713
-0.5751999999999999	0.3957639999999998	0.22232373046874998	0.08107142857142857
-0.554025	0.5087210000000013	0.21128173828125002	0.08339285714285714
-0.5556874999999999	0.65769375	0.23287353515624998	0.0805357142857143
-0.5926125	0.7144577500000011	0.21436376953125	0.061071428571428575
-0.5953250000000001	0.43691899999999606	0.22299462890625	0.08625
-0.5674124999999999	0.4360997500000039	0.21592529296875002	0.08982142857142858
-0.5698624999999999	0.3768677499999953	0.21481640624999998	0.08196428571428573
-0.5288249999999999	0.5563590000000005	0.20744091796875	0.09107142857142858
-0.5716999999999999	0.6613740000000021	0.21460693359375	0.08678571428571429
-0.5823749999999999	0.22177500000000805	0.22178173828124997	0.07678571428571429
-0.5438749999999999	0.4877750000000063	0.20229638671875	0.09125
-0.5869249999999999	0.553728999999997	0.2236669921875	0.07410714285714286
-0.5791375000000001	0.6182777499999972	0.2074833984375	0.07982142857142857
-0.591825	0.48687900000000184	0.23144970703124998	0.07660714285714286
-0.5386249999999999	0.4047750000000008	0.22254931640624998	0.09017857142857143
-0.5906	0.745675999999996	0.21902343750000003	0.07232142857142858
-0.5469374999999999	0.5981937500000001	0.21592822265625	0.08964285714285715
-0.5512249999999999	0.5477010000000035	0.22794580078124999	0.07767857142857143
-0.5521875	0.3808437500000039	0.22210986328125001	0.07714285714285714
-0.5683750000000001	0.5209749999999929	0.22822851562500002	0.08982142857142858
-0.5876249999999998	0.6667750000000012	0.22283642578124999	0.06982142857142858
-0.5143	0.4841339999999974	0.2202509765625	0.08517857142857142
-0.5443125	0.4784437499999967	0.21352587890625	0.08321428571428573
-0.5769499999999999	0.48603400000000363	0.22755322265625	0.07767857142857143
-0.571175	0.5411089999999916	0.21433740234374998	0.07982142857142857
-0.5514874999999999	0.8289277499999983	0.21177685546875002	0.07732142857142857
-0.540025	0.5015010000000046	0.22162353515625	0.07571428571428572
-0.5683750000000001	0.27147499999999525	0.21743847656249998	0.08410714285714285
-0.543175	0.6599789999999999	0.19887304687500001	0.09267857142857143
-0.563475	0.36982100000000173	0.22517724609375	0.08160714285714286
-0.5469374999999999	0.7716937500000043	0.22557568359375	0.09053571428571429
-0.5278624999999999	0.5909977499999997	0.19543066406249998	0.09696428571428573
-0.5687249999999999	0.17980099999999766	0.2119658203125	0.08035714285714286
-0.5462374999999999	0.6365377499999951	0.21592968749999997	0.0980357142857143
-0.5635625	0.4817437500000068	0.21439013671875	0.07196428571428572
-0.543525	0.5138809999999978	0.22777001953125003	0.09035714285714286
-0.5524500000000001	0.4473039999999955	0.20195068359375	0.09107142857142858
-0.5287374999999999	0.6522377499999976	0.226201171875	0.07589285714285714
-0.5476375	0.4928177499999933	0.21532324218749999	0.08125
-0.5493874999999999	0.5384877499999945	0.19755029296874999	0.08910714285714286
-0.5395874999999999	0.5312097500000021	0.21199072265625	0.0830357142857143
-0.5448375000000001	0.631879749999996	0.22639453124999998	0.08107142857142857
-0.5759875000000001	0.6656977499999996	0.22445947265625	0.07714285714285714
-0.5462374999999999	0.41428774999999973	0.20543994140625002	0.07946428571428572
-0.5733625	0.6731777500000007	0.22487255859375	0.08339285714285714
-0.5614625	0.7674597500000004	0.2192783203125	0.07375
-0.5562125	0.7389897500000018	0.21651416015624997	0.08196428571428573
-0.5542	0.6084239999999994	0.22061572265625	0.07642857142857143
-0.579925	0.5682589999999976	0.20681396484375	0.08589285714285715
-0.5493000000000001	0.5619839999999954	0.216134765625	0.08089285714285714
-0.5864875	0.5300277500000021	0.22826074218749998	0.075
-0.5562999999999998	0.4609540000000081	0.20247656249999998	0.08642857142857142
-0.5607624999999998	0.4609677500000018	0.21238037109375002	0.08142857142857143
-0.588325	0.5315389999999951	0.21141650390625	0.08982142857142858
-0.5593625	0.5068877500000042	0.20802099609374997	0.09053571428571429
-0.5470249999999999	0.585211000000001	0.20995019531249998	0.06964285714285715
-0.5482499999999999	0.5523999999999987	0.23390917968749997	0.08339285714285714
-0.5640000000000001	0.5533499999999947	0.23041992187500002	0.08071428571428572
-0.5741499999999999	0.4592060000000018	0.19692333984375	0.08678571428571429
-0.5759875000000001	0.5669477499999971	0.2146845703125	0.08482142857142858
-0.5471999999999999	0.29524399999999673	0.21412060546875	0.08446428571428571
-0.5607624999999998	0.6047177499999989	0.22034912109375002	0.07410714285714286
-0.5587499999999999	0.44925000000000637	0.2201748046875	0.07982142857142857
-0.5588375000000001	0.33044974999999255	0.22246875000000002	0.08196428571428573
-0.570125	0.5242749999999958	0.21858251953125	0.08821428571428572
-0.5458000000000001	0.47117400000000487	0.20092382812499998	0.08017857142857143
-0.5528875	0.6972277500000033	0.22109179687499997	0.06964285714285715
-0.5512249999999999	0.5069510000000079	0.2162724609375	0.08428571428571428
-0.5415999999999999	0.41969600000000185	0.21565869140625002	0.09035714285714286
-0.572225	0.5573710000000034	0.22241601562500002	0.0875
-0.5838625	0.4928077499999972	0.20033056640624997	0.08607142857142858
-0.5992625	0.7570077499999925	0.24312451171875002	0.07607142857142857
-0.579575	0.37593900000000247	0.2262509765625	0.08
-0.56155	0.15789400000000597	0.20498876953125	0.08374999999999999
-0.5506125	0.5397377500000005	0.2086552734375	0.07785714285714286
-0.5542	0.6484239999999986	0.22308984375	0.07767857142857143
-0.5211250000000001	0.15127499999999827	0.2044306640625	0.08678571428571429
-0.5525374999999999	0.319539749999997	0.21239794921875002	0.09857142857142859
-0.5444	0.2344760000000008	0.22225195312499998	0.08571428571428572
-0.5184124999999999	0.5421697499999993	0.19451513671874998	0.08696428571428572
-0.5772999999999999	0.5239139999999978	0.23253955078125002	0.08
-0.5399375	0.686193750000001	0.21276562499999999	0.08071428571428572
-0.548775	0.48195099999999513	0.21311425781249999	0.07892857142857143
-0.5465875	0.5748697499999977	0.21112207031250002	0.08339285714285714
-0.5455375	0.8033497500000024	0.22490185546874997	0.08071428571428572
-0.5476375	0.5245677499999957	0.2176259765625	0.07803571428571429
-0.5837749999999999	0.3635010000000065	0.21995947265625	0.07732142857142857
-0.5909499999999999	0.3142440000000022	0.21501416015624997	0.06892857142857144
-0.5607624999999998	0.5847177500000029	0.22606201171874998	0.07464285714285714
-0.5773874999999999	0.4697577499999923	0.22326269531249998	0.08089285714285714
-0.56505	0.6668539999999936	0.22194287109375	0.08285714285714287
-0.5643499999999999	0.4510259999999988	0.23703808593750003	0.06910714285714287
-0.5961124999999998	0.5228177500000015	0.22327880859375002	0.07678571428571429
-0.529525	0.414311000000005	0.21976171875	0.08714285714285715
-0.557525	0.6136509999999973	0.218712890625	0.07696428571428572
-0.5667125	0.7663797499999916	0.20135595703125	0.08035714285714286
-0.5723125	0.5432437499999949	0.23121533203125	0.08714285714285715
-0.572225	0.5421210000000016	0.22832666015625003	0.08374999999999999
-0.549825	0.5694990000000075	0.210046875	0.08374999999999999
-0.5663624999999999	0.4595077500000002	0.22657763671874998	0.07642857142857143
-0.5614625	0.3209597500000001	0.21891650390625	0.08607142857142858
-0.5689875	0.7837277499999971	0.21762011718750002	0.07160714285714287
-0.5595375	0.3737797500000042	0.23570068359375002	0.07303571428571429
-0.5247124999999999	0.49811974999999364	0.20516455078125	0.0975
-0.53145	0.5045140000000004	0.2051484375	0.08821428571428572
-0.5748500000000001	0.48158599999999296	0.21597216796875002	0.08071428571428572
-0.5492124999999999	0.527729750000006	0.19070068359375	0.08499999999999999
-0.5682	0.5481839999999991	0.21525146484375	0.07839285714285714
-0.56575	0.716149999999999	0.22470996093749998	0.07892857142857143
-0.5423	0.8370639999999909	0.21860302734375	0.09285714285714286
-0.5407249999999999	0.3489409999999964	0.22954541015625002	0.07392857142857143
-0.5702999999999998	0.2322940000000031	0.2070732421875	0.0805357142857143
-0.5506125	0.344487749999999	0.21185009765624999	0.0775
-0.5432625	0.19301775000000276	0.20775585937500002	0.07892857142857143
-0.5520999999999998	0.6111059999999995	0.24619921875	0.07857142857142857
-0.5972499999999998	0.3898500000000027	0.22718408203125	0.07232142857142858
-0.5357375	0.7253577500000077	0.22187548828125003	0.0825
-0.5589249999999999	0.41114899999999466	0.2252900390625	0.0805357142857143
-0.5572625	0.5642777500000022	0.1988701171875	0.0875
-0.5639125	0.3506797499999976	0.23308007812500003	0.0817857142857143
-0.574675	0.3858689999999996	0.204064453125	0.08571428571428572
-0.5428249999999999	0.4380690000000058	0.21855322265625002	0.08035714285714286
-0.5751999999999999	0.4542639999999949	0.21593847656249998	0.07964285714285714
-0.5726625000000001	0.24822974999999303	0.2212880859375	0.09517857142857143
-0.546325	0.5178089999999997	0.18229833984375	0.08374999999999999
-0.5580499999999999	0.608633999999995	0.23569189453125	0.06982142857142858
-0.5340749999999999	0.3169690000000074	0.20571826171875002	0.08803571428571429
-0.5329374999999998	0.6492437499999966	0.21821630859375	0.08857142857142858
-0.5586625000000001	0.5625497499999952	0.23642431640625	0.09
-0.5663624999999999	0.45425775000000357	0.21507421875000002	0.08410714285714285
-0.562775	0.7366709999999941	0.227806640625	0.08553571428571428
-0.5828125	0.5100937500000029	0.22459130859374998	0.08910714285714286
-0.5597125000000001	0.2829197499999907	0.19104345703125003	0.09071428571428572
-0.5665374999999999	0.3795697500000017	0.22729101562499998	0.08553571428571428
-0.5555125000000001	0.24575774999999567	0.20897167968749997	0.07964285714285714
-0.5534124999999999	0.3608697499999991	0.23698242187500002	0.07553571428571429
-0.5730124999999999	0.4399577500000049	0.2152705078125	0.08535714285714285
-0.5414249999999998	0.6898490000000024	0.22364794921874998	0.08571428571428572
-0.5712625	0.39073774999999955	0.211916015625	0.08374999999999999
-0.5331125000000001	0.47268774999999863	0.2028544921875	0.08339285714285714
-0.5388875	0.2932177500000037	0.20700878906250003	0.07892857142857143
-0.5308375000000001	0.4300097499999964	0.21556787109375	0.08232142857142857
-0.5460624999999999	0.6097437499999998	0.21192773437499998	0.08196428571428573
-0.5647875	0.583859750000002	0.2224892578125	0.07803571428571429
-0.5396749999999999	0.2982690000000048	0.19393066406249998	0.08660714285714285
-0.5633874999999999	0.5651477499999942	0.19179052734375002	0.07803571428571429
-0.5689875	0.6689777499999963	0.21387158203124998	0.08392857142857142
-0.5620749999999999	0.47548899999999605	0.21255029296875	0.07642857142857143
-0.5426500000000001	0.47498599999999414	0.220470703125	0.0805357142857143
-0.5758999999999999	0.7048460000000034	0.21881103515625	0.08517857142857142
-0.5392375	0.5777177499999979	0.22181542968749998	0.09446428571428572
-0.5536749999999999	0.6705589999999972	0.20935693359375	0.08339285714285714
-0.5729249999999999	0.828838999999995	0.2178134765625	0.07553571428571429
-0.5516625	0.4961597500000039	0.20455078124999998	0.08482142857142858
-0.5608500000000001	0.5469059999999999	0.21394042968750002	0.07964285714285714
-0.5567374999999999	0.2780177500000036	0.20797851562499997	0.07589285714285714
-0.5966374999999999	0.38472775000000325	0.23487158203125	0.08964285714285715
-0.56995	0.7177539999999993	0.2116875	0.08714285714285715
-0.53705	0.6232740000000021	0.19915429687499997	0.08660714285714285
-0.5384500000000001	0.4216440000000006	0.21852099609374998	0.07803571428571429
-0.5695125000000001	0.5033177499999937	0.21424951171875	0.0825
-0.5415999999999999	0.4001960000000011	0.21024755859375	0.08232142857142857
-0.5783499999999999	0.45125600000000077	0.20917968750000002	0.0830357142857143
-0.5813250000000001	0.4319589999999991	0.22095556640625	0.0817857142857143
-0.55735	0.5974860000000035	0.1985390625	0.09035714285714286
-0.5483374999999999	0.30265974999999656	0.21411181640625	0.09321428571428572
-0.5604125	0.21995975000000811	0.2214404296875	0.06696428571428571
-0.551925	0.7736289999999926	0.21594873046875	0.07928571428571429
-0.55735	0.5797359999999969	0.21598828125000002	0.08732142857142858
-0.5339875000000001	0.7116277499999981	0.1868876953125	0.09303571428571429
-0.5359125	0.5887697499999973	0.19045751953125	0.08142857142857143
-0.5660125	0.3721277500000042	0.2208837890625	0.08428571428571428
-0.5619875000000001	0.38730774999999795	0.2191318359375	0.08
-0.5681125	0.3987877499999968	0.21341015624999998	0.07964285714285714
-0.5415999999999999	0.5706959999999981	0.21742529296875002	0.08160714285714286
-0.5458000000000001	0.5934239999999988	0.208916015625	0.08428571428571428
-0.5316249999999998	0.5494750000000082	0.23062207031249998	0.08285714285714287
-0.5653125000000001	0.4685937499999966	0.22568408203125	0.08499999999999999
-0.5486875	0.4029437499999986	0.20892919921874997	0.08875
-0.5521875	0.319843750000004	0.23680371093749997	0.07821428571428572
-0.5870124999999999	0.4972677499999989	0.22173779296874999	0.07410714285714286
-0.5804500000000001	0.2664739999999952	0.21641015624999999	0.07160714285714287
-0.574325	0.6166789999999978	0.23085205078124998	0.07607142857142857
-0.5331125000000001	0.5176877500000003	0.21230273437499997	0.08946428571428572
-0.5642624999999999	0.45260774999999853	0.243234375	0.07428571428571429
-0.5388875	0.5239677500000042	0.23768701171875	0.08071428571428572
-0.5262874999999998	0.4948897500000058	0.22496337890624998	0.08267857142857143
-0.5866625000000001	0.23410974999999468	0.20782177734374999	0.07678571428571429
-0.5600624999999999	0.3539437499999991	0.20386962890625002	0.09017857142857143
-0.5675874999999999	0.5428997499999966	0.21834814453125	0.08857142857142858
-0.5486	0.48368599999999873	0.21408251953125	0.09089285714285715
-0.53565	0.41927599999999643	0.21322412109375	0.08285714285714287
-0.5570875	0.6458597499999996	0.21652734375	0.08821428571428572
-0.5534124999999999	0.5123697499999977	0.214998046875	0.07142857142857144
-0.5524500000000001	0.5208039999999983	0.18578173828125	0.08696428571428572
-0.57135	0.19711600000000118	0.2212060546875	0.07517857142857143
-0.5297875000000001	0.6671597499999962	0.22404345703125	0.08321428571428573
-0.5245374999999999	0.450829750000004	0.2093408203125	0.08517857142857142
-0.5856999999999999	0.5413840000000008	0.2185693359375	0.07857142857142857
-0.5674124999999999	0.5060997500000042	0.22593164062499999	0.07571428571428572
-0.5738874999999999	0.4606177500000044	0.20518359375	0.07821428571428572
-0.6024125	0.40754975000000115	0.22412109375	0.075
-0.5614625	0.4662097499999973	0.22215234375	0.08017857142857143
-0.5499125	0.7339997499999953	0.23025439453125002	0.09
-0.5748500000000001	0.34983599999998916	0.2088076171875	0.08464285714285714
-0.5279499999999999	0.5203740000000039	0.21782958984375	0.08267857142857143
-0.5663624999999999	0.6465077499999978	0.21716601562500001	0.09857142857142859
-0.5402	0.7398640000000043	0.22513623046875003	0.07339285714285713
-0.574675	0.6638689999999983	0.2287529296875	0.08125
-0.5846500000000001	0.5837959999999924	0.20874169921875002	0.07964285714285714
-0.5719624999999999	0.3234997500000034	0.230712890625	0.08982142857142858
-0.5551625	0.40637975000000637	0.21423046874999999	0.07660714285714286
-0.5793125000000001	0.6044437499999944	0.22174218750000002	0.07875
-0.5817625	0.5483077500000064	0.22995996093749999	0.08142857142857143
-0.532675	0.5336990000000057	0.22020410156249998	0.08482142857142858
-0.58535	0.6904460000000014	0.22174218750000002	0.07803571428571429
-0.5630374999999999	0.22894975000000528	0.21082763671875002	0.07839285714285714
-0.56155	0.747394000000007	0.21160107421875002	0.08678571428571429
-0.5632124999999999	0.48329975000000047	0.21366210937500002	0.08125
-0.5507875	0.6209797499999965	0.20899072265625	0.08410714285714285
-0.5507	0.47298400000000385	0.22021142578124997	0.08964285714285715
-0.56505	0.281103999999992	0.22284521484374997	0.07232142857142858
-0.579925	0.41525899999999893	0.22187988281249998	0.07160714285714287
-0.5483374999999999	0.48090974999999503	0.1985009765625	0.09107142857142858
-0.5257625000000001	0.8438177499999995	0.20851757812500002	0.08089285714285714
-0.5051125000000001	0.6517077499999999	0.1889794921875	0.08571428571428572
-0.5707374999999999	0.5727077499999993	0.23266552734375	0.07178571428571429
-0.5525374999999999	0.5805397499999998	0.23562451171875	0.08232142857142857
-0.5565624999999998	0.5795937500000008	0.2154990234375	0.08035714285714286
-0.575375	0.4364750000000086	0.224390625	0.075
-0.5449249999999999	0.7016589999999994	0.21846679687499998	0.09714285714285716
-0.5772999999999999	0.45816400000000357	0.22859179687499998	0.0805357142857143
-0.5505249999999999	0.3324909999999974	0.21786621093749997	0.08464285714285714
-0.5451000000000001	0.4199659999999952	0.21477832031250002	0.08535714285714285
-0.5781749999999999	0.7610790000000094	0.2234765625	0.08946428571428572
-0.5278624999999999	0.29274774999999664	0.21360058593750003	0.08392857142857142
-0.5246250000000001	0.7139749999999978	0.20630273437500002	0.09303571428571429
-0.5921749999999999	0.2031690000000097	0.21707226562499998	0.07857142857142857
-0.5618999999999998	0.32837599999999867	0.2194306640625	0.07589285714285714
-0.53775	0.6821000000000055	0.22788281250000003	0.0955357142857143
-0.5437875000000001	0.6109897499999946	0.22008984374999999	0.08535714285714285
-0.5765125	0.37504774999999313	0.22906494140625	0.08125
-0.5740624999999999	0.38309374999999335	0.23741894531250002	0.07910714285714286
-0.5827249999999999	0.4900309999999948	0.230748046875	0.07821428571428572
-0.56995	0.3410040000000052	0.22709033203124998	0.075
-0.5920000000000001	0.4513999999999925	0.22346191406250002	0.07892857142857143
