-0.24608750000000001	0.13321974999999986	0.09121022727272729	0.08058823529411765
-0.25905	0.10020399999999974	0.10616335227272727	0.07264705882352941
-0.242475	0.11974099999999943	0.0981647727272727	0.08676470588235294
-0.2456625	0.10497975000000004	0.09600213068181815	0.07375
-0.2290875	0.17705974999999974	0.09641974431818184	0.08080882352941177
-0.24970000000000003	0.16955399999999932	0.10494460227272723	0.08955882352941176
-0.237375	0.1352749999999996	0.09342400568181825	0.09213235294117647
-0.22547499999999998	0.14190099999999983	0.08496306818181819	0.08911764705882352
-0.2516124999999999	0.11815774999999995	0.09225000000000001	0.08088235294117647
-0.26946249999999994	0.1548397499999994	0.10729687499999999	0.08205882352941178
-0.22526249999999992	0.1281077500000003	0.11038210227272718	0.07397058823529412
-0.23206249999999995	0.06324375000000027	0.0916363636363636	0.07544117647058823
-0.24162499999999998	0.16072499999999934	0.09323863636363636	0.08602941176470588
-0.23439999999999994	0.0997659999999998	0.09305965909090907	0.08132352941176471
-0.27095	0.19315399999999983	0.09356036931818182	0.08227941176470588
-0.2567125	0.12781975	0.10068963068181817	0.07772058823529411
-0.24736249999999993	0.18467775000000053	0.1005127840909091	0.0786764705882353
-0.22483750000000002	0.1880197499999996	0.0845049715909091	0.08948529411764707
-0.2686124999999999	0.17957774999999998	0.09496661931818184	0.08345588235294119
-0.2531	0.17301599999999917	0.10089204545454551	0.08102941176470589
-0.25395	0.17617400000000005	0.09272940340909093	0.08066176470588235
-0.23864999999999992	0.13035600000000036	0.0936477272727273	0.0786764705882353
-0.24885000000000002	0.11810600000000004	0.09580397727272721	0.07558823529411765
-0.21399999999999997	0.1520999999999999	0.08956960227272726	0.08367647058823528
-0.25458749999999997	0.14509974999999997	0.09081818181818181	0.08352941176470588
-0.23992500000000005	0.1479189999999999	0.08472869318181817	0.08735294117647059
-0.2715875	0.1022097500000001	0.0872109375	0.0750735294117647
-0.23864999999999992	0.07260600000000039	0.1019509943181818	0.07757352941176471
-0.23673750000000005	0.048227750000000125	0.09508380681818186	0.0825
-0.25373750000000006	0.21994774999999933	0.10264985795454545	0.07448529411764705
-0.258625	0.19852500000000006	0.08339914772727273	0.08735294117647059
-0.28008749999999993	0.12793975000000035	0.09978622159090911	0.07448529411764705
-0.25331249999999994	0.20074375	0.09684161931818178	0.09345588235294117
-0.2378	0.12030399999999997	0.08718323863636362	0.07882352941176471
-0.23716249999999994	0.1780097500000002	0.09531818181818177	0.07647058823529412
-0.22972499999999996	0.10691099999999976	0.10312926136363637	0.07073529411764706
-0.26075000000000004	0.12139999999999995	0.09533948863636363	0.07779411764705883
-0.23864999999999992	0.12210600000000005	0.09386931818181812	0.08220588235294118
-0.23673750000000005	0.20972774999999988	0.10395596590909083	0.08485294117647059
-0.291775	0.20373099999999988	0.10013778409090912	0.0875
-0.22271249999999998	0.12504975000000051	0.08780326704545455	0.07757352941176471
-0.273925	0.09145900000000085	0.09726136363636363	0.07544117647058823
-0.2535249999999999	0.1124710000000011	0.08820383522727271	0.07419117647058823
-0.19891250000000005	0.18236974999999944	0.09478551136363636	0.08485294117647059
-0.26478750000000006	0.16104974999999966	0.08811860795454549	0.08080882352941177
-0.22611249999999994	0.05277775000000018	0.08898579545454544	0.08970588235294118
-0.24459999999999993	0.18824600000000036	0.09595099431818184	0.07595588235294118
-0.24821249999999995	0.15938975000000033	0.10146519886363643	0.08477941176470588
-0.22717500000000002	0.17822899999999997	0.09725071022727272	0.07845588235294118
-0.26011249999999997	0.15601775000000018	0.0967073863636364	0.0773529411764706
-0.19614999999999994	0.1064560000000001	0.09241406249999998	0.08536764705882353
-0.23354999999999992	0.15117400000000014	0.08464559659090908	0.08375
-0.22377500000000006	0.11904099999999973	0.09081818181818188	0.08470588235294117
-0.25883750000000005	0.16723975000000024	0.08790980113636362	0.08139705882352942
-0.205075	0.10121899999999995	0.09099502840909093	0.08080882352941177
-0.2275999999999999	0.19505600000000012	0.09149999999999996	0.08088235294117647
-0.24226249999999994	0.10223775000000046	0.09659232954545455	0.0748529411764706
-0.210175	0.21150899999999995	0.09104616477272728	0.08316176470588235
-0.23397500000000004	0.14072099999999965	0.08860014204545455	0.08713235294117648
-0.285825	0.11294899999999997	0.09700355113636358	0.07816176470588235
-0.20167499999999994	0.09744900000000012	0.0870852272727273	0.095
-0.2535249999999999	0.17697100000000088	0.09622585227272726	0.07308823529411765
-0.2613875	0.12902774999999966	0.10360653409090909	0.07794117647058824
-0.24885000000000002	0.2093560000000001	0.09750639204545457	0.07477941176470587
-0.28136249999999996	0.16841775000000014	0.08802272727272728	0.075
-0.3055875	0.1543297499999996	0.10147159090909089	0.08161764705882354
-0.26627499999999993	0.19769100000000028	0.10327414772727268	0.08176470588235295
-0.2216499999999999	0.12404600000000032	0.09080539772727272	0.08367647058823528
-0.28285000000000005	0.17978599999999956	0.09537357954545454	0.08176470588235295
-0.25395	0.16492400000000007	0.09400994318181813	0.0786764705882353
-0.21739999999999993	0.1694060000000004	0.0819801136363636	0.08485294117647059
-0.252675	0.196809	0.10354048295454549	0.0849264705882353
-0.2775374999999999	0.22692975000000004	0.09676704545454547	0.07955882352941178
-0.25798750000000004	0.19062774999999998	0.09850781249999996	0.0849264705882353
-0.21697500000000003	0.1892809999999998	0.10056178977272728	0.08610294117647059
-0.2686124999999999	0.2245777499999999	0.10383664772727269	0.07808823529411765
-0.20889999999999997	0.08702600000000027	0.09931960227272732	0.07970588235294118
-0.22653749999999995	0.12585975000000005	0.0877840909090909	0.08411764705882352
-0.2208	0.06283400000000006	0.09834801136363644	0.08264705882352942
-0.27583749999999996	0.1430497500000003	0.09469176136363644	0.08323529411764706
-0.2069875	0.13826775000000024	0.09826917613636361	0.07610294117647058
-0.21038749999999995	0.11133775000000012	0.10226420454545454	0.08117647058823531
-0.25564999999999993	0.1394660000000001	0.09566335227272729	0.0861764705882353
-0.2401375	0.16967774999999996	0.0849609375	0.08213235294117648
-0.21272499999999994	0.07817100000000021	0.09237997159090913	0.08477941176470588
-0.2244124999999999	0.12942975000000034	0.09125923295454538	0.08419117647058824
-0.2609625	0.1691097500000005	0.09709303977272721	0.07404411764705882
-0.22377500000000006	0.09954099999999988	0.09074360795454546	0.08286764705882353
-0.2341875	0.0884937499999996	0.09128267045454551	0.08352941176470588
-0.25288750000000004	0.12553774999999945	0.08972514204545454	0.08683823529411766
-0.2562875	0.16587974999999977	0.10498082386363639	0.07433823529411764
-0.27031249999999996	0.22259375000000015	0.10410937500000005	0.08029411764705884
-0.2554375	0.1277437500000005	0.09622159090909087	0.08029411764705884
-0.22887500000000005	0.13677499999999965	0.09030255681818175	0.0838235294117647
-0.2783874999999999	0.06960774999999986	0.09248863636363641	0.08132352941176471
-0.2503375	0.13575974999999962	0.09450852272727275	0.09205882352941176
-0.20996250000000005	0.12967974999999976	0.09047514204545457	0.08816176470588236
-0.19827499999999998	0.12355099999999997	0.08931392045454545	0.0886764705882353
-0.23291249999999997	0.14134975000000027	0.1039964488636364	0.08830882352941177
-0.2543749999999999	0.18787500000000001	0.09829687500000002	0.0775
-0.2503375	0.14425974999999935	0.0977045454545454	0.08720588235294117
-0.26075000000000004	0.1448999999999998	0.09673721590909092	0.08117647058823531
-0.2341875	0.15549374999999976	0.1021129261363638	0.08272058823529412
-0.21676249999999997	0.20071774999999947	0.09610227272727274	0.08941176470588236
-0.252675	0.15555900000000022	0.10077059659090908	0.08580882352941177
-0.22058749999999994	0.13102975000000017	0.08451136363636363	0.08735294117647059
-0.221225	0.06569099999999972	0.08324786931818182	0.07801470588235294
-0.19296250000000004	0.06996974999999983	0.0885042613636364	0.08808823529411765
-0.26563749999999997	0.23609774999999988	0.10373437499999999	0.08397058823529412
-0.24375000000000002	0.15300000000000002	0.0980390625	0.08139705882352942
-0.23843749999999997	0.14484374999999972	0.09417613636363648	0.0798529411764706
-0.2350375	0.18507974999999988	0.08503125000000002	0.09073529411764707
-0.23121249999999993	0.16912975000000063	0.10166335227272731	0.08573529411764706
-0.2295124999999999	0.13962775000000027	0.10001420454545457	0.08191176470588236
-0.26075000000000004	0.21964999999999968	0.10013352272727269	0.07044117647058823
-0.2562875	0.10337974999999977	0.08580894886363635	0.08227941176470588
-0.22249999999999992	0.13949999999999996	0.10097088068181818	0.08139705882352942
-0.25182499999999997	0.28088900000000017	0.09097159090909092	0.0886764705882353
-0.2854	0.19414599999999993	0.10320170454545455	0.07676470588235294
-0.2752	0.19677400000000045	0.09696946022727268	0.07066176470588235
-0.21973750000000003	0.1740577499999998	0.09433167613636365	0.07551470588235294
-0.21421250000000003	0.16416974999999967	0.08968252840909088	0.09286764705882353
-0.182975	0.0983010000000002	0.08619034090909086	0.08205882352941178
-0.2660625	0.2214937499999996	0.09724005681818176	0.08279411764705882
-0.21952499999999997	0.13800100000000004	0.09698863636363637	0.08955882352941176
-0.23652499999999999	0.0762109999999998	0.09316619318181821	0.07470588235294118
-0.22568749999999993	0.1914437499999999	0.0998927556818182	0.07786764705882353
-0.232275	0.1435209999999998	0.09246519886363638	0.08007352941176471
-0.24162499999999998	0.11022499999999935	0.09521590909090911	0.08852941176470588
-0.23673750000000005	0.10272775000000012	0.08532954545454541	0.07558823529411765
-0.216125	0.173775	0.09198366477272721	0.08669117647058824
-0.25968749999999996	0.1700937499999995	0.09472798295454549	0.08345588235294119
-0.2871	0.19234599999999968	0.10134161931818185	0.08154411764705882
-0.25926249999999995	0.15666775	0.09435511363636359	0.07955882352941178
-0.22887500000000005	0.14902499999999996	0.09739772727272726	0.08132352941176471
-0.2401375	0.11817774999999964	0.10140767045454543	0.09529411764705883
-0.25054999999999994	0.16224400000000028	0.08945028409090916	0.0786764705882353
-0.2953874999999999	0.16898774999999988	0.10359801136363639	0.07705882352941178
-0.24396249999999997	0.15724975000000052	0.08806960227272725	0.09191176470588236
-0.24948749999999997	0.14606774999999983	0.08927769886363639	0.07492647058823529
-0.22611249999999994	0.12977775000000014	0.09279332386363649	0.08375
-0.20018749999999996	0.10574375000000025	0.08591761363636365	0.08852941176470588
-0.2543749999999999	0.15837499999999993	0.09520951704545451	0.08610294117647059
-0.2193124999999999	0.10719375000000042	0.0791676136363636	0.08220588235294118
-0.221225	0.11169099999999998	0.09604900568181818	0.08066176470588235
-0.21909999999999996	0.15513600000000016	0.08809517045454549	0.0775
-0.24544999999999995	0.11448400000000003	0.10587784090909089	0.08058823529411765
-0.25798750000000004	0.16162774999999963	0.09517542613636366	0.08580882352941177
-0.2567125	0.11231975000000016	0.09311505681818187	0.07529411764705883
-0.231425	0.20315899999999987	0.09947514204545449	0.08816176470588236
-0.24672499999999997	0.15020100000000047	0.0886022727272728	0.0898529411764706
-0.2180375	0.08608974999999974	0.08961221590909088	0.0763235294117647
-0.2567125	0.20781975000000008	0.1004701704545455	0.08294117647058823
-0.2752	0.15402400000000016	0.08883025568181822	0.07963235294117647
-0.257775	0.1069110000000002	0.10063423295454549	0.07698529411764705
-0.258625	0.1477750000000002	0.09770028409090906	0.08426470588235294
-0.2405624999999999	0.09969375000000014	0.09802627840909095	0.08727941176470588
-0.2346124999999999	0.09128775000000022	0.09403764204545458	0.08154411764705882
-0.2165499999999999	0.17990400000000006	0.08828693181818185	0.08676470588235294
-0.22972499999999996	0.16466099999999972	0.09725497159090904	0.08580882352941177
-0.2928375	0.19865975000000047	0.09235440340909096	0.08316176470588235
-0.24863749999999996	0.17736775000000016	0.08721519886363638	0.07639705882352942
-0.2244124999999999	0.16667975000000013	0.09630468749999999	0.08389705882352942
-0.23397500000000004	0.1509709999999993	0.09223295454545453	0.08735294117647059
-0.2456625	0.12997974999999995	0.09693963068181816	0.08360294117647059
-0.2779625	0.11776975000000034	0.10878409090909098	0.0773529411764706
-0.18786250000000004	0.06170775000000006	0.09215838068181816	0.09169117647058825
-0.23588750000000003	0.1779077499999997	0.0908650568181818	0.08176470588235295
-0.24119999999999997	0.13296399999999986	0.10482315340909097	0.08213235294117648
-0.23354999999999992	0.12192400000000037	0.10008451704545455	0.08698529411764706
-0.231425	0.15190899999999985	0.08774360795454546	0.09301470588235294
-0.22016249999999993	0.11666975000000024	0.09741903409090914	0.09279411764705883
-0.23524999999999996	0.16735000000000033	0.08791832386363632	0.08169117647058824
-0.23886249999999998	0.13636775000000023	0.09144886363636362	0.0763235294117647
-0.2599	0.1500559999999993	0.09111221590909087	0.0886764705882353
-0.24375000000000002	0.13474999999999993	0.10099644886363636	0.07272058823529412
-0.2184624999999999	0.11120975000000044	0.0885255681818182	0.08455882352941176
-0.29135	0.1604559999999995	0.0988764204545455	0.08044117647058824
-0.23078750000000003	0.15756974999999995	0.08445596590909088	0.0798529411764706
-0.20847499999999997	0.15036099999999974	0.09361150568181817	0.08272058823529412
-0.25288750000000004	0.13653774999999957	0.09516477272727275	0.08176470588235295
-0.20571249999999996	0.07398974999999952	0.08972301136363635	0.08411764705882352
-0.22101249999999995	0.16538775000000028	0.09014062499999997	0.07852941176470589
-0.27031249999999996	0.1158437499999998	0.09872727272727277	0.07529411764705883
-0.19274999999999998	0.13385000000000025	0.09126562499999996	0.08897058823529412
-0.2397125	0.1174097500000002	0.0856768465909091	0.07433823529411764
-0.2516124999999999	0.16690775000000002	0.09698863636363639	0.075
-0.23588750000000003	0.13290774999999977	0.09548224431818181	0.08919117647058825
-0.1995499999999999	0.14243400000000062	0.09727414772727278	0.09264705882352942
-0.25841249999999993	0.1410597499999997	0.09456818181818177	0.07720588235294118
-0.2290875	0.08855974999999994	0.09073934659090908	0.09080882352941178
-0.27541249999999995	0.14844974999999971	0.0955227272727273	0.0888235294117647
-0.2669125	0.06652974999999994	0.09267826704545451	0.0699264705882353
-0.2133625	0.11888774999999985	0.08652059659090909	0.08477941176470588
-0.2681875	0.13069374999999983	0.09507954545454544	0.08544117647058823
-0.18871249999999995	0.15147974999999958	0.0907414772727272	0.08705882352941176
-0.22993750000000002	0.1309437499999997	0.09721661931818179	0.09654411764705882
-0.2507625	0.08397775000000074	0.09216264204545448	0.08580882352941177
-0.19020000000000004	0.16812399999999972	0.08606676136363635	0.0861764705882353
-0.22993750000000002	0.2156937499999998	0.09289985795454545	0.08066176470588235
-0.21952499999999997	0.13675099999999984	0.08697017045454544	0.08970588235294118
-0.29347499999999993	0.2720609999999999	0.09759801136363641	0.07602941176470589
-0.23354999999999992	0.13767400000000007	0.08813139204545453	0.08433823529411764
-0.21633749999999996	0.09208974999999997	0.09452556818181818	0.07808823529411765
-0.20103749999999998	0.12364975000000022	0.09443821022727271	0.08022058823529411
-0.23121249999999993	0.07937975000000064	0.08604545454545458	0.08132352941176471
-0.2452375	0.14948775000000003	0.08870667613636363	0.08419117647058824
-0.22781249999999997	0.19334375000000037	0.1020724431818182	0.08088235294117647
-0.23716249999999994	0.12975975000000028	0.09180255681818182	0.075
-0.26521249999999996	0.21694974999999994	0.10059588068181807	0.08639705882352942
-0.24459999999999993	0.1539960000000007	0.09630681818181815	0.08705882352941176
-0.24736249999999993	0.13817775000000054	0.09614701704545449	0.08227941176470588
-0.2216499999999999	0.1492960000000001	0.09350284090909093	0.07808823529411765
-0.20571249999999996	0.15423974999999945	0.10125426136363634	0.0823529411764706
-0.19572499999999993	0.0987309999999999	0.0898039772727273	0.08470588235294117
-0.26563749999999997	0.20859775000000003	0.10184019886363632	0.07683823529411764
-0.26946249999999994	0.10683974999999979	0.09173863636363636	0.08147058823529413
-0.24162499999999998	0.09272499999999928	0.0835951704545455	0.08573529411764706
-0.22568749999999993	0.16969374999999998	0.09348153409090909	0.08823529411764706
-0.285825	0.1726989999999997	0.08577059659090912	0.09227941176470587
-0.2456625	0.18372974999999991	0.08857670454545455	0.0798529411764706
-0.29071250000000004	0.13803975000000035	0.09890198863636365	0.075
-0.2239875	0.16758775000000004	0.09232031249999997	0.08919117647058825
-0.23588750000000003	0.10265774999999966	0.09837784090909092	0.07661764705882354
-0.22462499999999996	0.13947499999999957	0.09192826704545456	0.08330882352941177
-0.26988750000000006	0.0867177499999996	0.09568252840909089	0.06889705882352942
-0.23099999999999998	0.10360000000000014	0.0981328125	0.08198529411764706
-0.24863749999999996	0.10986775000000026	0.09646235795454547	0.08551470588235295
-0.23354999999999992	0.10167400000000004	0.09420809659090909	0.07977941176470588
-0.2824249999999999	0.12796899999999978	0.09386718749999995	0.07669117647058823
-0.27605	0.166474	0.10483806818181829	0.07602941176470589
-0.22228749999999997	0.019699750000000016	0.09041548295454546	0.0849264705882353
-0.28688749999999996	0.20394775000000065	0.09608522727272728	0.07764705882352942
-0.21548749999999994	0.14457774999999984	0.09098650568181818	0.08389705882352942
-0.22483750000000002	0.11451974999999992	0.08905610795454544	0.07551470588235294
-0.23312500000000003	0.15312499999999973	0.08951846590909092	0.0825
-0.2728625	0.1765577499999993	0.09732954545454547	0.07911764705882354
-0.23695	0.12899400000000005	0.08684446022727278	0.08419117647058824
-0.27349999999999997	0.11559999999999926	0.10120738636363637	0.08838235294117647
-0.24438749999999998	0.08799774999999954	0.10267329545454548	0.0838235294117647
-0.26627499999999993	0.07919100000000023	0.10251988636363638	0.07147058823529412
-0.23801249999999996	0.13456774999999999	0.09637926136363634	0.08220588235294118
-0.23099999999999998	0.14460000000000006	0.08895596590909093	0.08014705882352942
-0.22249999999999992	0.16075000000000017	0.09286150568181817	0.08933823529411766
-0.23695	0.10299400000000025	0.09149573863636365	0.09382352941176471
-0.24821249999999995	0.09413975000000008	0.09356036931818178	0.07654411764705882
-0.21548749999999994	0.15082774999999993	0.08844673295454551	0.09007352941176472
-0.2618125	0.19044375000000002	0.08637997159090911	0.08007352941176471
-0.24736249999999993	0.18117775000000025	0.09624715909090913	0.07455882352941177
-0.24375000000000002	0.21075	0.09696306818181816	0.07941176470588236
-0.216125	0.0822750000000001	0.08737713068181818	0.07580882352941176
-0.23354999999999992	0.14442400000000033	0.09395667613636359	0.0700735294117647
-0.24970000000000003	0.07455399999999957	0.09084161931818181	0.07639705882352942
-0.26415	0.19794599999999996	0.09510724431818182	0.07639705882352942
-0.22462499999999996	0.16397499999999976	0.09814133522727272	0.07713235294117647
-0.23291249999999997	0.15084975000000034	0.09422514204545455	0.09183823529411766
-0.28008749999999993	0.16668975000000064	0.09181960227272726	0.07941176470588236
-0.20868749999999991	0.1599437500000005	0.088416903409091	0.08345588235294119
-0.252675	0.11955900000000019	0.08860227272727267	0.0713235294117647
-0.2928375	0.2121597500000001	0.09835014204545452	0.08257352941176471
-0.237375	0.19852499999999962	0.09724431818181822	0.08102941176470589
-0.25649999999999995	0.17959999999999976	0.08808025568181818	0.08463235294117648
-0.2346124999999999	0.23178775000000051	0.0956782670454546	0.07830882352941176
-0.24375000000000002	0.12674999999999992	0.0969225852272727	0.07904411764705882
-0.2605375	0.2524397499999993	0.08919247159090911	0.08625000000000001
-0.25883750000000005	0.19173975000000043	0.09122301136363634	0.07852941176470589
-0.22823749999999998	0.15866774999999977	0.09332812499999997	0.0838235294117647
-0.26244999999999996	0.12481399999999976	0.09040269886363637	0.08477941176470588
-0.24970000000000003	0.12455399999999939	0.09095241477272728	0.09433823529411764
-0.22334999999999994	0.06819599999999992	0.08918394886363633	0.0824264705882353
-0.24970000000000003	0.19980399999999943	0.09360937500000001	0.0773529411764706
-0.24629999999999996	0.2199639999999996	0.09600639204545457	0.0799264705882353
-0.26478750000000006	0.19554974999999963	0.0999950284090909	0.08080882352941177
-0.2456625	0.18347975000000005	0.09696946022727272	0.07889705882352942
-0.23036249999999991	0.09400775000000028	0.09735724431818188	0.08463235294117648
-0.2558625	0.21393774999999993	0.09858451704545451	0.09036764705882354
-0.2701	0.1521559999999993	0.09818821022727278	0.07566176470588235
-0.2562875	0.17412974999999964	0.09041974431818182	0.07830882352941176
-0.22781249999999997	0.1655937500000002	0.08986363636363637	0.08705882352941176
-0.215275	0.1752609999999999	0.09414630681818184	0.08294117647058823
-0.24587499999999995	0.15822500000000028	0.0933920454545455	0.08279411764705882
-0.2231375	0.1421477499999999	0.08820170454545458	0.08647058823529412
-0.26754999999999995	0.1718639999999998	0.09603622159090912	0.08183823529411764
-0.22781249999999997	0.12409375000000056	0.09426136363636367	0.08073529411764707
-0.21442499999999998	0.1392389999999999	0.09328125000000004	0.09191176470588236
-0.2764749999999999	0.1458210000000002	0.10050000000000003	0.08205882352941178
-0.29347499999999993	0.1320610000000002	0.10161647727272734	0.08397058823529412
-0.248	0.16115000000000013	0.09422940340909086	0.08625000000000001
-0.257775	0.2474110000000005	0.08308593750000004	0.08816176470588236
-0.24141249999999992	0.1537197500000005	0.0979133522727273	0.08808823529411765
-0.24353749999999996	0.1274997499999997	0.09963920454545451	0.0786764705882353
-0.273925	0.1332090000000008	0.10219389204545448	0.07713235294117647
-0.1967875	0.09803975000000031	0.09144034090909087	0.09382352941176471
-0.21357499999999996	0.1889590000000001	0.09889772727272725	0.08132352941176471
-0.204225	0.17910099999999973	0.10214914772727277	0.07852941176470589
-0.23354999999999992	0.06192400000000031	0.09077982954545455	0.08499999999999999
-0.21591250000000006	0.1372097499999998	0.08371022727272728	0.07838235294117647
-0.24821249999999995	0.0961397500000003	0.10321235795454542	0.07816176470588235
-0.2575624999999999	0.14519375000000023	0.0894268465909091	0.08036764705882353
-0.23270000000000002	0.15482400000000007	0.09066690340909088	0.08080882352941177
-0.25331249999999994	0.21799374999999976	0.08715980113636365	0.08698529411764706
-0.24268749999999994	0.1522437499999998	0.09011505681818188	0.07470588235294118
-0.2622375	0.10110775000000016	0.10307386363636359	0.07882352941176471
-0.27222499999999994	0.1247609999999999	0.10425426136363636	0.08176470588235295
-0.2548	0.1853240000000005	0.09535014204545458	0.07625
-0.23652499999999999	0.12921099999999974	0.08738139204545453	0.08904411764705883
-0.2609625	0.15460975000000055	0.09345809659090906	0.07463235294117647
-0.27031249999999996	0.18384374999999986	0.09714843750000003	0.08272058823529412
-0.25097499999999995	0.16496100000000036	0.10363210227272726	0.08073529411764707
-0.26117499999999993	0.12356900000000026	0.09643892045454544	0.08352941176470588
-0.26287499999999997	0.15347500000000025	0.09888494318181822	0.08529411764705883
-0.25841249999999993	0.1633097499999998	0.09157670454545458	0.07779411764705883
-0.22058749999999994	0.11852974999999999	0.09066903409090911	0.0713235294117647
-0.22249999999999992	0.16449999999999987	0.09459588068181826	0.08345588235294119
-0.2635124999999999	0.18558774999999983	0.09076917613636364	0.08257352941176471
-0.24778750000000005	0.18040974999999948	0.09641974431818182	0.08419117647058824
-0.2456625	0.12047974999999989	0.09412713068181816	0.0899264705882353
-0.21208749999999998	0.10369975000000009	0.0893096590909091	0.0911764705882353
-0.29305000000000003	0.1412939999999998	0.09674573863636363	0.08573529411764706
-0.2660625	0.14799374999999948	0.09698224431818178	0.07742647058823529
-0.22334999999999994	0.15094600000000025	0.09761079545454546	0.06808823529411766
-0.2535249999999999	0.10547100000000098	0.09186647727272725	0.07558823529411765
-0.2839125	0.13431974999999996	0.09594034090909093	0.08014705882352942
-0.2456625	0.10322974999999968	0.08913494318181821	0.08588235294117647
-0.20889999999999997	0.12727600000000017	0.09470241477272723	0.0750735294117647
-0.24353749999999996	0.07999974999999981	0.09009375000000006	0.07558823529411765
-0.1967875	0.1432897500000001	0.08687642045454547	0.09647058823529413
-0.23270000000000002	0.09282400000000024	0.09796661931818182	0.09286764705882353
-0.24778750000000005	0.06365974999999979	0.0917066761363636	0.08595588235294119
-0.27498749999999994	0.15684774999999984	0.10389417613636365	0.07713235294117647
-0.25097499999999995	0.10821100000000028	0.09404616477272729	0.08389705882352942
-0.2732874999999999	0.11141975000000093	0.09625568181818184	0.07897058823529413
-0.23949999999999994	0.1149	0.09098224431818178	0.07933823529411764
-0.23886249999999998	0.20486775000000046	0.0915617897727273	0.08477941176470588
-0.2741374999999999	0.19188775000000025	0.09336434659090911	0.07316176470588236
-0.24119999999999997	0.1524639999999997	0.10124786931818183	0.07433823529411764
-0.27690000000000003	0.16666599999999931	0.10110724431818181	0.07654411764705882
-0.23695	0.13724400000000037	0.09663068181818177	0.07602941176470589
-0.22483750000000002	0.11176974999999967	0.0956143465909091	0.09036764705882354
-0.2465124999999999	0.12120774999999995	0.0971953125	0.08066176470588235
-0.25649999999999995	0.22809999999999953	0.08968465909090914	0.08397058823529412
-0.2350375	0.13057974999999988	0.09016193181818183	0.08161764705882354
-0.2492749999999999	0.13958100000000018	0.10060014204545452	0.08551470588235295
-0.2603249999999999	0.16122900000000095	0.09194957386363636	0.07433823529411764
-0.2392875	0.10613974999999964	0.09091193181818186	0.07852941176470589
-0.24672499999999997	0.1432010000000008	0.09084375	0.07647058823529412
-0.20762499999999995	0.103275	0.08882386363636369	0.0748529411764706
-0.2503375	0.09100974999999956	0.09215411931818182	0.09169117647058825
-0.2550125	0.19704774999999985	0.09148934659090903	0.08654411764705883
-0.24375000000000002	0.12049999999999983	0.08775852272727269	0.09044117647058823
-0.2520375	0.06386975000000028	0.08977840909090916	0.08705882352941176
-0.22292500000000004	0.1998489999999995	0.09006392045454543	0.07808823529411765
-0.21676249999999997	0.18096774999999932	0.08771164772727282	0.07970588235294118
-0.27732499999999993	0.1962590000000004	0.09571448863636361	0.0775
-0.23631249999999993	0.10219375000000053	0.09081178977272725	0.08036764705882353
-0.22568749999999993	0.13194375000000003	0.09440838068181817	0.07683823529411764
-0.24948749999999997	0.22381774999999982	0.08988707386363634	0.08330882352941177
-0.2779625	0.22051975000000068	0.09242897727272724	0.08308823529411764
-0.21314999999999995	0.28006600000000015	0.0902684659090909	0.08205882352941178
-0.23206249999999995	0.1354937500000002	0.08845099431818179	0.08154411764705882
-0.24629999999999996	0.10421399999999936	0.1018103693181818	0.08404411764705882
-0.23376249999999998	0.18094775000000007	0.0923970170454546	0.0799264705882353
-0.22419999999999995	0.05988400000000027	0.09644105113636363	0.08345588235294119
-0.23078750000000003	0.15356974999999995	0.09803267045454547	0.08661764705882352
-0.2558625	0.11843775000000001	0.09261860795454549	0.08110294117647059
-0.22186249999999996	0.1498477500000006	0.08510582386363642	0.07948529411764706
-0.21676249999999997	0.17871774999999923	0.09946661931818188	0.07742647058823529
-0.29113749999999994	0.18231775000000017	0.08733451704545453	0.08007352941176471
-0.2074125	0.13543974999999975	0.08626704545454544	0.09691176470588236
-0.2558625	0.10993774999999983	0.09033451704545456	0.06875
-0.23716249999999994	0.06150975000000036	0.09908948863636363	0.08397058823529412
-0.269675	0.12852900000000034	0.09197301136363642	0.07779411764705883
-0.2511875	0.08119374999999973	0.09299786931818184	0.08889705882352943
-0.24608750000000001	0.2372197499999995	0.08937357954545462	0.08411764705882352
-0.21867499999999995	0.09951899999999947	0.09419105113636364	0.08389705882352942
-0.26436249999999994	0.10664775000000049	0.09063920454545456	0.07647058823529412
-0.23185	0.07896599999999987	0.09295312499999998	0.08573529411764706
-0.25905	0.09770399999999979	0.09083096590909089	0.08794117647058823
-0.252675	0.1365590000000001	0.10349573863636366	0.07147058823529412
-0.22207500000000002	0.15439899999999973	0.0876328125	0.08610294117647059
-0.2550125	0.12979774999999982	0.10218750000000001	0.0725
-0.29156249999999995	0.16559375000000065	0.10347443181818171	0.08088235294117647
-0.2715875	0.17520975000000005	0.1057563920454545	0.07727941176470587
-0.2290875	0.1555597500000001	0.09791122159090906	0.08816176470588236
-0.22101249999999995	0.2183877500000002	0.09121022727272729	0.07794117647058824
-0.22929999999999995	0.11109400000000003	0.10218110795454552	0.07757352941176471
-0.2618125	0.12794375000000002	0.09339843750000001	0.07477941176470587
-0.2830625	0.22494374999999955	0.09857386363636372	0.075
-0.22844999999999993	0.1282040000000002	0.1033380681818182	0.0773529411764706
-0.26670000000000005	0.30133399999999977	0.09503693181818185	0.08132352941176471
-0.24396249999999997	0.1109997500000004	0.09038991477272734	0.07860294117647058
-0.23397500000000004	0.14547099999999968	0.08242542613636367	0.08345588235294119
-0.22547499999999998	0.08840099999999973	0.08886647727272733	0.08970588235294118
-0.296025	0.21837099999999943	0.09409517045454545	0.07882352941176471
-0.23270000000000002	0.1285740000000004	0.08981676136363634	0.07955882352941178
-0.2180375	0.1670897499999997	0.08213352272727274	0.09191176470588236
-0.26670000000000005	0.16708399999999957	0.1048657670454545	0.07860294117647058
-0.21506250000000005	0.1951937499999996	0.0978813920454546	0.08389705882352942
-0.27031249999999996	0.17259374999999988	0.08639914772727264	0.07191176470588236
-0.21038749999999995	0.14133774999999993	0.09053693181818186	0.08014705882352942
-0.22823749999999998	0.1244177500000001	0.08604119318181815	0.0775
-0.25331249999999994	0.15674374999999996	0.08762855113636367	0.07536764705882353
-0.24417499999999992	0.06474900000000039	0.0943146306818182	0.0799264705882353
-0.2603249999999999	0.11447900000000066	0.10126491477272728	0.08360294117647059
-0.25798750000000004	0.17837774999999967	0.09998224431818185	0.08110294117647059
-0.2295124999999999	0.16562775000000052	0.10221519886363635	0.07169117647058823
-0.24970000000000003	0.13505399999999934	0.0953884943181818	0.07536764705882353
-0.2815749999999999	0.15082900000000032	0.09374573863636365	0.07044117647058823
-0.23099999999999998	0.18535000000000013	0.09607883522727272	0.08360294117647059
-0.27456249999999993	0.2829937500000006	0.09522656250000006	0.07330882352941177
-0.20486250000000006	0.05762774999999998	0.08568323863636364	0.07779411764705883
-0.21718749999999998	0.09934375000000006	0.10051491477272724	0.08389705882352942
-0.2208	0.15483400000000014	0.08770738636363633	0.07926470588235295
-0.22844999999999993	0.07445400000000024	0.09088210227272736	0.08029411764705884
-0.23206249999999995	0.11474375000000014	0.10318465909090915	0.0886764705882353
-0.2165499999999999	0.19740400000000013	0.1016463068181818	0.09058823529411765
-0.21718749999999998	0.1535937500000002	0.09013423295454547	0.07786764705882353
-0.23992500000000005	0.12741899999999973	0.09540127840909086	0.07654411764705882
-0.24438749999999998	0.14499774999999948	0.0987741477272727	0.08514705882352941
-0.21102500000000002	0.16332099999999983	0.09946875000000002	0.08367647058823528
-0.23036249999999991	0.09000775000000028	0.09546093750000001	0.08169117647058824
-0.28561249999999994	0.26829775000000033	0.10168678977272726	0.07654411764705882
-0.2392875	0.2081397499999995	0.09039843750000001	0.07816176470588235
-0.275625	0.06412499999999977	0.09770880681818186	0.08147058823529413
-0.23291249999999997	0.1835997500000004	0.09425497159090912	0.08477941176470588
-0.26712499999999995	0.21797500000000047	0.09522230113636357	0.07860294117647058
-0.26712499999999995	0.1824750000000006	0.10373437499999996	0.0888235294117647
-0.2452375	0.12923775000000015	0.09150426136363633	0.07970588235294118
-0.22568749999999993	0.07719374999999973	0.09371590909090907	0.08544117647058823
-0.26585000000000003	0.16229599999999955	0.09337073863636369	0.08323529411764706
-0.2633	0.13138399999999928	0.09996093749999999	0.07698529411764705
-0.21102500000000002	0.1613209999999996	0.0912315340909091	0.07808823529411765
-0.28093749999999995	0.10784375000000024	0.10539843750000004	0.07727941176470587
-0.2594749999999999	0.18938100000000002	0.08858096590909088	0.07764705882352942
-0.2392875	0.12788974999999958	0.09014914772727273	0.09014705882352941
-0.27095	0.2606539999999993	0.0965838068181818	0.08426470588235294
-0.25564999999999993	0.17796600000000007	0.09760866477272731	0.08566176470588235
-0.20975	0.11509999999999998	0.08273650568181819	0.08625000000000001
-0.22653749999999995	0.058359750000000155	0.09334303977272736	0.08772058823529412
-0.2645749999999999	0.09759900000000021	0.10558806818181815	0.08676470588235294
-0.2701	0.242405999999999	0.09187500000000001	0.09602941176470589
-0.22101249999999995	0.13913775000000017	0.09627059659090903	0.09183823529411766
-0.248	0.13664999999999994	0.08485440340909088	0.07948529411764706
-0.2558625	0.18443774999999984	0.09088849431818183	0.08375
-0.29347499999999993	0.08081099999999974	0.0859453125	0.07860294117647058
-0.25097499999999995	0.2037110000000002	0.09407599431818184	0.07904411764705882
-0.2660625	0.11424374999999953	0.10439914772727271	0.08191176470588236
-0.296875	0.18387499999999957	0.10763352272727278	0.07970588235294118
-0.24311249999999995	0.1132477500000002	0.08776917613636356	0.0874264705882353
-0.23354999999999992	0.147424	0.1008110795454546	0.08279411764705882
-0.24714999999999998	0.07743600000000006	0.10160156249999996	0.08301470588235295
-0.2516124999999999	0.19565775000000007	0.09427840909090912	0.0786764705882353
-0.220375	0.1272249999999997	0.09868892045454548	0.07794117647058824
-0.2492749999999999	0.07833100000000037	0.09624715909090913	0.08485294117647059
-0.22738749999999996	0.08451775000000028	0.09016619318181816	0.08485294117647059
-0.2552249999999999	0.20252099999999995	0.10009090909090909	0.0786764705882353
-0.27456249999999993	0.17624375000000025	0.09988849431818186	0.07139705882352941
-0.23864999999999992	0.14035600000000015	0.09334517045454538	0.08205882352941178
-0.2654249999999999	0.157899	0.08824644886363633	0.0911029411764706
-0.24608750000000001	0.18471974999999974	0.10125000000000005	0.08073529411764707
-0.23270000000000002	0.12007400000000024	0.09323224431818183	0.08404411764705882
-0.23758749999999995	0.14278974999999994	0.1069176136363637	0.08220588235294118
-0.21102500000000002	0.14907099999999973	0.08815909090909095	0.08735294117647059
-0.22802500000000003	0.1263809999999994	0.09500284090909081	0.07955882352941178
-0.20443749999999994	0.13519375	0.09631321022727271	0.0799264705882353
-0.24141249999999992	0.16221975000000022	0.09581463068181825	0.08389705882352942
-0.2208	0.0745840000000002	0.10280326704545462	0.07625
-0.2484249999999999	0.1678790000000001	0.08784801136363636	0.07838235294117647
-0.19296250000000004	0.09421975000000016	0.08829758522727274	0.08507352941176471
-0.25734999999999997	0.12472599999999989	0.09311292613636364	0.08051470588235295
-0.23333749999999998	0.1316497499999998	0.08291122159090913	0.07566176470588235
-0.220375	0.09947499999999998	0.0956420454545455	0.08102941176470589
-0.24906249999999996	0.11809374999999989	0.10062571022727279	0.07845588235294118
-0.23716249999999994	0.14450975000000055	0.09341974431818183	0.06963235294117646
-0.25182499999999997	0.12738899999999997	0.08976562499999996	0.08029411764705884
-0.22887500000000005	0.09702499999999992	0.09836931818181817	0.08014705882352942
-0.2125125	0.08534774999999994	0.08123863636363639	0.08838235294117647
-0.2208	0.09883400000000009	0.09655823863636369	0.0763235294117647
-0.19381250000000005	0.09419374999999963	0.08327130681818179	0.08029411764705884
-0.20528749999999996	0.17555975000000013	0.09608096590909095	0.08838235294117647
-0.2452375	0.14073775000000044	0.0886598011363637	0.0824264705882353
-0.23206249999999995	0.12749375000000018	0.08973579545454553	0.07426470588235294
-0.25798750000000004	0.13712774999999988	0.09617471590909096	0.08647058823529412
-0.23801249999999996	0.11581775000000016	0.09269531250000002	0.07830882352941176
-0.24629999999999996	0.18146399999999963	0.09353053977272731	0.08286764705882353
-0.2484249999999999	0.2116290000000003	0.09499857954545457	0.07941176470588236
-0.25692499999999996	0.1480390000000007	0.09765553977272728	0.08595588235294119
-0.24863749999999996	0.11236775000000021	0.1002762784090909	0.08786764705882354
-0.24672499999999997	0.14095100000000071	0.09014914772727278	0.08838235294117647
-0.2715875	0.16145975000000012	0.1010284090909091	0.07794117647058824
-0.243325	0.1634989999999994	0.09604687500000003	0.07970588235294118
-0.2582	0.13234400000000024	0.09510724431818181	0.08330882352941177
-0.25649999999999995	0.10784999999999956	0.09163423295454541	0.07595588235294118
-0.20443749999999994	0.12269374999999982	0.08816122159090914	0.09610294117647059
-0.23206249999999995	0.1627437500000002	0.0880589488636364	0.08713235294117648
-0.2603249999999999	0.1322290000000006	0.09141051136363641	0.07882352941176471
-0.2503375	0.1572597499999997	0.09931107954545453	0.0725
-0.29899999999999993	0.14410000000000078	0.09160440340909087	0.08816176470588236
-0.23099999999999998	0.17910000000000004	0.0876328125	0.08345588235294119
-0.21824999999999994	0.1321500000000002	0.09138068181818185	0.08132352941176471
-0.26478750000000006	0.15229974999999962	0.09021093750000003	0.07301470588235294
-0.21229999999999993	0.09952400000000017	0.09382457386363635	0.08316176470588235
-0.242475	0.09924099999999969	0.09675639204545461	0.07551470588235294
-0.25564999999999993	0.20246600000000026	0.09795383522727276	0.08963235294117648
-0.20804999999999996	0.12369400000000041	0.0911058238636364	0.09051470588235296
-0.2732874999999999	0.2254197500000008	0.09738494318181813	0.08426470588235294
-0.22887500000000005	0.10402500000000003	0.09765127840909094	0.07948529411764706
-0.22143749999999995	0.13474374999999972	0.09488565340909089	0.0874264705882353
-0.2023125	0.2227437499999998	0.08890482954545453	0.08073529411764707
-0.20401250000000004	0.10600774999999985	0.09774928977272732	0.07860294117647058
-0.232275	0.1100209999999997	0.09840127840909095	0.08139705882352942
-0.2618125	0.22994375000000034	0.10460795454545457	0.07647058823529412
-0.22334999999999994	0.12469600000000014	0.09265482954545452	0.07558823529411765
-0.28178749999999997	0.28448974999999965	0.10586505681818181	0.08147058823529413
-0.2713749999999999	0.1460250000000003	0.0927869318181819	0.09102941176470589
-0.2452375	0.10098775000000026	0.08991264204545446	0.08051470588235295
-0.25182499999999997	0.11963900000000027	0.09305113636363638	0.08838235294117647
-0.2713749999999999	0.10427500000000034	0.09116122159090906	0.07566176470588235
-0.2350375	0.08157974999999995	0.09092045454545453	0.0863235294117647
-0.2354624999999999	0.23361975000000035	0.11297514204545464	0.08095588235294118
-0.268825	0.17926899999999968	0.0997798295454545	0.06573529411764706
-0.2401375	0.11517774999999997	0.09555468750000007	0.09051470588235296
-0.22844999999999993	0.17570400000000008	0.0862840909090909	0.09823529411764707
-0.26075000000000004	0.15139999999999976	0.09736789772727271	0.07779411764705883
-0.21952499999999997	0.20050100000000004	0.09289133522727272	0.0874264705882353
-0.28093749999999995	0.0808437500000001	0.10281178977272722	0.07227941176470588
-0.28115	0.11950599999999989	0.1073117897727273	0.08213235294117648
-0.23482500000000006	0.060308999999999724	0.09015340909090916	0.07411764705882354
-0.24672499999999997	0.11395100000000058	0.10140553977272726	0.09522058823529411
-0.182975	0.11705100000000002	0.09411860795454548	0.08536764705882353
-0.2594749999999999	0.11063100000000015	0.09341122159090905	0.08595588235294119
-0.25182499999999997	0.14213900000000024	0.09166832386363633	0.08536764705882353
-0.21314999999999995	0.13806600000000024	0.09232244318181816	0.08529411764705883
-0.23822500000000002	0.1558309999999996	0.09783025568181818	0.08404411764705882
-0.2286625	0.11473975000000047	0.08695738636363641	0.08588235294117647
-0.2575624999999999	0.1766937500000001	0.09527769886363632	0.07404411764705882
-0.2854	0.10539599999999982	0.08651207386363634	0.0724264705882353
-0.23716249999999994	0.1487597500000004	0.09533735795454545	0.07860294117647058
-0.23312500000000003	0.23787499999999984	0.09292755681818177	0.08470588235294117
-0.23206249999999995	0.16649375000000033	0.09316832386363635	0.08654411764705883
-0.24417499999999992	0.11799900000000063	0.09488778409090912	0.08191176470588236
-0.2554375	0.13199375000000035	0.09663920454545459	0.08308823529411764
-0.2259	0.14198600000000017	0.09788565340909092	0.08698529411764706
-0.27498749999999994	0.21609774999999987	0.09759801136363638	0.0748529411764706
-0.22207500000000002	0.10264899999999999	0.08984659090909085	0.08044117647058824
-0.22929999999999995	0.15209399999999995	0.09632173295454549	0.08007352941176471
-0.2520375	0.1413697500000004	0.10601207386363642	0.08360294117647059
-0.26287499999999997	0.142725	0.11164133522727268	0.07669117647058823
-0.25054999999999994	0.2527440000000003	0.09866548295454547	0.07669117647058823
-0.279875	0.1895250000000006	0.09905539772727269	0.07426470588235294
-0.2259	0.12423600000000024	0.09951349431818178	0.08801470588235295
-0.24948749999999997	0.23456775000000007	0.09028125000000002	0.08529411764705883
-0.23312500000000003	0.10587499999999972	0.10372585227272725	0.08088235294117647
-0.2354624999999999	0.19136975000000067	0.09343678977272724	0.08022058823529411
-0.24119999999999997	0.08621400000000001	0.09194105113636362	0.08683823529411766
-0.2531	0.14076599999999928	0.09186008522727274	0.07757352941176471
-0.2295124999999999	0.1728777500000005	0.09747443181818183	0.07558823529411765
-0.26011249999999997	0.16901775000000008	0.09545454545454551	0.0763235294117647
-0.24034999999999995	0.1316860000000002	0.09148508522727275	0.07330882352941177
-0.23588750000000003	0.14090774999999978	0.09633664772727274	0.07691176470588236
-0.2728625	0.1380577499999993	0.09302982954545456	0.08514705882352941
-0.20018749999999996	0.16874375000000041	0.09665198863636365	0.08602941176470588
-0.27222499999999994	0.17651099999999964	0.10540056818181814	0.08544117647058823
-0.24205	0.10048400000000024	0.09634090909090907	0.07720588235294118
-0.26117499999999993	0.20181900000000041	0.10664275568181825	0.08816176470588236
-0.25225	0.10709999999999997	0.0893544034090909	0.09257352941176471
-0.23652499999999999	0.12121099999999974	0.09482812500000003	0.08088235294117647
-0.29751249999999996	0.11799774999999935	0.09578480113636358	0.07977941176470588
-0.29517499999999997	0.1336090000000003	0.09837997159090903	0.08389705882352942
-0.26670000000000005	0.1353339999999994	0.10316122159090915	0.07713235294117647
-0.301975	0.1484810000000003	0.09304900568181818	0.07183823529411765
-0.22675	0.22990000000000022	0.09728906249999997	0.08889705882352943
-0.23907500000000004	0.1403789999999998	0.09957954545454548	0.08102941176470589
-0.2295124999999999	0.09437775000000048	0.10052556818181824	0.08191176470588236
-0.21102500000000002	0.08207099999999956	0.10271803977272734	0.07933823529411764
-0.2613875	0.1247777499999998	0.10856250000000003	0.07911764705882354
-0.2673375	0.19491974999999906	0.0996583806818182	0.07448529411764705
-0.21867499999999995	0.10326899999999961	0.09322372159090904	0.09066176470588236
-0.19742499999999996	0.12086900000000034	0.09651988636363638	0.08691176470588236
-0.2216499999999999	0.13254600000000005	0.09683096590909095	0.08544117647058823
-0.2235624999999999	0.16749375000000022	0.08293678977272728	0.07566176470588235
-0.20911250000000003	0.08835774999999968	0.09507741477272726	0.08610294117647059
-0.2633	0.202383999999999	0.10121803977272735	0.08963235294117648
-0.2295124999999999	0.20762775000000033	0.0973785511363636	0.08183823529411764
-0.2465124999999999	0.14245775000000016	0.0861434659090909	0.08279411764705882
-0.2715875	0.1659597500000003	0.09828622159090913	0.08683823529411766
-0.2397125	0.2576597500000002	0.09103338068181818	0.09183823529411766
-0.23439999999999994	0.14726599999999967	0.10391548295454547	0.08507352941176471
-0.24885000000000002	0.21860599999999986	0.09204119318181818	0.09044117647058823
-0.24757499999999988	0.22541900000000048	0.0965049715909091	0.07742647058823529
-0.24205	0.21598400000000018	0.09643678977272735	0.08875000000000001
-0.24183750000000004	0.1909797499999999	0.09710795454545458	0.08558823529411765
-0.2594749999999999	0.1303810000000003	0.09159801136363635	0.07779411764705883
-0.22504999999999997	0.12331400000000015	0.08965056818181816	0.08132352941176471
-0.22781249999999997	0.0823437500000006	0.10152485795454545	0.08036764705882353
-0.21463749999999993	0.18430775000000033	0.09871448863636365	0.08058823529411765
-0.2571375	0.13575774999999934	0.10826207386363637	0.0849264705882353
-0.2105999999999999	0.12691600000000047	0.0906775568181818	0.08499999999999999
-0.27031249999999996	0.24259375000000016	0.09180468749999994	0.08816176470588236
-0.25692499999999996	0.07453900000000058	0.08910298295454544	0.08477941176470588
-0.25905	0.1994539999999998	0.08576207386363638	0.07610294117647058
-0.22228749999999997	0.12019974999999983	0.08827840909090905	0.07779411764705883
-0.2711625	0.15933975	0.10422869318181824	0.07955882352941178
-0.2350375	0.17582975000000012	0.09458096590909087	0.08897058823529412
-0.23843749999999997	0.12059374999999983	0.0921285511363637	0.08051470588235295
-0.23588750000000003	0.15540774999999973	0.09066264204545454	0.09419117647058824
-0.2524624999999999	0.19957974999999983	0.10409446022727273	0.08977941176470589
-0.2484249999999999	0.15812900000000019	0.08854687499999998	0.08088235294117647
-0.21697500000000003	0.10453100000000015	0.0919794034090909	0.08801470588235295
-0.25692499999999996	0.01053900000000052	0.09502201704545453	0.08316176470588235
-0.23588750000000003	0.16565774999999983	0.09334517045454546	0.09558823529411765
-0.27307499999999996	0.18073899999999998	0.10410085227272725	0.08926470588235294
-0.25968749999999996	0.1325937499999994	0.09445951704545451	0.07110294117647059
-0.2603249999999999	0.18447900000000095	0.0890923295454545	0.08132352941176471
-0.26011249999999997	0.20376775000000036	0.10070241477272729	0.08110294117647059
-0.24672499999999997	0.11395100000000058	0.09895951704545455	0.08066176470588235
-0.23524999999999996	0.13335000000000008	0.09310227272727267	0.09647058823529413
-0.23014999999999997	0.07047599999999976	0.09947301136363641	0.0798529411764706
-0.24502499999999994	0.20824100000000012	0.08508238636363642	0.09808823529411766
-0.22675	0.15390000000000015	0.0872940340909091	0.08955882352941176
-0.22526249999999992	0.09660775000000044	0.09494531250000002	0.07772058823529411
-0.25649999999999995	0.16309999999999958	0.09377982954545452	0.08411764705882352
-0.27222499999999994	0.1972609999999997	0.09788778409090904	0.08808823529411765
-0.23333749999999998	0.1838997499999997	0.08737499999999998	0.0863235294117647
-0.2605375	0.05668974999999943	0.10316761363636362	0.07470588235294118
-0.215275	0.15401099999999968	0.09057102272727272	0.08338235294117646
-0.28008749999999993	0.20618975000000095	0.09916193181818186	0.07602941176470589
-0.21357499999999996	0.06345899999999993	0.08664204545454542	0.08132352941176471
-0.21102500000000002	0.09057099999999974	0.09551207386363639	0.08904411764705883
-0.24672499999999997	0.16845100000000057	0.0910014204545454	0.0825
-0.22058749999999994	0.1917797499999998	0.09668181818181819	0.08529411764705883
-0.2548	0.14307400000000037	0.09770667613636369	0.0799264705882353
-0.2397125	0.09415975000000021	0.08611150568181815	0.08845588235294119
-0.205075	0.11496899999999988	0.08897940340909097	0.07389705882352941
-0.216125	0.153775	0.09490482954545457	0.0798529411764706
-0.27264999999999995	0.11512600000000006	0.10111789772727271	0.08147058823529413
-0.25225	0.14109999999999978	0.09554616477272729	0.08095588235294118
-0.25054999999999994	0.15424400000000027	0.10002485795454547	0.08227941176470588
-0.2452375	0.1512377500000004	0.09651349431818182	0.0911029411764706
-0.25373750000000006	0.05544774999999902	0.08103622159090909	0.08566176470588235
-0.23376249999999998	0.12119774999999988	0.09790056818181819	0.08102941176470589
-0.2208	0.09983400000000042	0.09264630681818184	0.08441176470588235
-0.2216499999999999	0.10704600000000042	0.0924928977272727	0.08926470588235294
-0.275625	0.16837499999999972	0.08968252840909094	0.08566176470588235
-0.1908375	0.16624975000000042	0.09049857954545454	0.08485294117647059
-0.24502499999999994	0.15949100000000005	0.08954403409090908	0.08073529411764707
-0.25054999999999994	0.1004940000000003	0.08884943181818182	0.08294117647058823
-0.24353749999999996	0.026749750000000017	0.08657386363636367	0.07852941176470589
-0.25012499999999993	0.11702500000000082	0.090984375	0.0773529411764706
-0.2677625	0.17880775000000027	0.0913103693181818	0.06919117647058823
-0.2231375	0.1591477499999998	0.08887713068181821	0.08580882352941177
-0.2401375	0.09817774999999962	0.09204971590909089	0.08029411764705884
-0.20103749999999998	0.14164975000000046	0.09103551136363638	0.08176470588235295
-0.22696249999999996	0.21843975000000038	0.0933877840909091	0.07308823529411765
-0.20316250000000002	0.08637974999999987	0.0921583806818182	0.07492647058823529
-0.2350375	0.1050797499999998	0.09424644886363645	0.08316176470588235
-0.2216499999999999	0.17354600000000042	0.09054758522727277	0.08845588235294119
-0.2594749999999999	0.146131	0.09712286931818184	0.08345588235294119
-0.22993750000000002	0.15844374999999955	0.09608735795454551	0.09036764705882354
-0.23376249999999998	0.16769774999999987	0.09227130681818183	0.08705882352941176
-0.23949999999999994	0.22239999999999993	0.09199857954545455	0.0886764705882353
-0.23482500000000006	0.13030899999999956	0.09858025568181819	0.08007352941176471
-0.23248749999999996	0.1725477500000001	0.08541477272727274	0.08764705882352941
-0.2752	0.13502400000000048	0.09361789772727272	0.08058823529411765
-0.24353749999999996	0.18749974999999974	0.08432386363636363	0.07911764705882354
-0.2713749999999999	0.2682750000000005	0.09733380681818185	0.08205882352941178
-0.220375	0.13847499999999968	0.08833806818181816	0.07529411764705883
-0.26117499999999993	0.13056900000000038	0.08662926136363637	0.07941176470588236
-0.2543749999999999	0.16112500000000018	0.09665625	0.07308823529411765
-0.26521249999999996	0.1626997499999998	0.09050284090909094	0.07676470588235294
-0.23567499999999997	0.21013899999999985	0.08372940340909092	0.08448529411764706
-0.22334999999999994	0.07419600000000015	0.10129474431818179	0.08772058823529412
-0.23673750000000005	0.1634777500000002	0.0972357954545455	0.08191176470588236
-0.2594749999999999	0.11463100000000015	0.08787571022727272	0.07904411764705882
-0.24736249999999993	0.1304277500000004	0.0982585227272728	0.07838235294117647
-0.2531	0.13951599999999953	0.09628551136363636	0.0823529411764706
-0.2503375	0.08100974999999933	0.0945894886363636	0.075
-0.243325	0.1677489999999997	0.0964495738636364	0.08154411764705882
-0.21994999999999998	0.08311400000000058	0.09121235795454548	0.08727941176470588
-0.23695	0.09449400000000008	0.08949289772727279	0.07808823529411765
-0.2275999999999999	0.10405600000000037	0.08492045454545456	0.09014705882352941
-0.22568749999999993	0.21194374999999965	0.08584090909090913	0.08823529411764706
-0.2401375	0.10992774999999977	0.08555539772727278	0.08676470588235294
-0.22929999999999995	0.176844	0.08935653409090917	0.0886764705882353
-0.20975	0.16460000000000008	0.0863650568181818	0.09102941176470589
-0.23439999999999994	0.12726599999999966	0.08589204545454542	0.07470588235294118
-0.248	0.14139999999999997	0.09601491477272728	0.08213235294117648
-0.2705249999999999	0.1922810000000008	0.08755397727272725	0.08132352941176471
-0.2531	0.11376599999999959	0.10304190340909095	0.07169117647058823
-0.22249999999999992	0.09949999999999992	0.09274431818181814	0.0838235294117647
-0.2543749999999999	0.22462500000000007	0.09237784090909092	0.08117647058823531
-0.2350375	0.07657975000000006	0.09268892045454541	0.08176470588235295
-0.2259	0.17023600000000005	0.09911718750000001	0.08816176470588236
-0.26287499999999997	0.13597500000000018	0.09476846590909094	0.08485294117647059
-0.23121249999999993	0.19462975000000027	0.09357741477272727	0.08330882352941177
-0.258625	0.19052500000000006	0.09864204545454551	0.07352941176470588
-0.2562875	0.21937974999999943	0.09931960227272729	0.08205882352941178
-0.2354624999999999	0.1203697500000005	0.09149573863636365	0.07926470588235295
-0.21144999999999992	0.13972400000000018	0.0895610795454545	0.07970588235294118
-0.2626625	0.14726974999999953	0.1015930397727273	0.07169117647058823
-0.23992500000000005	0.2454189999999996	0.09085227272727274	0.0975
-0.292625	0.16827499999999995	0.09168323863636367	0.06985294117647059
-0.24375000000000002	0.22275	0.09382670454545455	0.09014705882352941
-0.2732874999999999	0.14116975000000087	0.09986292613636366	0.07595588235294118
-0.2531	0.14826599999999956	0.08404474431818182	0.08639705882352942
-0.21123749999999997	0.11114774999999977	0.09411434659090914	0.08404411764705882
-0.27583749999999996	0.19704975000000058	0.09928125000000002	0.0825
-0.25139999999999996	0.12242599999999992	0.09030894886363638	0.08125
-0.237375	0.1330249999999995	0.09998650568181815	0.08919117647058825
-0.28115	0.11750599999999967	0.09423153409090908	0.0798529411764706
-0.216125	0.1407750000000001	0.09433380681818188	0.0798529411764706
-0.2208	0.15558400000000017	0.09418252840909092	0.08551470588235295
-0.20911250000000003	0.11985774999999954	0.08948650568181821	0.08433823529411764
-0.24034999999999995	0.11143600000000031	0.08934801136363639	0.07897058823529413
-0.26670000000000005	0.17408399999999968	0.10450994318181822	0.08705882352941176
-0.2548	0.12382400000000038	0.09891903409090914	0.07411764705882354
-0.22696249999999996	0.16343975000000066	0.08756889204545455	0.08345588235294119
-0.2803	0.14885399999999915	0.10315696022727275	0.08536764705882353
-0.21421250000000003	0.14816974999999966	0.08180326704545449	0.08051470588235295
-0.24205	0.17673400000000017	0.09220312500000008	0.07882352941176471
-0.23163749999999994	0.12993774999999985	0.09178338068181822	0.08713235294117648
-0.22207500000000002	0.15639899999999995	0.09884446022727277	0.08595588235294119
-0.24353749999999996	0.16224974999999997	0.0927592329545455	0.08286764705882353
-0.2275999999999999	0.13155600000000023	0.09140838068181815	0.08036764705882353
-0.25182499999999997	0.17213900000000004	0.0939801136363636	0.07073529411764706
-0.25905	0.22320399999999996	0.09424857954545451	0.07647058823529412
-0.19147499999999995	0.10437099999999999	0.08003906250000001	0.0849264705882353
-0.24821249999999995	0.11963975000000016	0.08561292613636363	0.08198529411764706
-0.21952499999999997	0.06450099999999992	0.09143821022727272	0.08198529411764706
-0.24119999999999997	0.22346399999999988	0.1025646306818182	0.07919117647058824
-0.2295124999999999	0.10412775000000041	0.10031463068181817	0.08639705882352942
-0.2129375	0.20974375000000034	0.09748295454545454	0.08529411764705883
-0.23567499999999997	0.21188899999999977	0.09079687499999999	0.08117647058823531
-0.21208749999999998	0.10694975000000007	0.08700213068181815	0.08404411764705882
-0.2713749999999999	0.16727500000000006	0.0999289772727272	0.08279411764705882
-0.26287499999999997	0.16247500000000015	0.09602769886363635	0.08522058823529412
-0.2562875	0.1158797499999995	0.09380326704545452	0.0799264705882353
-0.237375	0.08202499999999935	0.09202414772727271	0.0763235294117647
-0.27180000000000004	0.23514400000000046	0.09673082386363639	0.07977941176470588
-0.252675	0.14755900000000022	0.09398224431818185	0.08419117647058824
-0.22929999999999995	0.20059400000000016	0.09777272727272723	0.08779411764705883
-0.2881625	0.11107975000000003	0.10712428977272731	0.07654411764705882
-0.2465124999999999	0.13945775000000005	0.10251775568181816	0.08110294117647059
-0.21973750000000003	0.13055774999999992	0.09859090909090903	0.0863235294117647
-0.22887500000000005	0.09177499999999972	0.0897869318181818	0.0911764705882353
-0.27349999999999997	0.18209999999999926	0.09644318181818182	0.07911764705882354
-0.28136249999999996	0.21491775000000013	0.0972208806818182	0.08375
-0.25692499999999996	0.14628900000000078	0.09290411931818184	0.08125
-0.2125125	0.12659774999999973	0.09340696022727271	0.08963235294117648
-0.23843749999999997	0.1993437499999997	0.09343252840909094	0.07816176470588235
-0.2235624999999999	0.09574375000000046	0.09069673295454547	0.08448529411764706
-0.23036249999999991	0.1712577500000001	0.08793750000000006	0.08294117647058823
-0.22844999999999993	0.1997040000000001	0.09693963068181824	0.09875
-0.23482500000000006	0.13830899999999957	0.09123579545454545	0.08441176470588235
-0.23014999999999997	0.1067260000000001	0.09941122159090908	0.08580882352941177
-0.2492749999999999	0.03133100000000022	0.09113778409090902	0.09014705882352941
-0.2188875	0.2240777500000002	0.09423366477272727	0.07977941176470588
-0.24162499999999998	0.1582249999999994	0.10476988636363635	0.08661764705882352
-0.25458749999999997	0.09134975000000001	0.0915767045454545	0.08352941176470588
-0.2826375	0.22887775000000055	0.09842684659090914	0.07713235294117647
-0.24757499999999988	0.1584190000000003	0.09539914772727268	0.08161764705882354
-0.24714999999999998	0.103186	0.08814417613636363	0.08227941176470588
-0.21038749999999995	0.1910877499999999	0.09618963068181825	0.07654411764705882
-0.2531	0.20551599999999937	0.09095880681818184	0.07529411764705883
-0.23886249999999998	0.11311775000000024	0.0867698863636364	0.0738235294117647
-0.22844999999999993	0.07270400000000032	0.09125710227272732	0.0748529411764706
-0.27605	0.12422399999999989	0.09688423295454551	0.07404411764705882
-0.22526249999999992	0.14260775000000026	0.09464488636363641	0.08044117647058824
-0.23822500000000002	0.11708099999999932	0.09924289772727275	0.0948529411764706
-0.24183750000000004	0.1132297499999999	0.09735511363636362	0.07573529411764707
-0.22271249999999998	0.10529975000000036	0.09949218750000005	0.07169117647058823
-0.26670000000000005	0.13983399999999957	0.08774786931818188	0.08654411764705883
-0.22738749999999996	0.15251775000000034	0.09401420454545456	0.09308823529411765
-0.286675	0.221549	0.09074573863636362	0.0763235294117647
-0.20337499999999997	0.12297499999999983	0.09381178977272733	0.09213235294117647
-0.26478750000000006	0.17704974999999967	0.08968892045454545	0.08411764705882352
-0.24226249999999994	0.14148775000000047	0.09481534090909094	0.07823529411764707
-0.25225	0.19484999999999975	0.10974715909090915	0.08970588235294118
-0.25331249999999994	0.17274374999999997	0.09476633522727279	0.08727941176470588
-0.2231375	0.07489774999999987	0.09234801136363638	0.07058823529411765
-0.23822500000000002	0.1608309999999995	0.09568039772727277	0.08014705882352942
-0.210175	0.048759	0.09646448863636364	0.08
-0.2180375	0.1843397499999999	0.09833522727272725	0.08647058823529412
-0.23609999999999998	0.10267599999999977	0.09635795454545457	0.07955882352941178
-0.25225	0.19959999999999978	0.09521377840909093	0.08448529411764706
-0.26521249999999996	0.15319974999999975	0.09962002840909084	0.07625
-0.2660625	0.07249374999999958	0.09862713068181814	0.07977941176470588
-0.3040999999999999	0.1878359999999999	0.09756392045454548	0.0775
-0.22207500000000002	0.12039899999999992	0.09150639204545458	0.07933823529411764
-0.269675	0.186029	0.09390127840909095	0.07919117647058824
-0.23270000000000002	0.15382400000000018	0.09549715909090914	0.08808823529411765
-0.2069875	0.11901775000000026	0.08687002840909092	0.08169117647058824
-0.2824249999999999	0.1829689999999995	0.0911761363636363	0.07941176470588236
-0.2503375	0.12125974999999967	0.09014488636363638	0.08485294117647059
-0.25182499999999997	0.14288900000000027	0.09400355113636363	0.07845588235294118
-0.2354624999999999	0.14061975000000038	0.08890909090909094	0.08794117647058823
-0.25458749999999997	0.1558497499999998	0.10011008522727274	0.07463235294117647
-0.2397125	0.16090975000000007	0.09471306818181821	0.08441176470588235
-0.24778750000000005	0.21015974999999942	0.08395525568181815	0.07551470588235294
-0.2216499999999999	0.1260460000000001	0.09722301136363637	0.07823529411764707
-0.20592500000000002	0.15432899999999972	0.08754119318181819	0.0911764705882353
-0.26415	0.24194599999999955	0.10288849431818173	0.08095588235294118
-0.24141249999999992	0.17296975000000048	0.1006640625	0.07875
-0.21123749999999997	0.11114774999999977	0.09257386363636358	0.08470588235294117
-0.2558625	0.16818774999999997	0.09417613636363636	0.08808823529411765
-0.21144999999999992	0.15497400000000017	0.09557812500000003	0.08073529411764707
-0.2635124999999999	0.20808775000000024	0.09015340909090909	0.0786764705882353
-0.2664875	0.08213774999999979	0.09711434659090917	0.09125000000000001
-0.2429	0.19224600000000036	0.09453196022727274	0.09360294117647058
-0.23716249999999994	0.19775975000000034	0.09731676136363634	0.08455882352941176
-0.2779625	0.19551975000000033	0.08868110795454542	0.07904411764705882
-0.26670000000000005	0.11858399999999936	0.08507599431818183	0.07860294117647058
-0.2465124999999999	0.14645775000000016	0.08631818181818189	0.09338235294117647
-0.2843374999999999	0.18187975000000023	0.10618252840909088	0.07860294117647058
-0.23206249999999995	0.2059937500000002	0.0936242897727273	0.09580882352941177
-0.25798750000000004	0.11712774999999986	0.09568678977272725	0.08139705882352942
-0.20634999999999992	0.11275600000000052	0.0911079545454545	0.08602941176470588
-0.24183750000000004	0.10572974999999962	0.09152769886363636	0.08654411764705883
-0.26202499999999995	0.24140099999999975	0.09523721590909091	0.07911764705882354
-0.21676249999999997	0.07371774999999925	0.09654545454545457	0.09294117647058824
-0.22419999999999995	0.16988400000000015	0.09418465909090909	0.07558823529411765
-0.2507625	0.19672775000000087	0.10008877840909097	0.08566176470588235
-0.25416249999999996	0.1231497500000005	0.09587642045454538	0.07323529411764707
-0.23631249999999993	0.12969375000000039	0.09081178977272727	0.08477941176470588
-0.2354624999999999	0.12586975000000056	0.08461150568181816	0.07933823529411764
-0.22696249999999996	0.12743975000000063	0.09562926136363639	0.07926470588235295
-0.27264999999999995	0.16962600000000005	0.09940269886363637	0.07330882352941177
-0.21718749999999998	0.13709375000000001	0.09176207386363633	0.08139705882352942
-0.2996375	0.23870775000000055	0.10072372159090906	0.07845588235294118
-0.2465124999999999	0.14570775000000014	0.09655610795454544	0.07816176470588235
-0.22611249999999994	0.09152775000000046	0.08859161931818182	0.07625
-0.24034999999999995	0.18218600000000018	0.09441051136363639	0.0838235294117647
-0.2720125	0.16607775000000036	0.10112855113636361	0.07566176470588235
-0.2244124999999999	0.16392975000000032	0.08555326704545452	0.08419117647058824
-0.2567125	0.19306974999999982	0.08896022727272725	0.0838235294117647
-0.27349999999999997	0.14159999999999906	0.10303764204545462	0.06933823529411764
-0.21633749999999996	0.13383974999999992	0.08976775568181816	0.07845588235294118
-0.22377500000000006	0.15304099999999998	0.08983593750000002	0.0899264705882353
-0.21081250000000007	0.11549374999999928	0.08911576704545457	0.08919117647058825
-0.2737125	0.11252974999999976	0.1073948863636364	0.08661764705882352
-0.24311249999999995	0.07649775000000014	0.09292542613636368	0.08286764705882353
-0.2894374999999999	0.11269375000000048	0.09441690340909081	0.07036764705882353
-0.2511875	0.12044374999999974	0.08766051136363645	0.08838235294117647
-0.26308750000000003	0.1724297499999996	0.0932578125	0.08904411764705883
-0.2605375	0.13718974999999967	0.09425710227272727	0.0863235294117647
-0.2635124999999999	0.12508775000000005	0.08772656249999995	0.08463235294117648
-0.24757499999999988	0.2674190000000003	0.09874644886363636	0.08360294117647059
-0.2074125	0.0924397499999996	0.09588707386363628	0.07389705882352941
-0.24268749999999994	0.1419937499999997	0.08735156250000002	0.07875
-0.28200000000000003	0.12240000000000029	0.11022230113636361	0.07301470588235294
-0.21994999999999998	0.21536400000000055	0.09839914772727279	0.08117647058823531
-0.20996250000000005	0.1424297499999998	0.0908948863636364	0.07470588235294118
-0.24693750000000003	0.17644374999999934	0.10503196022727275	0.07536764705882353
-0.204225	0.15560099999999988	0.08461363636363638	0.08499999999999999
-0.258625	0.15952499999999992	0.09335369318181816	0.0761764705882353
-0.22101249999999995	0.10388775000000017	0.0831669034090909	0.07948529411764706
-0.23524999999999996	0.2421000000000002	0.0865397727272727	0.0925
-0.22483750000000002	0.23326974999999983	0.09149147727272729	0.08279411764705882
-0.20953749999999993	0.08251975000000034	0.08967826704545456	0.08448529411764706
-0.23609999999999998	0.14417599999999986	0.09033877840909087	0.08566176470588235
-0.2548	0.0983240000000003	0.09099076704545454	0.08360294117647059
-0.2378	0.18180400000000008	0.09190909090909091	0.09647058823529413
-0.2618125	0.18919375000000027	0.09934943181818182	0.07823529411764707
-0.26797499999999996	0.16400099999999984	0.09523508522727268	0.07683823529411764
-0.25734999999999997	0.18622599999999956	0.09201775568181822	0.08477941176470588
-0.2231375	0.15414774999999992	0.08880894886363636	0.07919117647058824
-0.23609999999999998	0.15267600000000003	0.09392897727272728	0.07926470588235295
-0.22653749999999995	0.15960975	0.09115056818181827	0.07691176470588236
-0.273925	0.1382090000000007	0.10853053977272725	0.07816176470588235
-0.2764749999999999	0.30132100000000017	0.115078125	0.08205882352941178
-0.25395	0.09842400000000007	0.09603409090909097	0.07558823529411765
-0.2275999999999999	0.14655600000000035	0.09351562499999995	0.07955882352941178
-0.242475	0.11949099999999957	0.09149786931818187	0.07727941176470587
-0.2622375	0.15760774999999994	0.0896164772727273	0.08705882352941176
-0.21378750000000002	0.13177974999999975	0.08144744318181818	0.07897058823529413
-0.23057499999999997	0.1502889999999999	0.08794602272727271	0.08264705882352942
-0.2465124999999999	0.12670775	0.09017897727272725	0.07352941176470588
-0.23206249999999995	0.09999375000000033	0.09159801136363631	0.0825
-0.2594749999999999	0.14663100000000018	0.1017017045454546	0.08573529411764706
-0.24736249999999993	0.09142775000000025	0.09925355113636361	0.0824264705882353
-0.21548749999999994	0.1593277500000001	0.09300426136363649	0.08823529411764706
-0.23036249999999991	0.1280077500000001	0.08834232954545446	0.08161764705882354
-0.24098750000000002	0.13695774999999966	0.0901981534090909	0.07933823529411764
-0.20677500000000004	0.07118099999999972	0.09049857954545451	0.07779411764705883
-0.24311249999999995	0.08499775000000032	0.09268465909090912	0.0773529411764706
-0.22738749999999996	0.17951775000000003	0.09581036931818185	0.07919117647058824
-0.24544999999999995	0.13098399999999977	0.10924431818181822	0.07852941176470589
-0.24438749999999998	0.2207477499999997	0.1046356534090909	0.08198529411764706
-0.25012499999999993	0.17102500000000065	0.09646875000000002	0.08338235294117646
-0.221225	0.16319099999999986	0.08695951704545457	0.08463235294117648
-0.269675	0.10602899999999993	0.08855965909090914	0.07911764705882354
-0.24672499999999997	0.17770100000000078	0.09741903409090907	0.0861764705882353
-0.2562875	0.0948797499999996	0.10033380681818178	0.0786764705882353
-0.26478750000000006	0.049549749999999726	0.09435511363636366	0.07897058823529413
-0.28625	0.238	0.09767471590909088	0.08470588235294117
-0.2401375	0.1094277499999996	0.09391406249999998	0.08875000000000001
-0.23695	0.11174400000000029	0.09903622159090922	0.07772058823529411
-0.22696249999999996	0.09068975000000057	0.08646093750000003	0.07022058823529412
-0.24757499999999988	0.13291900000000023	0.0909375	0.07882352941176471
-0.24778750000000005	0.10190974999999947	0.0946598011363637	0.08272058823529412
-0.21038749999999995	0.12758775	0.08992968750000002	0.08389705882352942
-0.25649999999999995	0.16759999999999975	0.09159801136363638	0.08808823529411765
-0.242475	0.19649099999999953	0.09195383522727275	0.0849264705882353
-0.23036249999999991	0.12750774999999992	0.09055184659090909	0.08183823529411764
-0.24502499999999994	0.17199100000000023	0.0890369318181818	0.08764705882352941
-0.279875	0.19027500000000064	0.10230894886363638	0.07948529411764706
-0.25331249999999994	0.10299375	0.10324431818181817	0.07779411764705883
-0.237375	0.1652749999999994	0.08795028409090909	0.0838235294117647
-0.24757499999999988	0.1531690000000001	0.10817258522727283	0.0750735294117647
-0.22186249999999996	0.21009775000000053	0.09850355113636361	0.08786764705882354
-0.28136249999999996	0.33516775000000054	0.09551420454545455	0.07691176470588236
-0.22271249999999998	0.15154975000000048	0.10010582386363631	0.07639705882352942
-0.22717500000000002	0.10447899999999999	0.09136150568181818	0.08007352941176471
-0.23822500000000002	0.16433099999999934	0.09034303977272726	0.06948529411764706
-0.2783874999999999	0.11960774999999968	0.09548011363636369	0.07897058823529413
-0.2392875	0.2001397499999995	0.09647301136363641	0.08720588235294117
-0.24311249999999995	0.1654977500000001	0.09638778409090903	0.08220588235294118
-0.25373750000000006	0.17119774999999926	0.0950475852272727	0.07419117647058823
-0.26415	0.07694599999999996	0.10382812499999997	0.08
-0.24268749999999994	0.1602437499999998	0.08738778409090912	0.08058823529411765
-0.317275	0.15432100000000037	0.10707102272727274	0.07926470588235295
-0.22228749999999997	0.12844975000000014	0.08549786931818186	0.09154411764705883
-0.22802500000000003	0.1808809999999994	0.08711292613636365	0.08036764705882353
-0.23354999999999992	0.1749240000000003	0.08710653409090907	0.08455882352941176
-0.2945374999999999	0.14921975000000032	0.10206178977272728	0.07066176470588235
-0.2295124999999999	0.12137775000000062	0.08472656250000003	0.07772058823529411
-0.24311249999999995	0.12549775000000007	0.09175142045454553	0.08176470588235295
-0.2737125	0.20127974999999987	0.09709090909090907	0.08102941176470589
-0.28370000000000006	0.19416399999999978	0.10081107954545454	0.07014705882352941
-0.20571249999999996	0.18198974999999962	0.08965056818181816	0.08147058823529413
-0.24544999999999995	0.12973400000000002	0.09124857954545451	0.08117647058823531
-0.24863749999999996	0.13361774999999998	0.09161505681818183	0.07911764705882354
-0.24629999999999996	0.11396399999999929	0.09557386363636369	0.08558823529411765
-0.26436249999999994	0.16139775000000034	0.09255255681818182	0.08058823529411765
-0.24205	0.1332340000000003	0.09953053977272736	0.09360294117647058
-0.2701	0.1511559999999994	0.10454403409090915	0.08220588235294118
-0.2125125	0.11459774999999972	0.10588849431818179	0.07610294117647058
-0.23907500000000004	0.17437899999999962	0.09207741477272728	0.08007352941176471
-0.2492749999999999	0.14508100000000024	0.09260582386363636	0.06860294117647059
-0.22844999999999993	0.14820400000000022	0.10288636363636361	0.07264705882352941
-0.24587499999999995	0.13522500000000015	0.0876178977272728	0.08602941176470588
-0.26712499999999995	0.1694750000000007	0.08983167613636364	0.08919117647058825
-0.29241249999999996	0.09563974999999969	0.10353409090909081	0.0748529411764706
-0.23822500000000002	0.16333099999999945	0.08959517045454551	0.08205882352941178
-0.2456625	0.1637297499999999	0.09443821022727272	0.07713235294117647
-0.23206249999999995	0.16749375000000022	0.09366264204545452	0.07875
-0.24970000000000003	0.15330399999999944	0.08888991477272726	0.08095588235294118
-0.268825	0.23301899999999964	0.09054758522727278	0.08772058823529412
-0.23248749999999996	0.21804774999999976	0.09866974431818179	0.08522058823529412
-0.24502499999999994	0.1437409999999999	0.08614559659090908	0.08360294117647059
-0.22483750000000002	0.10926974999999972	0.08639488636363639	0.07705882352941178
-0.28561249999999994	0.2125477499999997	0.10137144886363632	0.08007352941176471
-0.2535249999999999	0.18097100000000088	0.09037073863636362	0.08264705882352942
-0.24693750000000003	0.17544374999999945	0.09829687499999998	0.07397058823529412
-0.2681875	0.2926937500000002	0.0929850852272727	0.09080882352941178
-0.22887500000000005	0.16077499999999967	0.09079474431818185	0.07742647058823529
-0.221225	0.16069099999999992	0.09227769886363638	0.08683823529411766
-0.20061249999999997	0.0836977499999998	0.10010156249999994	0.08845588235294119
-0.25905	0.14270399999999972	0.0925717329545454	0.08036764705882353
-0.2605375	0.18368974999999965	0.09054758522727269	0.08419117647058824
-0.25416249999999996	0.16714975000000054	0.10431605113636361	0.07654411764705882
-0.22675	0.15615000000000023	0.09797940340909078	0.08816176470588236
-0.26563749999999997	0.1625977500000002	0.10494673295454546	0.07830882352941176
-0.23843749999999997	0.1833437499999997	0.10128196022727266	0.08977941176470589
-0.237375	0.1262749999999997	0.09561008522727263	0.08110294117647059
-0.2531	0.14476599999999928	0.1049318181818182	0.07852941176470589
-0.24821249999999995	0.10688975000000012	0.08855752840909084	0.08830882352941177
-0.24459999999999993	0.15249600000000063	0.09499218750000006	0.07316176470588236
-0.22993750000000002	0.11869374999999982	0.09624928977272729	0.07654411764705882
-0.2401375	0.18192774999999983	0.09791548295454541	0.07919117647058824
-0.25883750000000005	0.21848975000000026	0.09395454545454551	0.07647058823529412
-0.280725	0.11268100000000025	0.09800923295454553	0.07566176470588235
-0.21739999999999993	0.1019060000000005	0.09569744318181816	0.08044117647058824
-0.20677500000000004	0.07693099999999964	0.0971186079545454	0.08183823529411764
-0.25139999999999996	0.09392600000000018	0.10343181818181815	0.08411764705882352
-0.21973750000000003	0.1013077499999997	0.0902982954545455	0.0823529411764706
-0.22271249999999998	0.04854975000000028	0.08303053977272723	0.08536764705882353
-0.2492749999999999	0.11633100000000018	0.0951711647727273	0.07301470588235294
-0.24141249999999992	0.18596975000000038	0.09058593750000003	0.07875
-0.24311249999999995	0.10124775000000019	0.09054332386363631	0.07904411764705882
-0.27456249999999993	0.11799375000000056	0.09871874999999995	0.08
-0.20571249999999996	0.1174897499999994	0.08604119318181817	0.0825
-0.25926249999999995	0.09216774999999977	0.09145099431818178	0.08463235294117648
-0.2465124999999999	0.2347077500000001	0.09219460227272726	0.08573529411764706
-0.23482500000000006	0.17180899999999966	0.08844034090909086	0.08367647058823528
-0.215275	0.1287609999999999	0.09330255681818186	0.08823529411764706
-0.24608750000000001	0.1629697499999998	0.09735724431818185	0.07389705882352941
-0.274775	0.19567099999999993	0.09422088068181819	0.07977941176470588
-0.23078750000000003	0.1498197499999998	0.0837698863636364	0.08529411764705883
-0.237375	0.1562749999999995	0.0945958806818182	0.07639705882352942
-0.25798750000000004	0.12112774999999987	0.09307670454545458	0.0711764705882353
-0.2452375	0.11848775000000034	0.0934410511363637	0.0750735294117647
-0.24438749999999998	0.25024774999999977	0.1004062500000001	0.08573529411764706
-0.26075000000000004	0.13239999999999963	0.09112286931818178	0.07492647058823529
-0.27498749999999994	0.1468477499999996	0.09100355113636363	0.08345588235294119
-0.2803	0.12810399999999955	0.09605113636363632	0.07661764705882354
-0.2452375	0.09923775000000035	0.08675923295454546	0.09492647058823529
-0.2843374999999999	0.16062975000000002	0.09775994318181816	0.08191176470588236
-0.2354624999999999	0.2011197500000006	0.08721093750000004	0.08816176470588236
-0.20847499999999997	0.13436099999999973	0.09354758522727274	0.08860294117647059
