-0.411625	0.26303774999999874	0.14459375000000005	0.09075
-0.43562500000000004	0.3174437499999989	0.16153459821428579	0.081125
-0.43662500000000004	0.18548774999999829	0.16024888392857148	0.086625
-0.415625	0.5828437500000003	0.14384040178571433	0.088375
-0.395	0.36134999999999806	0.16700223214285692	0.101
-0.38675000000000004	0.35979099999999953	0.14829687500000002	0.10675
-0.391	0.35965399999999903	0.15731026785714286	0.089
-0.42125	0.44027499999999975	0.16197767857142845	0.0805
-0.4255	0.3901960000000013	0.15966517857142853	0.09325
-0.425875	0.48833774999999946	0.15441852678571416	0.095625
-0.423875	0.5177797500000008	0.15979910714285706	0.0895
-0.41500000000000004	0.3218999999999994	0.1615055803571428	0.083625
-0.42662500000000003	0.34935774999999936	0.1603928571428572	0.0885
-0.42800000000000005	0.5278059999999982	0.15446316964285703	0.090375
-0.4505	0.39179600000000114	0.1496361607142857	0.09075
-0.419875	0.2687797500000002	0.15672656250000008	0.093875
-0.42525	0.3355989999999984	0.16243973214285715	0.1065
-0.433875	0.5347897499999998	0.16898883928571423	0.08925
-0.43362500000000004	0.4140097499999982	0.15769308035714275	0.081125
-0.41012499999999996	0.44600975000000176	0.1403292410714287	0.098875
-0.434875	0.3756397499999995	0.15404575892857159	0.090875
-0.43737499999999996	0.5282497500000005	0.15192075892857132	0.095625
-0.44337499999999996	0.4999477499999987	0.16158370535714298	0.092375
-0.37024999999999997	0.3626390000000015	0.14720535714285715	0.1
-0.42862500000000003	0.26048974999999963	0.1582343750000001	0.08675
-0.4255	0.2509460000000008	0.16004241071428568	0.09425
-0.38575000000000004	0.4374009999999977	0.15506696428571431	0.0975
-0.39737500000000003	0.26298974999999913	0.14529352678571425	0.090125
-0.38675000000000004	0.2680410000000002	0.1493850446428571	0.085875
-0.42825	0.21638099999999838	0.15421651785714274	0.089
-0.38449999999999995	0.36505600000000094	0.14441629464285716	0.092125
-0.449875	0.15954974999999827	0.14156361607142853	0.095875
-0.42500000000000004	0.5234999999999985	0.16556138392857134	0.088625
-0.456375	0.3945497499999995	0.16018415178571416	0.091875
-0.39375000000000004	0.24862499999999876	0.16445535714285708	0.08525
-0.407625	0.3934697499999995	0.1498872767857141	0.086375
-0.377	0.2589360000000003	0.1477399553571429	0.097125
-0.382375	0.43437974999999973	0.15077343749999988	0.094625
-0.44499999999999995	0.5253500000000031	0.1556930803571429	0.090375
-0.44737499999999997	0.48218974999999986	0.17315066964285716	0.090375
-0.39975000000000005	0.5081989999999976	0.1573705357142858	0.0985
-0.40625	0.48812500000000014	0.1541417410714287	0.081375
-0.39112499999999994	0.2250897500000022	0.14730357142857137	0.10075
-0.425125	0.3880497500000022	0.14584486607142855	0.097875
-0.426875	0.48519374999999876	0.1519854910714284	0.095125
-0.40025	0.29554900000000117	0.1515580357142859	0.09375
-0.40125	0.370474999999999	0.14810937499999988	0.0935
-0.44262500000000005	0.31432974999999885	0.15045089285714283	0.084
-0.432125	0.4497877500000005	0.15771540178571425	0.075625
-0.43337499999999995	0.36622775000000196	0.14734151785714286	0.097
-0.385375	0.35777775000000034	0.14582254464285704	0.096375
-0.411875	0.2574937500000001	0.14451674107142848	0.098875
-0.4085	0.46729400000000076	0.16274888392857143	0.086875
-0.433125	0.3929437500000006	0.15002343750000008	0.078875
-0.42925	0.45441099999999857	0.15941629464285714	0.094875
-0.43825000000000003	0.36999099999999885	0.1468939732142857	0.088375
-0.41900000000000004	0.4977739999999997	0.15294754464285712	0.108625
-0.4125	0.4327500000000004	0.15399888392857142	0.096625
-0.443875	0.5043497499999994	0.17075446428571422	0.089
-0.39349999999999996	0.3655240000000024	0.1585167410714285	0.095125
-0.4315	0.4156739999999992	0.14931696428571425	0.08325
-0.41774999999999995	0.2610090000000014	0.15513839285714282	0.08
-0.37375	0.5319749999999992	0.14983035714285706	0.08775
-0.40874999999999995	0.39927500000000116	0.16676562500000003	0.09025
-0.43837499999999996	0.38023775000000093	0.16174218749999997	0.084375
-0.45399999999999996	0.34889400000000137	0.1608895089285714	0.086875
-0.431125	0.3540997500000014	0.15058370535714274	0.091125
-0.40449999999999997	0.4775760000000009	0.16024776785714262	0.0945
-0.421625	0.43346775000000015	0.16024665178571423	0.081375
-0.39625	0.41477500000000056	0.14916294642857142	0.088
-0.43437499999999996	0.3615937500000008	0.1597399553571429	0.087125
-0.43074999999999997	0.2725210000000011	0.14811607142857133	0.094
-0.39412499999999995	0.4126477500000014	0.15740290178571423	0.093375
-0.403	0.3517059999999983	0.1389542410714285	0.091375
-0.44925000000000004	0.4105409999999967	0.15857924107142868	0.080875
-0.41500000000000004	0.4101499999999998	0.1569497767857141	0.089125
-0.39212499999999995	0.3090577500000027	0.1575792410714285	0.097625
-0.38712500000000005	0.4263977499999978	0.14215401785714285	0.098
-0.38675000000000004	0.6355409999999999	0.15406919642857136	0.10125
-0.425125	0.44454975000000196	0.1538984374999999	0.087375
-0.415625	0.39284374999999905	0.15176004464285708	0.088625
-0.40637500000000004	0.363499749999999	0.14629352678571436	0.098375
-0.43300000000000005	0.3474259999999987	0.16052232142857117	0.07075
-0.38725	0.3463490000000018	0.15813504464285705	0.096875
-0.40874999999999995	0.5532750000000011	0.15017299107142856	0.090375
-0.387625	0.3154497499999991	0.1451886160714285	0.087125
-0.45887500000000003	0.15943975000000066	0.17648325892857147	0.078375
-0.41774999999999995	0.4750090000000018	0.16275446428571425	0.089
-0.363	0.35394600000000054	0.1388727678571429	0.08775
-0.41125	0.45872500000000116	0.15118191964285713	0.089625
-0.4075	0.33110000000000106	0.15094977678571425	0.089625
-0.41000000000000003	0.49439999999999884	0.15134709821428582	0.080125
-0.43474999999999997	0.20012900000000045	0.15667187500000002	0.086
-0.432125	0.4372877499999994	0.15306026785714272	0.08875
-0.415875	0.5300177500000007	0.1491674107142857	0.08125
-0.42662500000000003	0.3938577499999987	0.1685725446428572	0.085375
-0.40449999999999997	0.4085760000000018	0.14398102678571426	0.095625
-0.41374999999999995	0.36447500000000055	0.14973883928571433	0.08175
-0.4225	0.33890000000000065	0.15504241071428565	0.089
-0.368	0.3649660000000008	0.16345758928571433	0.088
-0.42537499999999995	0.3571477500000011	0.1675345982142858	0.094875
-0.48375	0.3760249999999985	0.15267633928571434	0.0795
-0.38912500000000005	0.44705774999999903	0.1526752232142857	0.083625
-0.469125	0.454747750000001	0.16459040178571432	0.085625
-0.40774999999999995	0.42108900000000204	0.1594854910714286	0.094625
-0.4165	0.4306940000000008	0.14573325892857142	0.081375
-0.419625	0.47613774999999947	0.1580279017857144	0.096875
-0.437125	0.4279977500000012	0.1560424107142857	0.09425
-0.451875	0.2619437499999986	0.14564843749999987	0.099125
-0.403	0.46520599999999845	0.15011718750000003	0.095625
-0.36975	0.35630899999999954	0.13076674107142858	0.102125
-0.41774999999999995	0.31750900000000115	0.1613091517857142	0.081875
-0.36875	0.32662499999999994	0.14894196428571424	0.089
-0.41512499999999997	0.5199897500000006	0.16231138392857147	0.087375
-0.4255	0.5761960000000013	0.15536607142857156	0.09075
-0.404875	0.42221975	0.14295982142857155	0.0965
-0.446875	0.3818437500000016	0.16751227678571426	0.088625
-0.406875	0.2892437500000007	0.16664620535714292	0.092625
-0.4325	0.46110000000000007	0.15236607142857153	0.09375
-0.4575	0.5158500000000004	0.1682388392857142	0.09425
-0.452125	0.44982774999999897	0.1603995535714285	0.077
-0.384	0.2847039999999996	0.16221875	0.09075
-0.40625	0.2973750000000006	0.14762611607142861	0.090375
-0.39825	0.5051010000000016	0.15030915178571433	0.092125
-0.38687499999999997	0.2894937500000001	0.13540625000000003	0.098
-0.406875	0.34574375000000046	0.15354687500000005	0.09175
-0.37350000000000005	0.3489639999999987	0.15398549107142853	0.087375
-0.41437500000000005	0.4201937499999975	0.15351450892857146	0.084625
-0.391625	0.5170777500000003	0.1586819196428571	0.102375
-0.379375	0.5116937499999992	0.14695758928571429	0.1025
-0.382625	0.45281974999999974	0.14876785714285706	0.1035
-0.42374999999999996	0.36472499999999997	0.1641004464285713	0.09175
-0.415875	0.3410177500000007	0.15116406249999986	0.082125
-0.40112499999999995	0.32557975000000106	0.15902566964285708	0.092375
-0.414625	0.3781277499999991	0.15883035714285712	0.09425
-0.4215	0.2726539999999993	0.1614274553571429	0.086625
-0.40800000000000003	0.4115759999999984	0.155015625	0.09
-0.42337499999999995	0.28705775000000244	0.15455468749999984	0.085375
-0.37925	0.3479610000000015	0.15195647321428574	0.088375
-0.429875	0.3293197499999998	0.14853348214285705	0.0995
-0.37749999999999995	0.3331500000000016	0.14713727678571437	0.099125
-0.4345	0.21585599999999872	0.16881584821428575	0.088125
-0.42574999999999996	0.2842910000000014	0.16710379464285724	0.094125
-0.42362500000000003	0.28641974999999853	0.15131250000000002	0.09875
-0.434875	0.4433897499999997	0.16402008928571432	0.08575
-0.40900000000000003	0.36850399999999794	0.15231919642857147	0.1025
-0.434875	0.3581397499999994	0.15996428571428584	0.0925
-0.447125	0.4930177499999999	0.17045200892857143	0.082875
-0.404875	0.536219749999999	0.13922656249999996	0.102125
-0.418625	0.28429974999999885	0.17692633928571427	0.086
-0.42862500000000003	0.15398974999999915	0.1588638392857142	0.083
-0.4235	0.38836399999999927	0.15367745535714278	0.092375
-0.41225	0.6145490000000002	0.13834486607142843	0.094875
-0.42012499999999997	0.4426697500000003	0.1447779017857143	0.088125
-0.387375	0.36554974999999956	0.16299553571428566	0.08475
-0.42400000000000004	0.3170839999999995	0.15876450892857136	0.091875
-0.41500000000000004	0.3973999999999993	0.1537287946428571	0.103125
-0.44662500000000005	0.5134177499999986	0.15061383928571437	0.0835
-0.44662500000000005	0.49166774999999774	0.14859040178571434	0.092125
-0.41374999999999995	0.37972500000000053	0.15369866071428573	0.09125
-0.41874999999999996	0.45487500000000125	0.15136830357142866	0.09375
-0.413625	0.4066297499999987	0.15502120535714298	0.091875
-0.42800000000000005	0.5315559999999984	0.1448705357142857	0.0935
-0.42425	0.319191	0.15903459821428573	0.090875
-0.41000000000000003	0.31264999999999965	0.14228236607142858	0.089375
-0.418875	0.5194497499999997	0.16711383928571433	0.09025
-0.436125	0.2867197500000014	0.14663727678571423	0.081375
-0.394	0.46922399999999875	0.1441238839285714	0.082375
-0.4515	0.3028639999999996	0.1614966517857142	0.086625
-0.379	0.34124399999999966	0.1509743303571428	0.102625
-0.45999999999999996	0.22365000000000101	0.15559040178571423	0.087625
-0.40625	0.47037500000000065	0.1583080357142856	0.0905
-0.396875	0.21834375000000072	0.14608816964285687	0.090375
-0.409875	0.4162897500000007	0.15693973214285703	0.08375
-0.398875	0.41187975000000066	0.15903906250000008	0.102125
-0.39512499999999995	0.39851975000000195	0.14757142857142844	0.09525
-0.39712499999999995	0.2789177500000015	0.14428013392857147	0.099875
-0.40475000000000005	0.2620889999999978	0.14464174107142858	0.094125
-0.4315	0.37042399999999986	0.14916852678571416	0.098875
-0.40874999999999995	0.47527500000000167	0.14974665178571434	0.083125
-0.40900000000000003	0.338003999999998	0.1572243303571429	0.100875
-0.434875	0.40338974999999877	0.1569341517857142	0.097625
-0.43062500000000004	0.48024374999999964	0.1592901785714286	0.09225
-0.41137500000000005	0.6685797499999975	0.15540513392857136	0.093875
-0.42825	0.4776309999999988	0.15595535714285705	0.0875
-0.381375	0.4090997499999993	0.1534062499999999	0.09975
-0.422125	0.45221775000000086	0.16475669642857133	0.08225
-0.394875	0.3591797500000009	0.14885044642857143	0.09725
-0.4275	0.40415000000000134	0.1646227678571429	0.0885
-0.396625	0.36826774999999934	0.16223995535714303	0.090375
-0.43725	0.5279989999999994	0.1637455357142858	0.09275
-0.39112499999999994	0.5758397500000019	0.13910937499999998	0.10175
-0.41374999999999995	0.4624750000000013	0.14759263392857142	0.088375
-0.43925000000000003	0.35970100000000116	0.1468325892857143	0.0835
-0.387	0.2646960000000007	0.15582700892857126	0.084625
-0.39137500000000003	0.5499597499999993	0.1529520089285713	0.081875
-0.4325	0.2585999999999995	0.1488169642857141	0.1005
-0.41837500000000005	0.40439774999999933	0.16260714285714295	0.09
-0.41912499999999997	0.4793477500000005	0.15973660714285706	0.09425
-0.398875	0.3321297500000018	0.16796093750000002	0.090875
-0.40075000000000005	0.23289099999999863	0.1386238839285712	0.088375
-0.39812499999999995	0.16619375000000147	0.15334375000000017	0.093
-0.422125	0.497467750000002	0.1405948660714285	0.092875
-0.38325	0.36141100000000037	0.14126004464285702	0.097875
-0.45787500000000003	0.4003577499999995	0.16134486607142862	0.080375
-0.43300000000000005	0.4159259999999989	0.15730803571428542	0.09425
-0.408625	0.3651597500000001	0.15177678571428577	0.086
-0.4115	0.2801840000000002	0.15228794642857124	0.09825
-0.45462499999999995	0.2045577500000011	0.16067410714285724	0.09
-0.4155	0.29450600000000016	0.13682477678571417	0.094375
-0.39137500000000003	0.3394597499999996	0.14721875	0.09425
-0.42374999999999996	0.2999749999999999	0.16378013392857133	0.087375
-0.39025	0.39402899999999974	0.15269642857142857	0.08525
-0.40325	0.3297309999999989	0.15811607142857143	0.09
-0.38925	0.3347510000000007	0.154703125	0.094
-0.397625	0.30780975000000055	0.13504910714285714	0.106
-0.41825	0.3740710000000007	0.15894196428571428	0.0905
-0.43200000000000005	0.3050159999999984	0.16044754464285715	0.083375
-0.43625	0.36997500000000016	0.15512388392857157	0.091125
-0.43037499999999995	0.2701877500000016	0.15210044642857137	0.09575
-0.40112499999999995	0.2670797500000006	0.1424877232142858	0.093125
-0.42125	0.2310250000000007	0.1415970982142856	0.090625
-0.41025	0.45061899999999966	0.15587053571428594	0.09875
-0.44799999999999995	0.38748600000000266	0.17608035714285708	0.091
-0.434125	0.4018177500000011	0.14935044642857126	0.09975
-0.429125	0.3373777499999999	0.15703459821428561	0.094625
-0.40449999999999997	0.17207600000000056	0.16612834821428574	0.090375
-0.44075	0.42658100000000054	0.1549933035714284	0.085
-0.43999999999999995	0.6141500000000022	0.1745178571428571	0.0905
-0.394625	0.4715877499999994	0.15475334821428566	0.098625
-0.40175000000000005	0.34105099999999844	0.13974218750000006	0.081125
-0.41974999999999996	0.4857090000000017	0.15289285714285722	0.0855
-0.40937500000000004	0.5280937499999983	0.15859486607142848	0.092875
-0.41674999999999995	0.38886100000000035	0.16007812499999982	0.0855
-0.429875	0.3055697500000001	0.15607366071428558	0.08925
-0.42325	0.4152509999999978	0.16477790178571422	0.077375
-0.40412499999999996	0.30842775000000167	0.15203906249999988	0.092125
-0.410875	0.47790775000000174	0.145771205357143	0.092625
-0.42237499999999994	0.34283975000000133	0.14670535714285715	0.09325
-0.40237500000000004	0.3385097499999983	0.15387723214285726	0.0935
-0.441125	0.5652897499999998	0.16492299107142855	0.081125
-0.400875	0.291787750000001	0.15798660714285706	0.092
-0.4305	0.40646600000000177	0.15431026785714275	0.0915
-0.44862500000000005	0.3055197499999984	0.1579821428571429	0.0795
-0.42862500000000003	0.5207397499999988	0.15186941964285727	0.096875
-0.44599999999999995	0.2815940000000019	0.15748325892857137	0.083125
-0.435875	0.5097077499999987	0.15749441964285707	0.095375
-0.4375	0.2782499999999999	0.15422991071428568	0.091
-0.43674999999999997	0.2104910000000011	0.1653247767857143	0.079625
-0.45125000000000004	0.47647500000000065	0.17214843749999992	0.085625
-0.43875	0.3447250000000004	0.1545948660714285	0.089875
-0.40874999999999995	0.3682750000000006	0.1592109375000001	0.090375
-0.41225	0.4237989999999989	0.1592611607142858	0.098
-0.447875	0.25627774999999886	0.16910156250000002	0.088625
-0.394875	0.2864297500000017	0.14934598214285696	0.08925
-0.4235	0.37486400000000053	0.14866629464285722	0.085375
-0.38725	0.36384900000000187	0.14725446428571426	0.10175
-0.44325000000000003	0.37747100000000167	0.17307031250000002	0.086375
-0.4275	0.3506499999999999	0.16118191964285714	0.096625
-0.438875	0.42571975000000073	0.16467522321428574	0.086625
-0.43662500000000004	0.3237377499999994	0.14091852678571434	0.091375
-0.409875	0.409289750000001	0.15568638392857148	0.089375
-0.44375	0.6051249999999992	0.15448102678571424	0.093875
-0.39325	0.49092100000000016	0.1525446428571429	0.0885
-0.40537500000000004	0.3912377499999984	0.13938839285714286	0.088
-0.41600000000000004	0.36785399999999946	0.16062611607142854	0.089125
-0.39712499999999995	0.3099177500000003	0.1659520089285714	0.087375
-0.42874999999999996	0.24002500000000104	0.16097321428571437	0.08925
-0.413625	0.3476297499999994	0.1544241071428572	0.0865
-0.41600000000000004	0.32810399999999973	0.16572433035714296	0.081125
-0.46499999999999997	0.5154000000000014	0.1659475446428572	0.090625
-0.41500000000000004	0.4096499999999992	0.15935825892857142	0.087625
-0.45675	0.4460709999999981	0.1573292410714286	0.083375
-0.43162500000000004	0.48019774999999854	0.16589397321428553	0.100875
-0.433125	0.43844374999999935	0.16535267857142855	0.083
-0.4095	0.5229560000000006	0.1582176339285713	0.098625
-0.396	0.4504439999999992	0.1484151785714286	0.1055
-0.4195	0.741066	0.1518080357142859	0.09
-0.40637500000000004	0.42624974999999843	0.14390959821428578	0.086875
-0.403	0.5559559999999983	0.14706249999999996	0.0905
-0.42112499999999997	0.38770975000000085	0.15648549107142845	0.088375
-0.44575	0.21291100000000185	0.15332700892857148	0.088125
-0.41774999999999995	0.31800900000000176	0.15121874999999999	0.089
-0.40525	0.4213590000000007	0.14668080357142854	0.087
-0.41325	0.2843409999999995	0.15337388392857135	0.082375
-0.43700000000000006	0.4697459999999989	0.15525892857142856	0.0885
-0.44362500000000005	0.42639974999999986	0.15022544642857139	0.08475
-0.45137499999999997	0.40316975	0.16344196428571414	0.0815
-0.440125	0.38713974999999756	0.1604966517857141	0.086375
-0.40337500000000004	0.2153677500000004	0.15014174107142858	0.101125
-0.40912499999999996	0.36786775000000205	0.15775781250000004	0.088875
-0.385375	0.3410277500000003	0.15715066964285723	0.095125
-0.406875	0.38174375000000005	0.14963392857142846	0.09525
-0.38225	0.41765900000000045	0.13067075892857144	0.106625
-0.414625	0.36937774999999995	0.15658147321428575	0.092875
-0.393875	0.38879975000000044	0.16033705357142866	0.1025
-0.43037499999999995	0.4259377500000028	0.1578549107142857	0.092
-0.40425	0.5783110000000011	0.15126562499999996	0.09725
-0.40212499999999995	0.46747775000000047	0.14194754464285697	0.092125
-0.424875	0.3514497499999987	0.14629241071428561	0.08575
-0.37050000000000005	0.28642599999999874	0.1381138392857142	0.095
-0.44037499999999996	0.5391177500000008	0.15899218750000005	0.097875
-0.41174999999999995	0.14314099999999996	0.15310044642857135	0.0945
-0.42600000000000005	0.515133999999998	0.16342857142857134	0.09
-0.39049999999999996	0.27715599999999974	0.14456138392857115	0.098125
-0.39949999999999997	0.32264600000000065	0.14900446428571434	0.091
-0.41200000000000003	0.24534599999999784	0.15527008928571426	0.089
-0.417875	0.37433775000000047	0.16416294642857132	0.089
-0.401875	0.4351937499999998	0.15401116071428575	0.09225
-0.39537500000000003	0.42710774999999934	0.13702566964285717	0.090875
-0.38925	0.38825100000000035	0.1574609375000001	0.098875
-0.42437499999999995	0.2769937500000026	0.17559375	0.07425
-0.40425	0.33931100000000036	0.15065513392857138	0.096125
-0.39212499999999995	0.21480775000000207	0.1569977678571429	0.09575
-0.39049999999999996	0.4376560000000005	0.15875781249999973	0.086125
-0.38587499999999997	0.3901077500000021	0.14206138392857143	0.090125
-0.40812499999999996	0.3334437500000007	0.147638392857143	0.0925
-0.389375	0.43894374999999997	0.15285267857142854	0.08475
-0.37475	0.39074899999999957	0.16805580357142855	0.092
-0.40525	0.4361090000000001	0.15960267857142843	0.0905
-0.45275	0.5522789999999986	0.17409709821428568	0.078125
-0.41225	0.3107989999999994	0.16238727678571432	0.086875
-0.39437500000000003	0.41224374999999824	0.16753571428571443	0.091
-0.4125	0.36650000000000027	0.1485747767857143	0.113875
-0.40525	0.4336090000000006	0.1513526785714287	0.0995
-0.412625	0.26709974999999986	0.14686941964285719	0.090625
-0.465125	0.2872897500000011	0.14784151785714278	0.0895
-0.374625	0.3899977500000009	0.15776339285714275	0.105
-0.43025	0.29215899999999984	0.16027343749999995	0.094125
-0.39425	0.2853210000000015	0.1537979910714285	0.092125
-0.41400000000000003	0.48466399999999865	0.1432064732142857	0.083875
-0.43137499999999995	0.2633997500000014	0.1562488839285714	0.093125
-0.4635	0.6006839999999993	0.16212499999999996	0.0835
-0.37287499999999996	0.42192775000000005	0.14990178571428567	0.093
-0.38587499999999997	0.4631077500000007	0.1402645089285714	0.083375
-0.37549999999999994	0.5232460000000021	0.15659486607142858	0.096625
-0.43074999999999997	0.3575210000000002	0.14747767857142852	0.0875
-0.433125	0.27919374999999924	0.1707890625000001	0.084125
-0.432125	0.24478775000000041	0.16361941964285706	0.087125
-0.399875	0.40534975000000095	0.14992522321428575	0.088875
-0.417625	0.5504297499999993	0.16644977678571432	0.088625
-0.40525	0.4311090000000011	0.14327790178571426	0.093375
-0.430875	0.44754775	0.1585970982142858	0.085625
-0.43862500000000004	0.3037297499999987	0.1505178571428571	0.08825
-0.38649999999999995	0.3913840000000022	0.15163281249999996	0.093125
-0.410625	0.4009437499999997	0.1521529017857143	0.088375
-0.4285	0.3934540000000002	0.149185267857143	0.09525
-0.426875	0.2911937499999997	0.16366071428571438	0.089
-0.43300000000000005	0.324425999999999	0.1770044642857143	0.07925
-0.40312499999999996	0.3560937500000012	0.1508593749999999	0.09925
-0.44362500000000005	0.3901497499999991	0.1575524553571429	0.084625
-0.461125	0.5188197499999987	0.15872991071428577	0.07975
-0.41912499999999997	0.31434775000000137	0.15441852678571427	0.080125
-0.41612499999999997	0.47368975000000013	0.16936718750000004	0.089375
-0.38449999999999995	0.4143060000000016	0.15211830357142858	0.0965
-0.39849999999999997	0.5829140000000024	0.14344196428571432	0.1055
-0.42774999999999996	0.4167290000000001	0.15725781249999987	0.090125
-0.4165	0.3686940000000014	0.14733816964285712	0.091375
-0.38875000000000004	0.3479749999999999	0.1539464285714286	0.09325
-0.42674999999999996	0.38540100000000166	0.16146428571428573	0.10125
-0.4145	0.41753600000000013	0.14682589285714293	0.098
-0.43837499999999996	0.24848775000000067	0.164208705357143	0.097375
-0.444125	0.34654774999999916	0.14872879464285715	0.088375
-0.44662500000000005	0.2821677499999993	0.15500334821428574	0.075375
-0.41800000000000004	0.41441599999999923	0.1696261160714286	0.091125
-0.41312499999999996	0.48074375000000025	0.15079352678571425	0.101375
-0.4205	0.48737600000000114	0.16559040178571435	0.085375
-0.40212499999999995	0.2679777500000018	0.14787499999999992	0.086
-0.39449999999999996	0.36066600000000015	0.14704241071428567	0.08825
-0.41537500000000005	0.45291774999999745	0.15459709821428572	0.077625
-0.40700000000000003	0.1658659999999994	0.1591395089285713	0.090375
-0.384	0.3524539999999998	0.14675446428571437	0.09175
-0.447875	0.4580277499999994	0.16092410714285718	0.0845
-0.420625	0.40944374999999944	0.14021763392857142	0.085875
-0.411875	0.25924374999999955	0.16172544642857137	0.08625
-0.390875	0.2839677500000004	0.1535703125	0.089375
-0.430125	0.4031297500000015	0.15784486607142853	0.073125
-0.417625	0.4366797499999979	0.164	0.09175
-0.406	0.39212399999999903	0.15862276785714288	0.0985
-0.425875	0.4423377500000001	0.15956361607142838	0.088625
-0.43837499999999996	0.4267377500000009	0.17122991071428562	0.07875
-0.43425	0.5245809999999995	0.1598526785714286	0.10175
-0.39025	0.27702900000000064	0.1548470982142856	0.092375
-0.398875	0.2411297500000007	0.1398917410714285	0.092875
-0.43074999999999997	0.34352100000000085	0.15426674107142851	0.076125
-0.412625	0.6580997499999999	0.17213281250000007	0.085125
-0.41712499999999997	0.4763577500000018	0.16092968750000006	0.087375
-0.40025	0.3122990000000012	0.1400613839285714	0.091625
-0.40874999999999995	0.30477500000000113	0.1668214285714285	0.08725
-0.396875	0.4025937500000012	0.15458035714285714	0.095
-0.39425	0.2625710000000012	0.1654888392857144	0.084
-0.42325	0.39625099999999946	0.17792968750000002	0.099125
-0.426875	0.1791937499999996	0.1580345982142858	0.091125
-0.43825000000000003	0.3402409999999989	0.16157366071428567	0.08375
-0.42525	0.4760989999999996	0.15209933035714285	0.097375
-0.42374999999999996	0.3704750000000008	0.15553794642857147	0.0865
-0.40249999999999997	0.4831500000000002	0.1458080357142858	0.07925
-0.45562499999999995	0.4589937500000012	0.17365513392857143	0.094375
-0.4395	0.5349360000000001	0.15772098214285712	0.085
-0.43400000000000005	0.20880399999999888	0.1539497767857144	0.086625
-0.401875	0.3804437499999995	0.15268973214285708	0.08975
-0.383375	0.469627749999999	0.1475803571428571	0.0945
-0.4265	0.2660640000000001	0.1509854910714284	0.094125
-0.39912499999999995	0.3194377500000023	0.15039285714285705	0.095
-0.41900000000000004	0.5007739999999998	0.15751116071428578	0.0995
-0.446125	0.30555975000000224	0.155984375	0.08925
-0.440125	0.3601397499999983	0.1554252232142857	0.076125
-0.42237499999999994	0.40333975000000066	0.15116183035714287	0.084125
-0.410625	0.4786937499999997	0.1599810267857143	0.104125
-0.423125	0.4916937499999996	0.15273437500000003	0.081
-0.402625	0.24903974999999967	0.14247209821428564	0.091875
-0.45025000000000004	0.5318989999999992	0.15489843750000007	0.087375
-0.43074999999999997	0.3315210000000004	0.1431919642857142	0.09025
-0.40537500000000004	0.4929877499999975	0.14428906249999995	0.095375
-0.4475	0.32039999999999935	0.16715178571428566	0.087
-0.40800000000000003	0.3938259999999989	0.15550334821428557	0.092875
-0.443875	0.36584975000000064	0.1521941964285714	0.082
-0.4495	0.5476960000000002	0.1649910714285714	0.08125
-0.41925	0.33167100000000005	0.1400691964285714	0.08675
-0.428875	0.5588097499999982	0.17977008928571422	0.0945
-0.4225	0.4781500000000012	0.16548883928571434	0.086
-0.465375	0.6355677500000034	0.1724832589285713	0.078875
-0.41612499999999997	0.2534397500000001	0.15667633928571412	0.0915
-0.43962500000000004	0.3269277500000012	0.16114955357142863	0.088
-0.410625	0.41244374999999955	0.16106249999999997	0.0845
-0.460375	0.2876277500000004	0.1632957589285712	0.084125
-0.416875	0.31944375000000136	0.15502008928571429	0.08725
-0.43799999999999994	0.33899600000000163	0.15855133928571438	0.0775
-0.425125	0.31379975000000115	0.15394419642857132	0.08875
-0.4395	0.46618600000000043	0.13986049107142862	0.091125
-0.43037499999999995	0.6331877500000029	0.15492299107142854	0.092625
-0.410625	0.25294374999999825	0.13493526785714277	0.0975
-0.4125	0.49350000000000094	0.16188058035714292	0.080375
-0.43875	0.3247250000000008	0.1502388392857143	0.08925
-0.42125	0.23952500000000043	0.13760156250000008	0.104125
-0.41400000000000003	0.41716399999999787	0.16943191964285698	0.086875
-0.39725	0.2950789999999994	0.1551852678571427	0.09425
-0.42537499999999995	0.3983977500000009	0.16206473214285713	0.08625
-0.38375000000000004	0.4282749999999975	0.14622209821428564	0.095875
-0.43500000000000005	0.3663999999999987	0.1624274553571429	0.080625
-0.43000000000000005	0.27509999999999835	0.16946651785714267	0.09725
-0.40874999999999995	0.5082750000000011	0.15166183035714287	0.087625
-0.411625	0.35503774999999926	0.14648437499999994	0.09575
-0.43737499999999996	0.3274997500000012	0.1836874999999999	0.088
-0.43999999999999995	0.2961500000000008	0.15241406250000003	0.082375
-0.42800000000000005	0.4050559999999983	0.16231919642857146	0.09625
-0.43262500000000004	0.4186197499999995	0.14943861607142853	0.101625
-0.436125	0.308219750000001	0.15346540178571427	0.081375
-0.405625	0.32124374999999894	0.14213281249999998	0.090875
-0.45387500000000003	0.3937097499999993	0.17116071428571428	0.08025
-0.38625	0.3579749999999997	0.14937946428571433	0.09475
-0.38687499999999997	0.28274374999999985	0.14782924107142845	0.091375
-0.396875	0.345843750000002	0.1575122767857143	0.089375
-0.397625	0.43505975000000063	0.14915290178571428	0.097625
-0.43374999999999997	0.3480249999999998	0.14594531250000004	0.088875
-0.397875	0.3051277500000005	0.166823660714286	0.0945
-0.420875	0.45007775000000017	0.16110602678571417	0.090125
-0.4595	0.3660059999999987	0.15627790178571427	0.080125
-0.41774999999999995	0.36950900000000253	0.1688694196428572	0.084875
-0.418875	0.37244974999999947	0.15403906249999988	0.085625
-0.4215	0.2816539999999996	0.15458593749999996	0.090375
-0.43662500000000004	0.500737749999999	0.1585457589285714	0.090125
-0.391	0.49065399999999926	0.15716741071428558	0.091
-0.41812499999999997	0.2769937500000008	0.1449631696428571	0.094125
-0.41525	0.2660790000000013	0.1574363839285714	0.102125
-0.40912499999999996	0.4241177500000024	0.14673102678571437	0.098875
-0.410625	0.2311937499999992	0.15066964285714288	0.09575
-0.417875	0.36058774999999876	0.1644006696428571	0.085125
-0.409875	0.3570397500000002	0.15204799107142838	0.095125
-0.4105	0.47908600000000057	0.15297656249999994	0.093125
-0.45862499999999995	0.45735975000000195	0.1627232142857143	0.085
-0.422875	0.5255777500000001	0.14812834821428567	0.092875
-0.399	0.21528400000000047	0.1514598214285715	0.0825
-0.39249999999999996	0.4703499999999998	0.1508113839285715	0.093125
-0.41612499999999997	0.3319397500000001	0.1584933035714286	0.091
-0.42137500000000006	0.316839749999998	0.1617276785714285	0.09375
-0.43925000000000003	0.48220100000000166	0.1575613839285715	0.100125
-0.403625	0.4853897499999995	0.14491071428571434	0.09225
-0.41712499999999997	0.5798577500000004	0.16436383928571435	0.0935
-0.383375	0.32787774999999897	0.14334486607142866	0.087875
-0.446125	0.39930975000000224	0.15350446428571413	0.08575
-0.4255	0.5021960000000014	0.14485379464285716	0.083125
-0.44825000000000004	0.3386509999999987	0.1543247767857142	0.091125
-0.43899999999999995	0.4317139999999995	0.17178348214285716	0.091
-0.40974999999999995	0.40392900000000154	0.1441529017857141	0.074875
-0.44899999999999995	0.46163400000000365	0.17317410714285714	0.07625
-0.4115	0.3289340000000003	0.15751339285714283	0.0895
-0.42562500000000003	0.3259937499999985	0.14029687500000004	0.10125
-0.44999999999999996	0.4140000000000015	0.15201785714285712	0.089
-0.44625000000000004	0.545024999999999	0.1603002232142855	0.083125
-0.41612499999999997	0.5616897500000011	0.15554799107142855	0.089125
-0.401	0.40543399999999785	0.15527901785714276	0.087
-0.42112499999999997	0.34570975000000104	0.16029352678571418	0.083375
-0.40049999999999997	0.22009600000000162	0.16511718750000004	0.095125
-0.45475	0.4332390000000004	0.16272879464285714	0.085625
-0.41300000000000003	0.6146460000000005	0.14944866071428559	0.08925
-0.455125	0.4795297500000011	0.16171763392857147	0.081625
-0.39749999999999996	0.28265000000000207	0.14471986607142853	0.112375
-0.43537499999999996	0.37742775000000073	0.15258705357142854	0.08425
-0.387375	0.4265497499999995	0.13491741071428576	0.09175
-0.37949999999999995	0.3964260000000017	0.1472466517857143	0.093875
-0.432125	0.35953774999999943	0.14664843749999995	0.084875
-0.4295	0.3549760000000006	0.16417745535714293	0.097875
-0.40437500000000004	0.2674437499999982	0.14708147321428575	0.089375
-0.43625	0.31422499999999864	0.15877901785714282	0.09075
-0.374	0.49548399999999937	0.14212834821428577	0.099125
-0.43600000000000005	0.4132139999999982	0.16047321428571418	0.07625
-0.42100000000000004	0.25289399999999773	0.1615725446428572	0.098125
-0.419625	0.3546377499999984	0.16528236607142863	0.094375
-0.42662500000000003	0.2051077499999998	0.15364508928571413	0.095
-0.4325	0.4051000000000009	0.14622433035714283	0.091875
-0.407875	0.5037077500000002	0.16011607142857145	0.10525
-0.42074999999999996	0.41651100000000163	0.1507421874999999	0.086875
-0.4555	0.5688160000000018	0.1601216517857143	0.084625
-0.433875	0.4662897499999996	0.15785491071428587	0.08875
-0.4495	0.46644599999999947	0.1631049107142858	0.07925
-0.37687499999999996	0.37069375000000093	0.15442410714285706	0.09725
-0.428875	0.4050597499999995	0.1535658482142857	0.086875
-0.42037500000000005	0.5188077499999988	0.1465535714285714	0.0915
-0.41125	0.4654750000000014	0.1545122767857143	0.091375
-0.43225	0.5170589999999979	0.14793973214285702	0.0935
-0.42962500000000003	0.5257577499999986	0.1613895089285715	0.087125
-0.385	0.2828999999999997	0.1537366071428572	0.102
-0.402	0.34508599999999845	0.1624821428571429	0.082
-0.40974999999999995	0.31067900000000215	0.15116852678571444	0.090125
-0.40925	0.562481	0.14839955357142853	0.1015
-0.42274999999999996	0.26551900000000117	0.14733928571428556	0.0945
-0.44937499999999997	0.3884937500000021	0.1616529017857143	0.093625
-0.4275	0.6841500000000007	0.14532700892857142	0.083375
-0.4385	0.37623400000000196	0.17239397321428573	0.083625
-0.44037499999999996	0.46561774999999983	0.1479531249999999	0.094
-0.42000000000000004	0.4383499999999998	0.15544531249999993	0.090625
-0.403875	0.4159097499999991	0.14673437500000006	0.08925
-0.4285	0.35570399999999935	0.13547209821428566	0.097875
-0.40575000000000006	0.43962099999999893	0.14681696428571425	0.092
-0.42562500000000003	0.323493749999999	0.16010379464285718	0.076875
-0.43937499999999996	0.4946937499999997	0.16447656249999984	0.083125
-0.380625	0.49874375000000093	0.13901562500000003	0.09475
-0.4455	0.463476	0.16025669642857146	0.088
-0.44175	0.43021100000000345	0.17127790178571417	0.089375
-0.402875	0.6005677499999997	0.1703091517857142	0.089875
-0.41012499999999996	0.41175975000000165	0.16456026785714287	0.10275
-0.38512500000000005	0.27560974999999743	0.1526696428571428	0.09125
-0.421625	0.48296775000000025	0.152677455357143	0.092875
-0.46199999999999997	0.35439600000000127	0.1581238839285714	0.088625
-0.44775	0.27481899999999904	0.15480468750000004	0.084875
-0.43337499999999995	0.37397775000000166	0.16276785714285694	0.0905
-0.4145	0.36328600000000044	0.1567834821428571	0.0985
-0.42437499999999995	0.4259937500000017	0.1579966517857142	0.089875
-0.41412499999999997	0.27850775000000105	0.15995312500000003	0.0955
-0.46587500000000004	0.505617749999999	0.1383850446428571	0.096625
-0.39949999999999997	0.2143960000000007	0.1478270089285715	0.089625
-0.408875	0.25713975000000033	0.1509196428571427	0.094
-0.42962500000000003	0.18575774999999872	0.1463214285714285	0.086
-0.4225	0.5009000000000015	0.15197656249999994	0.084375
-0.399625	0.4235477500000009	0.15393861607142864	0.084875
-0.43662500000000004	0.4547377499999996	0.1610301339285714	0.080375
-0.41174999999999995	0.5268910000000009	0.16878683035714287	0.093375
-0.400875	0.49303775000000094	0.1566618303571427	0.082125
-0.40012499999999995	0.3731497500000014	0.1531919642857142	0.0995
-0.43274999999999997	0.40888900000000206	0.15800000000000006	0.08625
-0.39225	0.4279890000000002	0.1504241071428571	0.098
-0.42800000000000005	0.2958059999999989	0.17501116071428569	0.0865
-0.44162500000000005	0.2692277499999971	0.15032142857142844	0.09525
-0.43200000000000005	0.384015999999999	0.17246763392857162	0.077875
-0.43300000000000005	0.2674259999999986	0.14405468750000006	0.094375
-0.42137500000000006	0.4500897499999983	0.14469977678571422	0.092875
-0.404625	0.28295774999999956	0.15427232142857134	0.08975
-0.38125	0.3253750000000011	0.1468627232142857	0.104375
-0.4315	0.44542399999999915	0.15989732142857135	0.08675
-0.425125	0.3902997500000005	0.1597399553571428	0.081875
-0.38925	0.33900099999999966	0.14315513392857132	0.093375
-0.42174999999999996	0.43753100000000167	0.14130245535714275	0.094375
-0.42474999999999996	0.5153990000000004	0.16346093749999993	0.090375
-0.442125	0.38490775000000177	0.16489062500000012	0.09525
-0.41774999999999995	0.26650900000000277	0.14577343749999994	0.100875
-0.429875	0.3865697499999996	0.15149665178571436	0.088875
-0.40674999999999994	0.4426210000000026	0.15598549107142856	0.092125
-0.4185	0.31172400000000167	0.15495089285714292	0.08825
-0.412625	0.36534975000000003	0.1535290178571428	0.08875
-0.447875	0.32577774999999853	0.1588560267857142	0.082125
-0.41500000000000004	0.45339999999999847	0.16919196428571415	0.095
-0.44725000000000004	0.39322899999999983	0.15730915178571442	0.091125
-0.44275	0.39105900000000027	0.15575334821428577	0.087375
-0.45899999999999996	0.3621040000000004	0.16561383928571424	0.08975
-0.4305	0.3964660000000002	0.15015066964285714	0.080375
-0.446875	0.4678437500000001	0.15631808035714284	0.092375
-0.453375	0.3574677500000014	0.17688727678571442	0.088625
-0.42774999999999996	0.2944790000000008	0.15220089285714286	0.09
-0.416875	0.4094437500000012	0.1601450892857142	0.09775
-0.39375000000000004	0.31587499999999835	0.15327008928571423	0.09525
-0.411625	0.32378774999999926	0.15619642857142854	0.09125
-0.41274999999999995	0.4779490000000006	0.14030691964285713	0.097125
-0.40837500000000004	0.237927749999999	0.15863281250000022	0.095875
-0.44837499999999997	0.5276077500000014	0.15134151785714284	0.09
-0.40700000000000003	0.2883659999999981	0.15182366071428566	0.1015
-0.408625	0.39690974999999895	0.16518526785714277	0.09225
-0.37949999999999995	0.43042600000000064	0.1445301339285713	0.098375
-0.42274999999999996	0.5475190000000012	0.15550892857142862	0.088
-0.39212499999999995	0.2703077500000024	0.13088616071428572	0.10775
-0.42825	0.3736309999999996	0.15304799107142858	0.087625
-0.41912499999999997	0.4113477500000009	0.15978794642857147	0.088
-0.38612500000000005	0.4530197499999993	0.14684486607142858	0.092625
-0.426875	0.3084437499999986	0.15500000000000022	0.0905
-0.411875	0.10899374999999978	0.14681808035714272	0.085375
-0.4285	0.21745400000000004	0.15133258928571428	0.082
-0.44099999999999995	0.35255400000000314	0.15982366071428575	0.09875
-0.45262500000000006	0.4323397499999988	0.15545535714285708	0.081
-0.42962500000000003	0.520257749999999	0.15597991071428577	0.09
-0.43999999999999995	0.3454000000000015	0.16529687500000007	0.091
-0.40925	0.29773099999999886	0.15460044642857146	0.079
-0.47150000000000003	0.5927539999999993	0.1740736607142858	0.095
-0.391	0.4869039999999991	0.14766964285714285	0.101
-0.41112499999999996	0.38861975000000015	0.1377589285714289	0.09525
-0.40549999999999997	0.5061160000000005	0.15373883928571414	0.091
-0.43274999999999997	0.40563900000000075	0.1553816964285713	0.09825
-0.42237499999999994	0.2950897500000007	0.15296093750000012	0.088625
-0.41100000000000003	0.1667639999999988	0.14133035714285716	0.08875
-0.37275	0.4541689999999985	0.1397544642857142	0.1025
-0.39325	0.4769210000000008	0.1434430803571427	0.100125
-0.41100000000000003	0.4840139999999984	0.1549229910714286	0.085625
-0.41125	0.5637249999999998	0.15211160714285715	0.10025
-0.45037499999999997	0.6545977500000006	0.16325446428571422	0.08425
-0.4175	0.2945999999999991	0.15337946428571417	0.08925
-0.410875	0.332657750000001	0.15495089285714303	0.08975
-0.422875	0.25682774999999936	0.15302678571428563	0.08775
-0.41025	0.34111900000000084	0.1441997767857143	0.083625
-0.42274999999999996	0.3622690000000013	0.15452232142857145	0.08775
-0.45462499999999995	0.48255775000000156	0.1656830357142857	0.0845
-0.38525	0.3995689999999996	0.14336049107142856	0.092625
-0.43662500000000004	0.318237749999998	0.16154241071428563	0.087
-0.41174999999999995	0.38539100000000026	0.15682254464285722	0.090625
-0.40225	0.3741190000000003	0.15651785714285718	0.099
-0.37787499999999996	0.3458677500000018	0.14517857142857135	0.1005
-0.39712499999999995	0.2881677500000013	0.1529084821428572	0.0865
-0.4135	0.30578400000000094	0.1607466517857142	0.095875
-0.4625	0.2140000000000022	0.14463950892857136	0.095375
-0.42625	0.4512249999999991	0.14838392857142857	0.10375
-0.43325	0.5052109999999992	0.16303013392857157	0.090875
-0.41512499999999997	0.1924897500000018	0.15890959821428563	0.090875
-0.38949999999999996	0.3788860000000014	0.14232812499999986	0.0955
-0.42374999999999996	0.4234749999999998	0.14363281249999996	0.098625
-0.423125	0.4246937499999994	0.16529575892857132	0.100125
-0.4275	0.37540000000000084	0.15019196428571438	0.0925
-0.41737500000000005	0.5412697499999997	0.14745758928571434	0.092
-0.39925	0.395840999999999	0.156130580357143	0.091875
-0.42374999999999996	0.43772500000000036	0.14972433035714292	0.091375
-0.39575000000000005	0.45886099999999885	0.15560267857142848	0.0875
-0.411625	0.40503775	0.16070535714285722	0.085
-0.408875	0.3286397500000007	0.15068303571428565	0.10575
-0.43137499999999995	0.3111497500000002	0.1544877232142857	0.095125
-0.423125	0.34494375000000055	0.155328125	0.09475
-0.447125	0.6292677500000003	0.15737276785714288	0.09725
-0.42074999999999996	0.4547610000000013	0.15887611607142854	0.088125
-0.397	0.6180059999999994	0.14512611607142858	0.100875
-0.41912499999999997	0.36284775000000025	0.1769587053571429	0.092125
-0.40012499999999995	0.3478997500000016	0.1638080357142858	0.0935
-0.36775	0.25840899999999856	0.14688058035714296	0.107375
-0.395	0.41084999999999816	0.17281473214285714	0.0925
-0.421875	0.4288437500000004	0.15358705357142866	0.092
-0.450875	0.48688775000000106	0.16230133928571416	0.096
-0.42937499999999995	0.3281937500000023	0.16533035714285702	0.077
-0.390875	0.3362177500000012	0.14056584821428586	0.096125
-0.4105	0.30133600000000094	0.14088950892857144	0.090375
-0.4125	0.5505000000000013	0.14512388392857134	0.090125
-0.43762500000000004	0.3309997499999966	0.14716741071428577	0.09
-0.405625	0.37849374999999874	0.1559921875	0.092625
-0.42012499999999997	0.5346697500000008	0.17244084821428568	0.082375
-0.386625	0.44333774999999953	0.13705357142857139	0.09275
-0.424125	0.25463775000000055	0.16565178571428577	0.0815
-0.41312499999999996	0.3732437500000003	0.14427678571428562	0.10225
-0.41074999999999995	0.35830100000000087	0.14464062500000013	0.1035
-0.405	0.3643499999999982	0.141265625	0.092
-0.42700000000000005	0.5992359999999977	0.16110267857142838	0.0965
-0.42937499999999995	0.2769437500000027	0.1508895089285716	0.076875
-0.41900000000000004	0.3360240000000001	0.1650334821428571	0.08875
-0.40212499999999995	0.4349777500000016	0.16407589285714283	0.089
-0.40900000000000003	0.46575399999999867	0.16658593750000003	0.113125
-0.42112499999999997	0.28370974999999987	0.15128683035714274	0.095125
-0.428125	0.4650937499999994	0.14887611607142853	0.083375
-0.41725	0.31718899999999906	0.1512220982142856	0.089125
-0.41912499999999997	0.31359775000000134	0.14791629464285713	0.085125
-0.42737499999999995	0.4788597500000016	0.16533593749999986	0.077375
-0.44499999999999995	0.4096000000000046	0.1536964285714286	0.09125
-0.39249999999999996	0.35110000000000063	0.1625446428571427	0.10175
-0.4115	0.45293400000000084	0.15410491071428564	0.103
-0.47024999999999995	0.4723390000000016	0.16595535714285725	0.0835
-0.406	0.3908739999999984	0.15159263392857134	0.090375
-0.413625	0.15787974999999932	0.1404955357142857	0.08075
-0.434125	0.399567750000001	0.15472879464285721	0.092625
-0.4455	0.5499759999999991	0.15502120535714278	0.102375
-0.430125	0.3998797500000002	0.1544564732142858	0.092375
-0.38787499999999997	0.30809774999999995	0.1507176339285713	0.077875
-0.43725	0.3782489999999985	0.1610513392857144	0.08
-0.400625	0.45474375000000045	0.14484374999999988	0.08975
-0.39225	0.4157390000000003	0.14095312499999998	0.09275
-0.418625	0.41979974999999925	0.15648549107142848	0.086125
-0.368	0.42046599999999934	0.14124441964285714	0.106125
-0.42274999999999996	0.303269000000002	0.16149441964285724	0.098625
-0.38949999999999996	0.45088600000000234	0.15241294642857148	0.095
-0.404	0.3710439999999995	0.15944196428571444	0.08475
-0.42012499999999997	0.29541975000000065	0.1513828125	0.087625
-0.39	0.3761499999999991	0.14082589285714295	0.0945
-0.403625	0.4588897499999991	0.16551450892857136	0.096875
-0.43162500000000004	0.45944774999999893	0.16613169642857134	0.09725
-0.409875	0.1722897500000009	0.1572834821428571	0.095
-0.4295	0.37622600000000084	0.1524977678571428	0.0915
-0.4295	0.16797599999999946	0.16406473214285727	0.08425
-0.41312499999999996	0.6369937500000002	0.14948660714285722	0.088
-0.41412499999999997	0.464507750000001	0.1468783482142857	0.083875
-0.38225	0.2884089999999997	0.15268526785714281	0.10675
-0.42025	0.46923899999999996	0.1455714285714286	0.0865
-0.411875	0.5794937499999993	0.1512154017857143	0.104625
-0.418625	0.32854974999999875	0.14828013392857148	0.086125
-0.40275000000000005	0.3234289999999973	0.15710267857142865	0.09675
-0.424875	0.6079497499999995	0.16274776785714273	0.095
-0.383625	0.4788097499999999	0.1459419642857142	0.08925
-0.426125	0.43092975000000067	0.14832142857142852	0.09175
-0.43637499999999996	0.5209797500000004	0.1607142857142857	0.08225
-0.41874999999999996	0.5058749999999996	0.15527120535714287	0.083375
-0.405875	0.31524775000000105	0.1561529017857143	0.081125
-0.43174999999999997	0.46347100000000196	0.1456116071428572	0.088
-0.44262500000000005	0.3540797499999986	0.17485267857142853	0.084
-0.37875000000000003	0.32252499999999884	0.1518794642857143	0.088
-0.40625	0.44212500000000077	0.152482142857143	0.094
-0.428875	0.4618097499999987	0.1601439732142858	0.084625
-0.39649999999999996	0.5363540000000011	0.15342968749999994	0.095375
-0.407875	0.6777077499999997	0.13747098214285725	0.10425
-0.42800000000000005	0.4618059999999975	0.14977678571428568	0.09025
-0.400625	0.23824375000000053	0.1505636160714285	0.086375
-0.420625	0.4064437499999993	0.15844084821428572	0.084625
-0.40437500000000004	0.3629437499999977	0.15242410714285717	0.09925
-0.4145	0.4035360000000008	0.1584107142857145	0.093
-0.42074999999999996	0.31501100000000193	0.14780691964285703	0.097625
-0.41074999999999995	0.5523010000000017	0.15137388392857154	0.073625
-0.403	0.5087059999999983	0.14900558035714273	0.092375
-0.430875	0.2982977499999997	0.1526919642857143	0.0875
-0.40712499999999996	0.4359877500000007	0.1603526785714286	0.08575
-0.41037500000000005	0.381227749999999	0.16249330357142866	0.0935
-0.412875	0.6490477499999994	0.14469754464285706	0.091625
-0.45025000000000004	0.291898999999999	0.17742633928571425	0.086
-0.44775	0.32956899999999756	0.164234375	0.08725
-0.432875	0.3271577499999996	0.16405022321428556	0.096625
-0.391875	0.36819375000000143	0.17294754464285716	0.097125
-0.4245	0.26429600000000164	0.15882031249999984	0.086875
-0.42837499999999995	0.2499177500000016	0.16651227678571423	0.094375
-0.41712499999999997	0.30285775000000115	0.15703236607142862	0.097375
-0.424875	0.4204497499999995	0.14746651785714288	0.09475
-0.41225	0.29654899999999884	0.14294196428571432	0.08725
-0.397	0.48700599999999916	0.1641037946428571	0.086375
-0.388625	0.3050297499999992	0.1441997767857142	0.091125
-0.411875	0.5449937499999997	0.1612901785714284	0.09125
-0.443125	0.4449937500000001	0.14392633928571436	0.0935
-0.43462500000000004	0.4831177499999999	0.14776227678571435	0.102625
-0.398875	0.29187975000000144	0.16768973214285707	0.08975
-0.40375000000000005	0.414024999999997	0.16008928571428563	0.09025
-0.396	0.5384440000000001	0.1411819196428572	0.093375
-0.43025	0.3146589999999989	0.16378459821428568	0.079375
-0.40449999999999997	0.5723260000000021	0.15404129464285726	0.094875
-0.38925	0.4695009999999993	0.16546428571428579	0.0985
-0.48724999999999996	0.43289899999999903	0.16983482142857143	0.08075
-0.43937499999999996	0.2581937500000002	0.14769977678571422	0.094625
-0.4225	0.6474000000000011	0.1465223214285713	0.08175
-0.43362500000000004	0.17675974999999866	0.15660379464285706	0.081875
-0.40237500000000004	0.4382597499999985	0.15670424107142872	0.086625
-0.40012499999999995	0.2978997500000027	0.15985714285714284	0.09375
-0.43825000000000003	0.5789909999999985	0.1660613839285714	0.084125
-0.40312499999999996	0.40709375000000136	0.1453058035714287	0.098
-0.38275000000000003	0.23353900000000039	0.16482589285714294	0.099
-0.42574999999999996	0.39429100000000084	0.15387500000000007	0.08775
-0.41874999999999996	0.3201250000000009	0.1824765625	0.084125
-0.423125	0.4631937500000003	0.15527008928571429	0.092
-0.40349999999999997	0.3475040000000007	0.15666964285714274	0.0875
-0.41512499999999997	0.3594897500000016	0.1471127232142858	0.095875
-0.413875	0.32281975000000074	0.15881361607142847	0.088875
-0.42937499999999995	0.4071937500000029	0.16006919642857143	0.083
-0.403	0.25720599999999827	0.16029575892857165	0.093375
-0.404875	0.45146974999999934	0.14824553571428567	0.089
-0.40837500000000004	0.5486777499999995	0.15153348214285706	0.08775
-0.45999999999999996	0.3519000000000023	0.1660993303571428	0.090875
-0.43025	0.34915899999999844	0.1492991071428571	0.09325
-0.428125	0.3210937499999993	0.1446261160714285	0.089375
-0.44362500000000005	0.45189974999999905	0.17256250000000017	0.0845
-0.42537499999999995	0.5143977500000005	0.15512834821428562	0.091375
-0.4195	0.35181599999999946	0.1519040178571428	0.09775
-0.41837500000000005	0.5373977499999985	0.1635435267857141	0.090875
-0.39412499999999995	0.5161477500000018	0.14352120535714283	0.097875
-0.41700000000000004	0.39202599999999777	0.14668080357142851	0.08125
-0.430875	0.6952977499999999	0.16350892857142854	0.0935
-0.425125	0.4427997500000007	0.15855915178571423	0.083625
-0.36950000000000005	0.30876599999999854	0.14433370535714288	0.092625
-0.41774999999999995	0.4095090000000017	0.16462723214285718	0.09275
-0.386625	0.43108774999999966	0.1445167410714286	0.096375
-0.444125	0.43204774999999884	0.15827901785714285	0.10175
-0.39225	0.4279890000000002	0.1455546875000001	0.089875
-0.42874999999999996	0.410775000000001	0.15664732142857132	0.093
-0.47887500000000005	0.3546097500000016	0.17118191964285712	0.085625
-0.42662500000000003	0.36010774999999917	0.15538058035714286	0.090125
-0.40549999999999997	0.2823659999999997	0.14769754464285717	0.109125
-0.42825	0.3783809999999992	0.15736495535714276	0.092375
-0.394625	0.2803377499999993	0.16190624999999986	0.1005
-0.44662500000000005	0.23441774999999865	0.15768750000000006	0.08825
-0.46675	0.5835610000000013	0.14881361607142857	0.085625
-0.38425	0.4656310000000019	0.14603794642857154	0.10225
-0.431125	0.29609975000000155	0.16408258928571415	0.09625
-0.42174999999999996	0.2355310000000017	0.13952678571428573	0.07875
-0.44025000000000003	0.5558789999999991	0.16178236607142849	0.085875
-0.39375000000000004	0.3848749999999992	0.16373437499999993	0.08625
-0.408875	0.3736397500000006	0.1453604910714285	0.084875
-0.39612499999999995	0.6721097500000006	0.15925446428571444	0.08925
-0.394625	0.3565877499999992	0.1445122767857143	0.101875
-0.40837500000000004	0.33617774999999916	0.15908482142857144	0.08825
-0.4445	0.2444659999999974	0.14939397321428582	0.083625
-0.40537500000000004	0.30398774999999745	0.15651227678571436	0.082875
-0.43300000000000005	0.37267599999999845	0.16575781249999996	0.087875
-0.4345	0.27385599999999855	0.17372321428571413	0.0835
-0.44337499999999996	0.4531977499999993	0.15753571428571414	0.09475
-0.41412499999999997	0.39725774999999963	0.1546473214285714	0.09025
-0.42437499999999995	0.11324375000000231	0.15205915178571436	0.086875
-0.4615	0.4892839999999996	0.1669464285714286	0.095
-0.420875	0.39532774999999987	0.15153571428571433	0.091
-0.44775	0.43356899999999854	0.15560379464285706	0.093375
-0.42900000000000005	0.3115939999999995	0.14711272321428556	0.084625
-0.41037500000000005	0.3847277499999979	0.1522410714285714	0.08725
-0.4115	0.2751840000000012	0.16096651785714294	0.07625
-0.385	0.3743999999999996	0.15689620535714285	0.090375
-0.39537500000000003	0.36660774999999823	0.1613292410714287	0.090625
-0.397625	0.47705975000000045	0.1608437500000001	0.087
-0.409875	0.36653975000000116	0.1671383928571427	0.099
-0.40800000000000003	0.29557599999999873	0.16214843749999996	0.095875
-0.41925	0.2994210000000006	0.15490513392857147	0.091875
-0.42962500000000003	0.4607577499999991	0.15587388392857132	0.088625
-0.40475000000000005	0.28233899999999856	0.1512455357142857	0.097
-0.425125	0.25604975000000074	0.1508872767857143	0.099875
-0.41274999999999995	0.47594900000000173	0.1501160714285714	0.094
-0.433875	0.4557897499999992	0.170416294642857	0.077875
-0.4465	0.2744540000000022	0.16147209821428576	0.094875
-0.416625	0.44052774999999933	0.1615223214285713	0.0885
-0.40825	0.3003109999999989	0.15083705357142865	0.086
-0.391875	0.45644375000000004	0.16456026785714287	0.101
-0.436125	0.47646975000000147	0.1676685267857142	0.095125
-0.41800000000000004	0.31291599999999775	0.17027678571428564	0.09175
-0.450875	0.4903877500000018	0.15910602678571437	0.093125
-0.41674999999999995	0.2523610000000005	0.1552020089285715	0.089125
-0.404875	0.4629697499999992	0.15468526785714273	0.08875
-0.4095	0.4642060000000008	0.16032924107142843	0.104875
-0.39749999999999996	0.2756500000000006	0.15265178571428584	0.09225
-0.39425	0.4155709999999999	0.14797544642857152	0.089
-0.449125	0.43358775000000094	0.1654352678571428	0.08225
-0.434125	0.41906774999999996	0.15441629464285722	0.080375
-0.41925	0.4789209999999997	0.14820535714285718	0.088
-0.39825	0.44385100000000044	0.16805803571428574	0.09525
-0.40725	0.4631089999999993	0.15307366071428577	0.10875
-0.43600000000000005	0.33646399999999765	0.15468749999999987	0.0815
-0.407625	0.4249697500000007	0.16163950892857135	0.092875
-0.43937499999999996	0.507943749999999	0.15728236607142843	0.090125
-0.398	0.3855360000000001	0.1514999999999999	0.094
-0.43225	0.4323089999999983	0.1465078125	0.093375
-0.41874999999999996	0.46512500000000045	0.15311941964285702	0.095375
-0.402625	0.32428975000000015	0.1507979910714285	0.086875
-0.42637499999999995	0.3047697500000002	0.15309151785714267	0.0865
-0.418875	0.39594974999999977	0.15738392857142847	0.07875
-0.41737500000000005	0.4400197499999994	0.15158258928571428	0.08975
-0.38349999999999995	0.2960940000000001	0.15106250000000007	0.094
-0.419625	0.2481377499999997	0.1645926339285715	0.092875
-0.43725	0.39549899999999916	0.17631584821428553	0.096625
-0.376625	0.3812077500000015	0.1438169642857143	0.0965
-0.41012499999999996	0.3225097500000018	0.14945424107142846	0.098625
-0.45575	0.29967099999999824	0.14994084821428583	0.085375
-0.407625	0.5409697500000004	0.15641294642857137	0.11125
-0.46687500000000004	0.18119375000000026	0.1685357142857145	0.0875
-0.416875	0.45944375000000015	0.1523381696428572	0.091125
-0.44837499999999997	0.5661077500000005	0.16354464285714287	0.08375
-0.42337499999999995	0.5273077500000021	0.17133370535714296	0.086625
-0.42925	0.24341099999999827	0.16294531250000013	0.094375
-0.43462500000000004	0.33511774999999844	0.15032366071428582	0.0905
-0.38475000000000004	0.136728999999999	0.15805245535714285	0.091125
-0.4205	0.35762600000000155	0.14989843750000004	0.089875
-0.402625	0.4525397499999997	0.15507142857142847	0.094
-0.38925	0.4240010000000005	0.14807031250000002	0.089875
-0.42262500000000003	0.31095974999999854	0.16714285714285726	0.097
-0.44762500000000005	0.6118597499999989	0.16168638392857154	0.081375
-0.41274999999999995	0.4306990000000006	0.14589174107142852	0.094375
-0.40349999999999997	0.3850040000000021	0.1561171875	0.087875
-0.4365	0.38848400000000005	0.15895200892857145	0.089875
-0.40525	0.38310900000000103	0.15212165178571435	0.091625
-0.41712499999999997	0.5753577500000002	0.15201116071428566	0.09025
-0.421875	0.20534375000000082	0.15687276785714285	0.0945
-0.44237499999999996	0.26061975000000004	0.14987611607142856	0.074375
-0.41625	0.41202499999999986	0.15351227678571422	0.084875
-0.38449999999999995	0.3273060000000019	0.14686718749999997	0.101125
-0.41037500000000005	0.3447277499999988	0.15916629464285723	0.093625
-0.38975000000000004	0.31401900000000005	0.14033147321428585	0.097375
-0.403625	0.18163974999999866	0.1551774553571428	0.084375
-0.43400000000000005	0.3005539999999982	0.1476930803571429	0.097125
-0.41312499999999996	0.5074937500000001	0.1503225446428572	0.095375
-0.44875	0.43322500000000197	0.16054799107142842	0.097875
-0.442875	0.4322877500000022	0.15985937500000005	0.0955
-0.37787499999999996	0.46886775000000114	0.1352087053571429	0.088375
-0.437875	0.41399775000000005	0.16654241071428572	0.09075
-0.410625	0.303693749999999	0.16751674107142858	0.094875
-0.41537500000000005	0.3754177499999969	0.14660602678571422	0.097875
-0.409875	0.5035397500000016	0.15381249999999996	0.1005
-0.4225	0.5386500000000005	0.15389620535714282	0.082625
-0.450875	0.37413775000000093	0.15430022321428571	0.083625
-0.40137500000000004	0.33286974999999863	0.15729799107142878	0.091375
-0.408625	0.4426597499999989	0.1507656249999999	0.08725
-0.4275	0.4789000000000012	0.15442745535714286	0.093375
-0.4475	0.4489000000000001	0.15578794642857124	0.092
-0.403625	0.22813974999999864	0.15945647321428572	0.084875
-0.42525	0.35184899999999963	0.16938727678571416	0.084375
-0.39875000000000005	0.4304749999999977	0.1480993303571429	0.093625
-0.41937500000000005	0.4604937499999977	0.14501450892857137	0.096375
-0.41074999999999995	0.45480100000000157	0.1512243303571429	0.093375
-0.42562500000000003	0.31599374999999874	0.14177008928571425	0.10025
-0.39875000000000005	0.2479749999999985	0.16031808035714257	0.103375
-0.419875	0.2552797499999997	0.16223437500000018	0.09025
-0.4245	0.3362960000000008	0.1601294642857142	0.083
-0.43000000000000005	0.3855999999999984	0.14439843749999998	0.089375
-0.377375	0.43840974999999993	0.14817857142857158	0.0935
-0.42662500000000003	0.5093577499999995	0.15920870535714277	0.090875
-0.41325	0.406841	0.1590714285714284	0.08975
-0.427875	0.26426775000000013	0.16174999999999995	0.0915
-0.43262500000000004	0.4021197499999989	0.1545725446428571	0.092375
-0.45362499999999994	0.25233975000000264	0.15886160714285702	0.09675
-0.434125	0.3913177500000007	0.16569866071428566	0.08175
-0.446125	0.1380597500000018	0.15554687499999995	0.08575
-0.41237500000000005	0.3911497499999985	0.15759598214285722	0.08825
-0.43537499999999996	0.3671777500000015	0.1635613839285713	0.084625
-0.390375	0.2862177499999987	0.14558035714285708	0.09625
-0.39437500000000003	0.40024374999999957	0.147203125	0.10575
-0.42100000000000004	0.45964399999999905	0.16076562499999983	0.08875
-0.42900000000000005	0.4630939999999981	0.1552790178571429	0.09475
-0.4065	0.4153739999999999	0.14795647321428557	0.091875
-0.44825000000000004	0.4709009999999978	0.1708002232142857	0.084875
-0.448125	0.3564437499999986	0.15735379464285718	0.085625
-0.35762499999999997	0.3409197500000012	0.14626227678571435	0.110625
-0.41600000000000004	0.3116039999999991	0.15949776785714265	0.105
-0.42662500000000003	0.6981077500000001	0.15768861607142848	0.098125
-0.41074999999999995	0.22330100000000108	0.1504642857142858	0.096
-0.413625	0.733129749999998	0.15052343749999988	0.095625
-0.401	0.47643399999999936	0.1480725446428573	0.087625
-0.44999999999999996	0.35900000000000176	0.16809151785714282	0.09375
-0.37787499999999996	0.35686775000000104	0.15042968749999985	0.086125
-0.386625	0.34183774999999983	0.14970758928571443	0.10625
-0.4405	0.420855999999997	0.15347209821428578	0.085375
-0.42200000000000004	0.2781559999999992	0.16195535714285703	0.0995
-0.4555	0.23181600000000024	0.1520446428571428	0.08375
-0.391	0.27490399999999937	0.15291071428571434	0.084
-0.42637499999999995	0.30726975000000145	0.15793973214285711	0.08675
-0.4435	0.331923999999999	0.16693750000000007	0.0875
-0.429125	0.3913777500000002	0.1548214285714287	0.09925
-0.46625000000000005	0.3207749999999976	0.16179687499999998	0.081
-0.42437499999999995	0.4299937500000013	0.16405691964285724	0.093375
-0.43074999999999997	0.3972710000000017	0.16549107142857128	0.08975
-0.45525000000000004	0.46495900000000034	0.1684006696428569	0.086625
-0.415875	0.568017750000001	0.15011607142857142	0.08925
-0.43474999999999997	0.4273790000000002	0.1613962053571428	0.092125
-0.41100000000000003	0.39926399999999873	0.15779129464285704	0.099875
-0.37975000000000003	0.374388999999999	0.14635602678571413	0.097625
-0.436125	0.4114697500000002	0.14890625	0.0885
-0.43799999999999994	0.2644960000000012	0.1531707589285714	0.097375
-0.43600000000000005	0.5677139999999987	0.15738281250000008	0.089125
-0.396875	0.39634375000000155	0.1503091517857145	0.085625
-0.409625	0.32581775000000057	0.13942299107142844	0.084625
-0.41237500000000005	0.4923997499999988	0.13885491071428593	0.092
-0.43162500000000004	0.36644774999999896	0.15933593750000002	0.084625
-0.42074999999999996	0.3977610000000009	0.17112388392857145	0.088375
-0.430875	0.43829775000000026	0.15246986607142865	0.094125
-0.42100000000000004	0.5133939999999981	0.16978236607142866	0.076625
-0.41237500000000005	0.27939974999999784	0.14325669642857156	0.0885
-0.43274999999999997	0.4928890000000017	0.1502388392857143	0.0935
-0.40625	0.37437500000000057	0.13918303571428564	0.09675
-0.45237499999999997	0.3942097499999999	0.17395535714285723	0.07925
-0.418625	0.3850497499999985	0.15473102678571438	0.094125
-0.424875	0.2724497499999998	0.16244531249999988	0.095875
-0.40674999999999994	0.3908710000000024	0.1436517857142856	0.0965
-0.437875	0.3782477499999999	0.16315736607142856	0.093625
-0.41674999999999995	0.43411100000000147	0.14598102678571434	0.093625
-0.44175	0.33921100000000237	0.16356584821428577	0.081375
-0.412625	0.22084975000000107	0.15739062500000017	0.1015
-0.419625	0.41513774999999953	0.15151004464285703	0.085375
-0.436875	0.4197437500000003	0.147515625	0.095
-0.425875	0.44983775000000037	0.16509821428571433	0.0915
-0.400625	0.22824375000000074	0.15819754464285718	0.091875
-0.427125	0.2912777500000008	0.16573102678571422	0.092125
-0.4375	0.3904999999999994	0.1565624999999999	0.085
-0.4385	0.16748400000000174	0.15469196428571444	0.09575
-0.424875	0.4881997499999997	0.15802790178571427	0.091625
-0.42962500000000003	0.43450774999999986	0.16341629464285726	0.091875
-0.402	0.43158599999999936	0.1677756696428572	0.094125
-0.42262500000000003	0.44470974999999946	0.1563236607142857	0.093
-0.41525	0.5123290000000011	0.14777678571428562	0.0895
-0.39675000000000005	0.4286809999999992	0.1487332589285716	0.091875
-0.42562500000000003	0.28999374999999894	0.1731629464285714	0.0905
-0.435875	0.4037077499999988	0.16542187499999988	0.098
-0.4495	0.29119599999999934	0.16994419642857142	0.08725
-0.43000000000000005	0.5010999999999992	0.15900669642857154	0.0905
-0.47162499999999996	0.47611775000000023	0.17065959821428578	0.079875
-0.415875	0.45801775000000156	0.14615066964285706	0.085375
