-0.6801999999999999	0.09704600000003438	0.27717871093750013	0.0553125
-0.6751499999999999	0.1864977500000009	0.2569736328125001	0.052812500000000005
-0.6689500000000002	0.2600897499999917	0.24768359374999982	0.05437499999999999
-0.6835499999999999	0.19518974999999728	0.27819433593750004	0.0421875
-0.6839499999999998	0.37323975000003884	0.26496679687499963	0.0471875
-0.66065	0.19490774999999871	0.2629013671875	0.059375
-0.6851499999999999	-0.103552250000007	0.2557109374999999	0.051562500000000004
-0.66855	0.24558975000002192	0.27687207031249983	0.051875000000000004
-0.67265	0.009697750000015048	0.27092480468749996	0.06281250000000001
-0.6872	0.269615999999985	0.27149804687499995	0.053437500000000006
-0.6773500000000001	0.2466977499999814	0.26724511718749994	0.057499999999999996
-0.6857	-0.08619899999999348	0.26855175781249985	0.060312500000000005
-0.6779	0.24340899999998555	0.25924999999999987	0.053125000000000006
-0.66855	0.2778397500000267	0.25667187499999966	0.058124999999999996
-0.6651	0.44919900000002144	0.262291015625	0.058124999999999996
-0.68055	0.4776697499999898	0.26000781250000016	0.045
-0.6657	0.02285100000000284	0.2773935546874998	0.04625
-0.6589	0.13657899999998335	0.2731240234375001	0.069375
-0.6771	0.12180899999998474	0.27374511718749994	0.065
-0.6650499999999999	0.2795997500000169	0.27645117187500007	0.0625
-0.67235	-0.22970224999997413	0.2713515624999997	0.05437499999999999
-0.6794	-0.15718600000002425	0.2922988281249998	0.0471875
-0.67395	-0.056610249999977214	0.25806738281250013	0.043125000000000004
-0.6733499999999999	0.08247775000000956	0.2578447265625	0.0559375
-0.65665	-0.0361722499999928	0.2605888671875002	0.0703125
-0.68415	0.2293777499999976	0.26427148437500014	0.053125000000000006
-0.6759	0.11016900000001328	0.25582324218749986	0.061562500000000006
-0.6698	0.07279599999998254	0.2786318359374999	0.0540625
-0.6774	-0.23232600000000048	0.2697607421875	0.052812500000000005
-0.66785	0.39013775000000805	0.2680312499999996	0.0765625
-0.67615	0.04786774999999466	0.27619921875000003	0.05499999999999999
-0.6744999999999999	0.4339750000000038	0.2798896484375	0.0559375
-0.6876500000000001	0.4292477500000018	0.27557910156250004	0.056874999999999995
-0.6647500000000002	-0.16050625000002583	0.2836923828125001	0.051250000000000004
-0.6686999999999999	-0.12571899999997527	0.25674511718750026	0.0578125
-0.6757	0.4907010000000298	0.26648339843749974	0.0671875
-0.67615	-0.3043822500000033	0.2588330078124999	0.065
-0.6763999999999999	0.474804000000006	0.2708310546874999	0.053125000000000006
-0.6478999999999999	0.0725590000000409	0.2570556640625	0.063125
-0.6698499999999998	0.2748477500000206	0.271087890625	0.0678125
-0.6618499999999998	0.6629577500000323	0.2799697265625001	0.07062500000000001
-0.65835	0.08152774999999224	0.2781748046874999	0.056874999999999995
-0.6791499999999999	0.08352775000003021	0.2823515624999999	0.057499999999999996
-0.6652499999999999	0.10074374999999236	0.27107519531249996	0.06
-0.65805	-0.06073025000000598	0.2850849609375001	0.060312500000000005
-0.6701000000000001	0.12234900000001403	0.2702207031249998	0.05875
-0.6839999999999999	-0.0671000000000106	0.27718164062499995	0.0559375
-0.68425	-0.1795562499999619	0.27242089843750006	0.060312500000000005
-0.6928000000000001	0.36281599999998093	0.2821425781250001	0.049375
-0.6813499999999999	-0.2790322499999718	0.27980078124999996	0.0553125
-0.6855	-0.07752500000003693	0.2654794921875002	0.063125
-0.6572	0.04031600000001845	0.2720712890624999	0.05499999999999999
-0.7019500000000001	-0.09163025000000857	0.2924462890625	0.043437500000000004
-0.6659999999999999	-0.33609999999998763	0.25874023437499993	0.060312500000000005
-0.67455	0.4057297500000061	0.2551718750000001	0.063125
-0.67665	0.3517277499999807	0.24941015625000001	0.0665625
-0.6737500000000001	0.019093749999996135	0.2666953125	0.06125
-0.6753500000000001	0.16473774999997204	0.2761289062500001	0.0578125
-0.6831499999999999	0.16660774999999717	0.2562441406249999	0.0490625
-0.6733	0.5679609999999968	0.2902978515625	0.052187500000000005
-0.6765000000000001	-0.13747500000002333	0.2763476562499999	0.056874999999999995
-0.6728999999999998	0.4123089999999934	0.26195996093749985	0.051562500000000004
-0.66885	0.12246775000002685	0.27057031249999974	0.059062500000000004
-0.6601000000000001	0.058548999999970874	0.2636181640625001	0.07125000000000001
-0.6651	0.07944900000001098	0.27736425781249996	0.07125000000000001
-0.6818	0.22962600000002453	0.2654042968749998	0.059375
-0.6955	0.09247500000000741	0.2804912109375001	0.0578125
-0.6616500000000001	0.5616777500000012	0.2621445312500001	0.058124999999999996
-0.6859	0.13811900000001742	0.27660058593749987	0.05437499999999999
-0.6823000000000001	0.07042100000001028	0.25376269531250006	0.06125
-0.6734500000000001	0.05050974999997493	0.28606835937499997	0.0571875
-0.6695	-0.22602499999999281	0.2648222656250001	0.057499999999999996
-0.663	0.4338499999999783	0.2714208984374999	0.0571875
-0.6798500000000001	0.26639774999998167	0.2770380859375	0.066875
-0.66625	0.2190937500000132	0.2510898437500002	0.0703125
-0.6812	0.09590600000001359	0.24792089843750015	0.07250000000000001
-0.6770499999999999	0.12757974999999533	0.28294238281249995	0.0540625
-0.6701999999999999	-0.13330399999998122	0.26821972656250004	0.0625
-0.6724000000000001	-0.0236759999999947	0.2652236328124998	0.056249999999999994
-0.6679999999999999	0.2233500000000106	0.2823466796875002	0.058124999999999996
-0.6846999999999999	0.3970910000000174	0.2700556640625	0.06343750000000001
-0.6760999999999999	0.34137900000001764	0.2628359375000002	0.0578125
-0.69485	0.6975977500000283	0.2754677734375003	0.0478125
-0.692	0.4733500000000106	0.2603076171875003	0.052500000000000005
-0.6818500000000001	0.10680774999997311	0.28819042968750014	0.05437499999999999
-0.65655	-0.17629024999999388	0.27531249999999985	0.059375
-0.6640000000000001	0.502399999999966	0.279119140625	0.053437500000000006
-0.66825	0.4901937500000315	0.2820009765625	0.056249999999999994
-0.6789000000000001	-0.1365210000000161	0.26524804687499987	0.06
-0.68845	-0.18184024999999338	0.2736484375000002	0.053437500000000006
-0.67615	0.22786775000000148	0.26005468749999994	0.0553125
-0.6717499999999998	0.052443750000009004	0.26402050781249986	0.056249999999999994
-0.6673	0.03707099999999741	0.2586416015624998	0.055624999999999994
-0.66245	0.6577497499999936	0.2706083984375	0.0471875
-0.6910000000000001	-0.15610000000000923	0.2654775390624998	0.0784375
-0.67995	0.01104974999998376	0.27905859375	0.069375
-0.6818500000000001	0.31405774999998926	0.2637343749999999	0.065625
-0.6836	0.22910399999997821	0.2523730468749998	0.0653125
-0.6682000000000001	-0.02937399999999002	0.27637499999999987	0.06218750000000001
-0.67425	0.09319374999998331	0.27281250000000007	0.06343750000000001
-0.6759999999999999	0.025150000000024875	0.2677373046875	0.060312500000000005
-0.66625	0.3458437500000002	0.2590937500000001	0.0584375
-0.6636500000000001	0.11486775000003036	0.26599023437499975	0.0546875
-0.6511	-0.004870999999980086	0.28323339843750006	0.056249999999999994
-0.65855	-0.11306024999998954	0.2687929687500002	0.059062500000000004
-0.6808000000000001	0.14138600000001134	0.24085937499999985	0.0784375
-0.66595	0.18430975000001126	0.2682607421875002	0.057499999999999996
-0.6790499999999999	0.5808597500000019	0.2704287109375001	0.063125
-0.6757	0.41945100000000934	0.2701845703124999	0.0559375
-0.6837	0.11693100000002232	0.27510839843749996	0.0465625
-0.6636500000000001	0.5343677500000297	0.2823906249999998	0.0640625
-0.7010999999999998	-0.015870999999975766	0.2606484375000002	0.05437499999999999
-0.67845	0.17555975000001922	0.26491308593750007	0.061875
-0.6851	0.22679899999997133	0.27864453124999977	0.052187500000000005
-0.6742000000000001	-0.017064000000004853	0.263185546875	0.05875
-0.6527499999999999	0.06849375000001601	0.26157324218749994	0.0690625
-0.67815	0.18025775000000976	0.2547236328125	0.07187500000000001
-0.6682999999999999	0.35701099999999997	0.2849521484374997	0.0690625
-0.6534499999999999	-0.11794025000000374	0.28938574218749996	0.043437500000000004
-0.67015	0.25739775000002396	0.25626074218750006	0.0625
-0.6601000000000001	0.41329899999996655	0.26257519531249984	0.0653125
-0.69675	-0.043306250000000546	0.26913867187500007	0.050937500000000004
-0.6843999999999999	-0.027585999999985233	0.2681738281250001	0.05374999999999999
-0.6694499999999999	0.38566975000000525	0.2702177734374999	0.0553125
-0.6804000000000001	0.3843339999999955	0.2614150390625002	0.0559375
-0.67275	0.7207437499999969	0.2665068359374999	0.050937500000000004
-0.67005	0.12704975000002605	0.25660546874999984	0.056249999999999994
-0.67055	0.2382697500000006	0.2718603515624996	0.050937500000000004
-0.6932	0.1048759999999902	0.26761328125000006	0.044375
-0.6751499999999999	0.13274774999999295	0.2759775390625	0.0640625
-0.6698999999999999	0.34314900000001103	0.26297460937500006	0.059062500000000004
-0.6672499999999999	0.0962437500000135	0.2758828125	0.0625
-0.6583000000000001	0.2876109999999983	0.25815332031250027	0.056249999999999994
-0.66995	0.01494974999999954	0.25235937499999994	0.0559375
-0.6690499999999999	0.10620975000000499	0.27772167968750017	0.0671875
-0.6557499999999998	0.07344375000002401	0.2727167968749999	0.060937500000000006
-0.68435	0.3135077499999852	0.25613769531249997	0.051562500000000004
-0.6804999999999999	0.2317250000000115	0.26568066406250024	0.061875
-0.68475	-0.03525625000000332	0.2695566406250001	0.05437499999999999
-0.6856	0.5742639999999994	0.25826269531249996	0.0584375
-0.6790499999999999	0.2056097500000078	0.2595175781250004	0.0665625
-0.6848000000000001	0.588895999999977	0.2787099609375	0.060312500000000005
-0.6691499999999999	-0.0036722499999939373	0.27270898437499996	0.061875
-0.66215	0.11173775000003161	0.26928906250000006	0.051562500000000004
-0.6740999999999999	0.21816900000001738	0.26777148437500015	0.060937500000000006
-0.6733499999999999	0.41222774999999956	0.27513964843749994	0.06281250000000001
-0.6853	0.0171410000000094	0.27005468750000006	0.0546875
-0.66855	0.1253397500000233	0.2678515625	0.04625
-0.68085	0.3248277499999972	0.27262792968749994	0.06
-0.6852	0.2630959999999902	0.26475390624999984	0.0378125
-0.7013	0.1305810000000065	0.27489062499999994	0.0578125
-0.6854499999999999	0.22182975000001193	0.27503710937500003	0.061562500000000006
-0.6854499999999999	0.26307975000000283	0.25950488281249995	0.06625
-0.6560999999999999	-0.01697099999998386	0.2695507812500001	0.0721875
-0.6830500000000002	0.6005197499999895	0.2772988281250002	0.0578125
-0.68845	-0.04959024999996586	0.2878300781249998	0.050937500000000004
-0.6814	-0.0018460000000004584	0.2747304687499998	0.05
-0.6647500000000002	0.1402437499999678	0.27262792968750005	0.060312500000000005
-0.6698	-0.39170400000000427	0.28229394531250007	0.0540625
-0.67625	0.4128437500000359	0.2712968749999998	0.05437499999999999
-0.6779999999999999	0.3246000000000322	0.27701855468749975	0.05499999999999999
-0.6638	0.557456000000002	0.2540585937500003	0.05875
-0.6868000000000001	0.3558259999999791	0.2690576171875	0.0565625
-0.6675499999999999	-0.32955025000001115	0.24755175781250002	0.0559375
-0.6718500000000001	0.32200774999998316	0.27334179687499993	0.07
-0.69025	-0.08200624999997785	0.26820507812500005	0.0471875
-0.6980499999999998	0.3671197500000005	0.2533876953124997	0.057499999999999996
-0.6718	-0.08102400000001353	0.26247460937499995	0.0640625
-0.65385	0.08176774999998315	0.29346875000000006	0.05875
-0.67005	0.05229975000000309	0.26783789062499996	0.057499999999999996
-0.6743999999999999	0.05871400000000904	0.25905078125000025	0.060625
-0.6903000000000001	0.45009099999998625	0.2787666015625001	0.0553125
-0.6694	0.058863999999971384	0.2657138671875	0.0546875
-0.68295	-0.09282024999998839	0.27003124999999983	0.059062500000000004
-0.6669	0.666688999999991	0.2537363281249998	0.0578125
-0.6858	0.40158599999998046	0.27789550781249994	0.048125
-0.6677500000000001	-0.0502562500000181	0.2679160156249998	0.059062500000000004
-0.6735	0.46777500000001737	0.25781542968750015	0.05499999999999999
-0.6736	0.032554000000004635	0.2635078125000001	0.05875
-0.6813	0.1240309999999738	0.27231347656249977	0.0578125
-0.6731	0.6366390000000024	0.261982421875	0.05499999999999999
-0.6803000000000001	0.07269099999996342	0.2475732421875	0.060312500000000005
-0.6729499999999999	-0.11917024999999626	0.29381152343750017	0.0490625
-0.6682999999999999	0.21826099999998405	0.2676044921875001	0.06281250000000001
-0.6733	0.537210999999985	0.28171289062500005	0.05374999999999999
-0.6647000000000001	0.22789099999999962	0.2732851562499998	0.052500000000000005
-0.6858499999999998	0.17347775000001775	0.2678906249999998	0.0715625
-0.6835499999999999	0.20243974999999637	0.2600917968749996	0.075
-0.67625	0.20234375000001137	0.2662558593749998	0.056249999999999994
-0.6714499999999999	0.31048975000001633	0.2583740234375	0.0559375
-0.6805999999999999	0.3198640000000239	0.2686748046875002	0.048125
-0.6769000000000001	0.08688899999998512	0.26609570312499997	0.051250000000000004
-0.6923999999999999	0.013974000000018805	0.2744892578124999	0.057499999999999996
-0.67265	0.08919775000001096	0.2643583984374998	0.0421875
-0.67075	0.6279437500000142	0.2666035156249999	0.057499999999999996
-0.6692500000000001	0.12019374999999854	0.27272753906249986	0.0565625
-0.6775	-0.45887500000000614	0.2809580078125001	0.0503125
-0.6759999999999999	-0.1978499999999883	0.2850117187500001	0.060625
-0.67875	0.08384374999999977	0.25895019531250024	0.0653125
-0.65835	0.21002774999999474	0.28306640625000007	0.065625
-0.69275	-0.13025625000000218	0.2663564453125002	0.07
-0.6805999999999999	-0.04488599999996268	0.27474707031249995	0.052500000000000005
-0.6619999999999999	0.37385000000000446	0.2663759765624999	0.059375
-0.6792	0.13448600000000965	0.270173828125	0.0559375
-0.6648499999999999	-0.17930225000000632	0.2875976562500001	0.0484375
-0.6587999999999998	-0.11449400000000765	0.2586425781250003	0.063125
-0.6821999999999999	0.11556600000000117	0.273853515625	0.0571875
-0.6667999999999998	0.49977600000002553	0.2888750000000001	0.050625
-0.67685	0.41965774999999894	0.28546972656250036	0.051562500000000004
-0.6952500000000001	-0.16925625000001787	0.2665966796875001	0.052187500000000005
-0.68615	-0.15718224999997688	0.2710234374999998	0.0565625
-0.69495	0.2601997499999982	0.2866484374999998	0.052500000000000005
-0.6859999999999999	0.1321500000000242	0.2492568359375	0.07312500000000001
-0.6720000000000002	0.32434999999998126	0.2591201171875001	0.0696875
-0.65815	0.4023577499999931	0.26584082031250017	0.0578125
-0.68855	0.3166397499999789	0.27167871093749996	0.051562500000000004
-0.6652	-0.20410399999997253	0.2686884765625	0.0584375
-0.6789000000000001	0.12172899999998776	0.2665156249999997	0.05
-0.65875	0.5573437500000011	0.2699765625000002	0.064375
-0.67825	0.015443749999974443	0.26719140624999976	0.07250000000000001
-0.66845	0.4324597499999925	0.2684492187500003	0.0540625
-0.67285	-0.021462250000013228	0.26317968749999987	0.057499999999999996
-0.6803000000000001	-0.021559000000024753	0.2812441406249999	0.0584375
-0.6675	0.30462499999998727	0.28845996093750015	0.056249999999999994
-0.6692	0.13638599999998746	0.26487402343750005	0.07250000000000001
-0.6712	0.04855600000001914	0.27353417968749993	0.050625
-0.6671499999999999	0.16933775000001106	0.2602080078125	0.052500000000000005
-0.6671	0.2052590000000123	0.27449121093750006	0.053125000000000006
-0.66995	0.15294974999997635	0.25567089843749996	0.059687500000000004
-0.6593500000000001	0.3027577499999836	0.24592089843750004	0.06375
-0.6762000000000001	-0.187894	0.2760087890625002	0.0453125
-0.6815500000000001	0.3292097500000182	0.27276074218749974	0.059687500000000004
-0.66815	-0.09494225000000256	0.27965527343749985	0.074375
-0.6736	0.1200539999999819	0.2737919921875002	0.051875000000000004
-0.67605	0.12538974999998231	0.2803476562500001	0.06218750000000001
-0.6859500000000001	0.16475975000000176	0.2613749999999999	0.0565625
-0.6594	0.6721640000000093	0.27120605468750003	0.04625
-0.6674	0.710723999999999	0.2700458984375001	0.06281250000000001
-0.67485	-0.13750225000001137	0.27463476562499983	0.052812500000000005
-0.6644999999999999	0.6252250000000288	0.26400781249999994	0.07375
-0.6673500000000001	0.2368977499999687	0.27159179687499996	0.0715625
-0.6668499999999999	0.3393577500000049	0.2725673828124999	0.05374999999999999
-0.6664999999999999	0.1955250000000035	0.263962890625	0.05374999999999999
-0.6756	-0.3012860000000046	0.25307421875	0.056874999999999995
-0.6720000000000002	0.06084999999998786	0.2778056640625002	0.0559375
-0.6900499999999998	-0.3136502499999665	0.24735937499999996	0.06218750000000001
-0.6760999999999999	0.25537900000003333	0.28016406250000014	0.0721875
-0.68295	0.13092975000000706	0.26183496093750014	0.06125
-0.6834500000000001	0.24585974999999394	0.2835751953125001	0.0459375
-0.6724999999999999	0.15337500000001114	0.283658203125	0.0503125
-0.6762999999999999	-0.031169000000005553	0.2579599609375001	0.052500000000000005
-0.6576	0.23047399999998675	0.26522558593750034	0.059375
-0.6717499999999998	0.49194375000001855	0.27653808593749984	0.06625
-0.6763999999999999	0.004053999999996449	0.2526904296874999	0.06281250000000001
-0.6819999999999999	0.2193499999999915	0.2604501953125	0.051875000000000004
-0.67255	0.014649750000018003	0.264748046875	0.0640625
-0.6677	0.3516710000000103	0.2751640624999999	0.0503125
-0.6852	0.4068460000000016	0.28623437500000015	0.0559375
-0.6659000000000002	0.3754689999999812	0.2964218749999997	0.0540625
-0.6809499999999999	0.25220975000002	0.26230761718749984	0.06375
-0.6796500000000001	0.19658774999999196	0.2760869140625002	0.05875
-0.6759	0.254919000000001	0.26492871093750003	0.050937500000000004
-0.68025	0.2804937500000051	0.2852792968749997	0.0565625
-0.6596500000000001	0.098437749999988	0.2636220703125001	0.064375
-0.67835	0.01887775000000147	0.25862695312500017	0.06
-0.67445	0.5072197499999902	0.27139062499999966	0.06218750000000001
-0.6680999999999999	0.030989000000005262	0.25340527343749975	0.065
-0.69205	0.16542974999998705	0.28158105468750017	0.06343750000000001
-0.68665	-0.10032225000000494	0.24169335937499975	0.0625
-0.6880999999999999	-0.1606610000000046	0.27515820312500006	0.06625
-0.6759499999999998	0.19315975000003505	0.2555468750000002	0.0546875
-0.6669499999999999	-0.026730249999985745	0.2614833984374998	0.063125
-0.6667000000000001	0.3741109999999992	0.2604042968749999	0.0584375
-0.68085	0.03757774999999697	0.2859814453124998	0.048125
-0.6894	0.34126399999999535	0.2733037109374998	0.057499999999999996
-0.6717499999999998	-0.05705624999998804	0.2656445312499997	0.0659375
-0.6698499999999998	0.32784775000001787	0.2693085937500001	0.0584375
-0.6789000000000001	-0.23577099999999973	0.2688115234374998	0.0584375
-0.68235	0.15184775000000172	0.25564941406249986	0.06375
-0.6648499999999999	-0.19255225000000564	0.2693525390625004	0.060937500000000006
-0.67075	0.6824437500000045	0.2759951171875	0.063125
-0.6777	0.1537710000000061	0.27093359375000003	0.06
-0.67635	0.5003177499999936	0.27303710937500003	0.0565625
-0.6816	0.05589399999996658	0.2525136718750002	0.0503125
-0.6817	0.25651099999998905	0.2697685546875003	0.065
-0.67015	-0.16535224999998377	0.2750761718749999	0.0625
-0.6842000000000001	0.13303600000000415	0.2734062500000001	0.0571875
-0.6812499999999999	0.36159374999999727	0.2770722656250001	0.050937500000000004
-0.67625	-0.09865624999997635	0.27158691406249974	0.060937500000000006
-0.66855	0.17108975000002147	0.25740625000000006	0.06125
-0.6845000000000001	0.11897500000000605	0.2662763671874999	0.064375
-0.6838	0.07875600000002692	0.26512109375000004	0.068125
-0.65645	0.2345897499999694	0.27832812500000015	0.0578125
-0.6788000000000001	0.3555560000000071	0.2512021484374998	0.0625
-0.66865	0.11771774999999707	0.2800703124999998	0.065
-0.68895	0.12178975000000491	0.26520898437499973	0.050937500000000004
-0.6937	0.10928100000000995	0.2562109375	0.053437500000000006
-0.6689500000000002	0.26158974999998463	0.2701591796875001	0.063125
-0.6816499999999999	0.47582775000000765	0.2728437499999999	0.0665625
-0.69095	-0.023690249999987145	0.27325097656249986	0.051875000000000004
-0.6789000000000001	0.49322899999998526	0.26824707031249984	0.0578125
-0.6632500000000001	0.1356937500000015	0.26500390625000014	0.0625
-0.6723000000000001	-0.16097900000002596	0.28114843750000007	0.0465625
-0.6788000000000001	-0.12419399999998859	0.2706474609374998	0.05374999999999999
-0.6693	0.16775100000000975	0.2708076171874999	0.061562500000000006
-0.68025	0.14999374999999304	0.27266015624999973	0.065625
-0.6872	0.20261600000000612	0.2696386718749999	0.06
-0.67665	0.30022774999997637	0.26732226562500017	0.059687500000000004
-0.6768000000000001	0.3911759999999731	0.28634375	0.060625
-0.6775499999999999	-0.167900249999974	0.27502734375	0.0578125
-0.6667000000000001	0.38336100000000783	0.26860937499999993	0.0559375
-0.6695	0.19597500000000423	0.26916503906250017	0.060312500000000005
-0.6716500000000001	-0.23337225000000217	0.2599443359375001	0.06625
-0.6634499999999999	0.197909750000008	0.2802861328125001	0.050625
-0.6735	0.27702500000000896	0.27384374999999983	0.0584375
-0.66635	0.5550177499999904	0.26924414062500013	0.0490625
-0.6877499999999999	0.27149375000001896	0.2843095703124998	0.0553125
-0.6682999999999999	0.19401099999998905	0.2553496093750001	0.059375
-0.6669499999999999	0.30976975000001516	0.2583906250000003	0.0553125
-0.67395	0.18638975000001778	0.2712128906250003	0.061875
-0.67265	-0.1765522499999861	0.2809824218750002	0.06218750000000001
-0.6659000000000002	0.44296899999997663	0.27418261718750014	0.06625
-0.67865	0.3254177499999855	0.2827714843750001	0.0478125
-0.6898500000000001	0.14144774999996912	0.2691455078125	0.058124999999999996
-0.6611499999999999	-0.02218224999998597	0.26293359375000025	0.06875
-0.67675	-0.09205625000001305	0.2657978515625	0.0565625
-0.6959	0.5868189999999913	0.25342578124999987	0.060937500000000006
-0.66635	0.19001774999998133	0.25143261718749993	0.064375
-0.6976	-0.04982600000002435	0.27634863281250016	0.0540625
-0.6598000000000002	0.11639600000000883	0.2647568359375001	0.0625
-0.6815	-0.22172499999999218	0.2595849609375001	0.052500000000000005
-0.6853	0.8861410000000092	0.2708583984375	0.056874999999999995
-0.6874499999999999	0.032249750000005406	0.26013574218750013	0.058124999999999996
-0.6778	0.08696599999998966	0.27330371093749983	0.059375
-0.6633	0.08906100000004358	0.2824609375000001	0.05
-0.7094499999999999	0.1263197499999933	0.26845312499999996	0.044375
-0.6938	0.05215599999999654	0.27248046875000004	0.052500000000000005
-0.6676500000000001	-0.021402250000022605	0.27574414062499997	0.0571875
-0.6813	0.2530309999999929	0.2766640624999999	0.051875000000000004
-0.6762999999999999	0.027830999999991946	0.2787236328125	0.05374999999999999
-0.6859999999999999	0.41215000000002533	0.27880761718750025	0.052812500000000005
-0.6628500000000002	0.38398774999998864	0.27845312499999997	0.06625
-0.6685000000000001	-0.015475000000009231	0.27485351562500027	0.052500000000000005
-0.6635	0.28352499999999736	0.28802246093750006	0.0659375
-0.6901999999999999	-0.20035399999997594	0.2606669921874999	0.05499999999999999
-0.6716	0.09434400000003507	0.27170703125	0.052187500000000005
-0.6716	0.3890940000000285	0.27975390625	0.064375
-0.6855499999999999	0.12736975000001394	0.28020703125000007	0.0553125
-0.6579999999999999	0.4063500000000033	0.24374707031250004	0.07125000000000001
-0.68015	0.2498477499999865	0.26704687500000024	0.060937500000000006
-0.67415	0.060177749999979824	0.266853515625	0.0684375
-0.6698	0.25929599999997777	0.2659580078124999	0.060937500000000006
-0.6672	-0.11533400000001848	0.2832207031250001	0.0540625
-0.6911499999999999	0.03466775000001121	0.2593818359375	0.065625
-0.6579000000000002	0.19600899999997523	0.2738916015624997	0.0559375
-0.6739999999999999	0.5961499999999944	0.26020507812499993	0.0465625
-0.66885	0.08896775000002322	0.2617871093750003	0.05875
-0.6640999999999999	-0.05163100000001464	0.2720302734374999	0.06125
-0.6907000000000001	0.5193510000000003	0.2703574218749999	0.060625
-0.6798	0.46394599999999286	0.26503027343749985	0.0675
-0.6597	-0.14665899999999965	0.27027539062499994	0.0653125
-0.6701000000000001	0.05659900000000562	0.2746367187500001	0.0553125
-0.6926000000000001	-0.1164760000000058	0.28549999999999975	0.045
-0.6683999999999999	0.285394000000025	0.28784082031249986	0.043437500000000004
-0.65835	0.35477774999998246	0.2652519531249999	0.0715625
-0.6743999999999999	0.29471400000002745	0.28258593749999994	0.05437499999999999
-0.66605	0.2234897499999704	0.2533828125000002	0.07062500000000001
-0.6752499999999999	0.562993750000004	0.28997851562499993	0.0421875
-0.67075	0.3899437500000147	0.26524414062500007	0.05437499999999999
-0.6616	-0.011955999999997857	0.28853027343749993	0.05374999999999999
-0.67485	0.20699774999999931	0.28128125000000004	0.051562500000000004
-0.6599999999999999	0.07550000000003365	0.26690917968749994	0.0728125
-0.6919499999999998	0.49076975000002676	0.2754638671875	0.04875
-0.67605	-0.1791102500000079	0.2782080078125002	0.051875000000000004
-0.6693	0.18925100000001294	0.27452148437500024	0.0475
-0.6831	0.37293900000000235	0.25796679687499996	0.051875000000000004
-0.6625999999999999	0.23312400000003208	0.26395019531249986	0.07250000000000001
-0.6615500000000001	0.12265974999996843	0.25992578124999977	0.06218750000000001
-0.6643000000000001	-0.11244899999999802	0.27116406250000014	0.051250000000000004
-0.6928000000000001	-0.08018400000003112	0.27410742187500003	0.05499999999999999
-0.6569	0.33273900000000367	0.2665634765624999	0.049375
-0.6643000000000001	0.20530099999999152	0.2647822265624999	0.059062500000000004
-0.6774499999999999	0.4448997500000189	0.25834179687500003	0.059062500000000004
-0.67425	0.33894374999999854	0.2816826171874999	0.052812500000000005
-0.6438000000000001	0.048905999999988126	0.2665859374999999	0.07187500000000001
-0.6667000000000001	0.17711099999999647	0.273537109375	0.060312500000000005
-0.6749	0.3654989999999714	0.26953124999999994	0.058124999999999996
-0.7014499999999999	0.2162897500000156	0.28215234375000015	0.0540625
-0.6778499999999998	0.21843775000002097	0.2794208984375003	0.059375
-0.6557999999999999	-0.03636400000002027	0.2700644531250002	0.0571875
-0.6838500000000001	0.0424177500000269	0.29028320312500017	0.057499999999999996
-0.67825	-0.05180625000002692	0.278357421875	0.064375
-0.673	0.2290999999999883	0.2639785156249999	0.0559375
-0.6549	-0.10015099999998256	0.257171875	0.0496875
-0.6796500000000001	0.19433774999998832	0.27633886718749967	0.051562500000000004
-0.6579999999999999	-0.028150000000010778	0.27264453125000004	0.05499999999999999
-0.6533	-0.1623390000000029	0.27836523437500005	0.0665625
-0.6587999999999998	0.30925600000000486	0.24682421875000002	0.076875
-0.68615	0.26881775000001085	0.2660546874999999	0.07468749999999999
-0.6628000000000001	0.07436599999999771	0.24938378906249964	0.0778125
-0.6843999999999999	0.3554139999999961	0.2698437499999999	0.05499999999999999
-0.6638999999999999	0.2476790000000051	0.26834570312500006	0.07468749999999999
-0.67425	0.23019374999998377	0.2565273437499998	0.0584375
-0.6804000000000001	0.2360840000000053	0.2561855468750002	0.0559375
-0.6791	0.04681899999999928	0.2596220703125001	0.063125
-0.6824999999999999	-0.21437499999998977	0.2649140624999998	0.05499999999999999
-0.65795	0.2614297500000191	0.2639052734375	0.07343749999999999
-0.6773	0.3052210000000173	0.24763476562499992	0.06625
-0.6932	0.023375999999984742	0.2722177734375001	0.045625
-0.6689	0.11402900000001637	0.25607031250000006	0.061875
-0.6702999999999999	0.09654100000000199	0.27599609375	0.049375
-0.6723000000000001	0.10052099999998632	0.2889082031250004	0.05374999999999999
-0.6753500000000001	0.1972377499999709	0.2548515625	0.063125
-0.6876	-0.02912599999999088	0.2927822265625002	0.0478125
-0.6833	0.008111000000013746	0.2708544921875001	0.056249999999999994
-0.6795	-0.057025000000010095	0.24046582031249997	0.0675
-0.6951499999999999	0.2008977500000242	0.26882519531249993	0.0553125
-0.6619999999999999	0.6748500000000206	0.25759472656250004	0.066875
-0.67025	-0.11850624999999582	0.26107324218750005	0.0653125
-0.6837500000000001	0.10659375000000182	0.27269824218749994	0.057499999999999996
-0.68005	0.46969975000001796	0.2579296875000003	0.06281250000000001
-0.66075	0.1426937500000065	0.26568749999999997	0.06375
-0.67485	0.4019977499999925	0.2837236328125001	0.0709375
-0.6714499999999999	0.2314897500000086	0.2688232421875001	0.052812500000000005
-0.6851	-0.1719510000000355	0.2680380859375001	0.0475
-0.6709	0.2883190000000013	0.26702539062499986	0.0678125
-0.6638	0.0937059999999974	0.2614824218749998	0.0646875
-0.6709499999999999	0.11310974999997825	0.26318749999999996	0.056874999999999995
-0.6723000000000001	0.26577099999997245	0.2761044921875001	0.057499999999999996
-0.6897500000000001	-0.2067562500000122	0.2806494140624999	0.05
-0.6781000000000001	0.05203900000000772	0.2650537109374998	0.05437499999999999
-0.68215	-0.021362250000009908	0.28509179687499986	0.059375
-0.6791499999999999	0.3240277500000275	0.2771025390625004	0.05437499999999999
-0.6816	0.12014399999998204	0.27754882812499976	0.068125
-0.6929000000000001	0.3934589999999787	0.2699052734375003	0.0665625
-0.68815	-0.10404225000002043	0.27160058593749997	0.059375
-0.67865	0.16466774999997824	0.27726171874999994	0.0503125
-0.6984999999999999	0.14852500000000646	0.28003027343749987	0.048125
-0.6638	0.008206000000001268	0.2620068359375001	0.07062500000000001
-0.6618999999999999	-0.05516099999999824	0.2646376953125	0.07250000000000001
-0.6743000000000001	0.04295099999998797	0.27866210937500024	0.060625
-0.6995	0.2702250000000106	0.2794873046874999	0.0553125
-0.67875	0.1110937500000091	0.2722880859375003	0.052812500000000005
-0.6698999999999999	-0.1798509999999851	0.27609179687499974	0.0459375
-0.70465	0.1473377500000197	0.2724560546875	0.049375
-0.6655500000000001	0.07806974999999738	0.2577451171874998	0.0659375
-0.67875	-0.09690624999998931	0.27287695312500015	0.052187500000000005
-0.6906000000000001	-0.1235860000000173	0.256337890625	0.059062500000000004
-0.6452	0.18619599999999537	0.2783857421874999	0.055624999999999994
-0.68435	0.11500774999998953	0.26349609374999977	0.05
-0.6993	0.0594509999999957	0.26865527343749995	0.0409375
-0.69505	0.10629975000000513	0.283296875	0.049375
-0.6817	0.21426099999999337	0.2697978515624998	0.06
-0.6740999999999999	0.09241900000000669	0.2736757812500001	0.060312500000000005
-0.69025	-0.058256249999999454	0.2846142578125001	0.053437500000000006
-0.6717	-0.043339000000003125	0.2540644531249999	0.0690625
-0.6911	0.36957899999998745	0.2932353515624998	0.05499999999999999
-0.66835	0.19107775000000515	0.28091992187500014	0.05499999999999999
-0.6792	0.42973600000001966	0.2696933593749998	0.05499999999999999
-0.6648000000000001	0.054096000000015465	0.26962988281249994	0.0559375
-0.6669499999999999	0.31326975000001767	0.28509472656250007	0.0475
-0.6720999999999999	-0.15834100000000717	0.2736474609374999	0.061875
-0.67845	0.18705975000000308	0.27411718750000014	0.059062500000000004
-0.64015	0.5720477499999959	0.2566640624999998	0.068125
-0.68655	-0.01759025000001202	0.26303417968749976	0.061562500000000006
-0.6647500000000002	-0.05175625000003947	0.2727939453124997	0.056249999999999994
-0.7026999999999999	0.46452100000001906	0.27355371093749986	0.059687500000000004
-0.6705999999999999	0.2583140000000128	0.26284863281250004	0.0540625
-0.67675	0.4094437500000083	0.27235937500000007	0.041875
-0.6788000000000001	0.33880600000000527	0.2668613281249999	0.061875
-0.6513	0.3253310000000056	0.29149804687499964	0.046875
-0.6587000000000001	0.037681000000020504	0.2597744140625	0.05875
-0.68615	0.1593177500000138	0.26297851562500035	0.0459375
-0.6668499999999999	0.412857750000029	0.2612324218750001	0.050937500000000004
-0.6577500000000001	0.11599375000000123	0.2632041015625002	0.052187500000000005
-0.6816	0.36289399999998295	0.2549404296874999	0.06281250000000001
-0.68475	0.024993749999993042	0.2522685546874997	0.069375
-0.66245	-0.004500250000006645	0.2737285156249999	0.06
-0.6834	-0.09805599999998549	0.2716943359375	0.05374999999999999
-0.6735	0.03827500000002715	0.266181640625	0.060625
-0.6781999999999999	0.358475999999996	0.27266113281249993	0.046875
-0.6872500000000001	0.1962437499999794	0.2795732421874998	0.0428125
-0.667	0.24559999999999604	0.26925097656249986	0.066875
-0.6750500000000001	0.6587497499999984	0.2752363281250001	0.0584375
-0.6728999999999998	0.15405900000001793	0.2683681640624999	0.064375
-0.6627000000000001	0.41212099999998486	0.26318066406250007	0.0584375
-0.6610499999999999	0.323539750000009	0.27244531250000026	0.06218750000000001
-0.6664999999999999	0.15852499999999736	0.2667470703125	0.059375
-0.6711	0.2739789999999971	0.26442382812500037	0.06125
-0.70055	0.06496975000001726	0.2699541015625002	0.0471875
-0.6625000000000001	0.20787500000000136	0.2542373046875003	0.05499999999999999
-0.6628000000000001	-0.10163400000001843	0.26823242187500007	0.059687500000000004
-0.6835	0.2992749999999944	0.27833105468750025	0.052812500000000005
-0.6720999999999999	0.21565899999998805	0.28187207031250006	0.056249999999999994
-0.6601000000000001	0.18729899999996746	0.27214843749999995	0.059687500000000004
-0.6779	0.020908999999988964	0.26721093749999986	0.0571875
-0.6986000000000001	0.4145539999999812	0.2731162109375001	0.05437499999999999
-0.6644999999999999	0.1487250000000131	0.25906640625000016	0.0578125
-0.66665	0.20927775000001247	0.265404296875	0.053125000000000006
-0.6533500000000001	0.39812774999998624	0.2685625000000001	0.056249999999999994
-0.6885999999999999	0.30125400000000013	0.2733154296875004	0.060312500000000005
-0.6798	-0.0075539999999989504	0.2653574218750001	0.0403125
-0.6696500000000001	0.10063775000000419	0.27638671874999987	0.0490625
-0.6720000000000002	0.781599999999969	0.2696767578125001	0.06343750000000001
-0.6808000000000001	-0.03361400000000003	0.26705859375000013	0.04875
-0.6678000000000002	0.3443159999999921	0.26976953125	0.060312500000000005
-0.6795	0.16022499999999695	0.26584570312500005	0.07250000000000001
-0.6775499999999999	-0.17665024999999446	0.28660449218750017	0.0496875
-0.6655	0.22247500000000286	0.27453808593749995	0.06625
-0.6733	0.3247109999999793	0.2647421875000001	0.06218750000000001
-0.6754	0.09073400000002607	0.2678007812499996	0.052187500000000005
-0.67855	-0.021760250000028236	0.26007519531249995	0.06375
-0.65595	0.07845975000000749	0.27572753906250014	0.06343750000000001
-0.6816499999999999	0.23157774999998537	0.27658789062500005	0.05
-0.67865	0.051917750000001206	0.2743906249999999	0.0571875
-0.68615	0.4273177500000145	0.2599052734374999	0.06125
-0.6865999999999999	-0.06820599999997512	0.2800634765625001	0.0503125
-0.6920999999999999	-0.20874099999997497	0.2537431640625001	0.050625
-0.68635	-0.13863225000000057	0.2703056640625	0.0571875
-0.6852	0.06734599999998636	0.2602148437500002	0.059375
-0.67235	0.6897977500000252	0.26058789062499976	0.0690625
-0.6801999999999999	-0.46470399999998335	0.2546894531249999	0.0565625
-0.66785	-0.22086224999998194	0.263859375	0.06343750000000001
-0.6884000000000001	0.33079399999999737	0.2569951171874999	0.061875
-0.6771	-0.130691000000013	0.2786386718749998	0.060625
-0.6766000000000001	0.029493999999999687	0.26175000000000004	0.0584375
-0.6718500000000001	0.2750077499999861	0.27683886718750017	0.06
-0.68665	0.269177749999983	0.26484667968750003	0.050625
-0.6461000000000001	0.17897899999999822	0.25905371093749996	0.065
-0.6726000000000001	0.5374239999999588	0.28012597656250005	0.060312500000000005
-0.6797	-0.03645900000000779	0.2780703125	0.050937500000000004
-0.67215	0.7241877499999703	0.25979101562499957	0.06125
-0.6768000000000001	0.1311759999999822	0.255990234375	0.07468749999999999
-0.6566000000000001	0.5336439999999811	0.2695751953124999	0.0559375
-0.6775499999999999	0.21809975000002169	0.2724677734375002	0.060625
-0.65985	0.34429775000000973	0.2709199218750002	0.053125000000000006
-0.6846000000000001	-0.09996600000002331	0.27647949218749984	0.0425
-0.6573499999999999	0.41984775000003083	0.26716894531249974	0.06625
-0.6759499999999998	0.15165975000002163	0.2763681640624999	0.051875000000000004
-0.6625000000000001	-0.07562500000000227	0.25738769531250016	0.060625
-0.6854	0.18893400000001748	0.27686328125000004	0.06281250000000001
-0.6689500000000002	0.34533974999999373	0.27191015625000003	0.051562500000000004
-0.6697500000000001	-0.10100624999998331	0.2720839843750001	0.059062500000000004
-0.6657500000000001	0.04169374999997899	0.26302148437499995	0.06281250000000001
-0.66385	0.1758177499999647	0.2699814453124999	0.059062500000000004
-0.68445	0.23606974999998442	0.25897460937500005	0.06375
-0.6714	0.5029539999999884	0.26966992187500016	0.05374999999999999
-0.67455	-0.008770249999997759	0.2676611328125005	0.0584375
-0.6656499999999999	-0.13449224999999387	0.2686855468749997	0.053437500000000006
-0.6805999999999999	0.16836400000002527	0.28987988281250004	0.061562500000000006
-0.6733499999999999	0.2337277500000141	0.2792363281249998	0.059375
-0.67425	0.6744437499999947	0.28474707031250013	0.059687500000000004
-0.6713	0.38788100000002146	0.2567724609374999	0.0546875
-0.6772	0.12326600000000099	0.2657802734374998	0.05374999999999999
-0.6615500000000001	0.4976597499999684	0.2638037109375	0.055624999999999994
-0.6718999999999999	0.39603900000003023	0.2717753906249998	0.05875
-0.6732	0.10542599999999425	0.26449316406250023	0.051875000000000004
-0.69085	0.31462774999999965	0.27362402343750003	0.06
-0.6800999999999999	-0.011100999999996475	0.2727578125000003	0.060625
-0.6832	0.24377599999999688	0.26325585937500007	0.0571875
-0.6635500000000001	0.3598897500000078	0.26274609375000013	0.051875000000000004
-0.68665	0.10042774999999438	0.27727050781250007	0.052187500000000005
-0.6708000000000001	0.3587359999999933	0.26340039062499987	0.0640625
-0.70715	0.026137750000003734	0.26523535156249994	0.0571875
-0.6727000000000001	0.05947099999997363	0.2643251953125001	0.056874999999999995
-0.6589499999999999	0.3107397500000104	0.2717148437500003	0.0546875
-0.6926999999999999	0.4136710000000221	0.2621992187500003	0.06
-0.6553499999999999	0.1561377499999992	0.2801113281250003	0.051562500000000004
-0.69	-0.14725000000001387	0.27922070312500014	0.057499999999999996
-0.6736499999999999	0.23481775000001903	0.2699873046875	0.060312500000000005
-0.65875	0.43134374999999636	0.2841308593749997	0.05499999999999999
-0.6595	-0.11502500000003124	0.2517910156250003	0.050625
-0.6733499999999999	-0.06752224999999612	0.2573525390625	0.055624999999999994
-0.6865999999999999	-0.023955999999998312	0.27046972656249985	0.05499999999999999
-0.6742000000000001	0.16268599999997946	0.27529785156249986	0.0540625
-0.6790499999999999	0.2956097500000112	0.278931640625	0.06625
-0.69075	0.4831937499999981	0.2564589843749999	0.06
-0.6855499999999999	0.33611975000002303	0.2653251953125003	0.0503125
-0.6705000000000001	0.23097500000000082	0.2793730468749999	0.040625
-0.66225	0.05524374999998827	0.277505859375	0.06281250000000001
-0.6843999999999999	-0.1258359999999925	0.28053906250000016	0.0559375
-0.6739999999999999	0.471650000000011	0.2626328125000001	0.05499999999999999
-0.6674500000000001	0.05329974999997944	0.26656835937500006	0.06281250000000001
-0.6900499999999998	0.055099750000039194	0.2709355468750001	0.06218750000000001
-0.67045	0.21517975000003275	0.26392871093750014	0.0546875
-0.665	0.6697499999999934	0.2552656249999998	0.06125
-0.6678999999999999	-0.20604099999999903	0.27522851562500006	0.052812500000000005
-0.6805999999999999	0.31836400000003096	0.26833203124999994	0.0553125
-0.6811500000000001	0.2889677499999834	0.27473046875000007	0.0753125
-0.6771	0.3668089999999893	0.2826132812499996	0.05875
-0.67255	0.25989975000001664	0.26838183593749987	0.051875000000000004
-0.6794	0.010813999999982116	0.2584472656249999	0.053125000000000006
-0.6633	-0.05918899999997507	0.28291699218749994	0.0684375
-0.6708500000000002	0.6502777499999581	0.2592158203125	0.06281250000000001
-0.6717	-0.2245890000000088	0.26906445312500005	0.045
-0.6919	0.30718899999999394	0.2770341796874997	0.04875
-0.66405	0.46425975000002495	0.28096484374999997	0.064375
-0.6696	-0.13216600000001222	0.26146093749999993	0.056249999999999994
-0.6695	-0.13352499999999168	0.266578125	0.045625
-0.6644999999999999	0.5314750000000288	0.2724316406249999	0.049375
-0.68825	0.18444374999998558	0.27795410156250006	0.061562500000000006
-0.68455	-0.11437024999997902	0.2683691406249999	0.052187500000000005
-0.6946999999999999	0.05194099999999935	0.24960058593750023	0.059687500000000004
-0.6673	-0.16467900000000668	0.25981542968750015	0.05875
-0.6592	0.40403599999999074	0.27331152343750015	0.058124999999999996
-0.6654500000000001	0.275879749999973	0.2678964843749998	0.052187500000000005
-0.6794499999999999	0.7357697500000029	0.2751503906250001	0.05437499999999999
-0.6856500000000001	0.02665774999999826	0.25882519531250003	0.05875
-0.6727000000000001	0.005471000000000004	0.2766386718750003	0.0578125
-0.6714	0.06295399999999063	0.2991435546874999	0.053125000000000006
-0.6930499999999999	-0.12208025000001044	0.26910937499999993	0.0465625
-0.66785	-0.4406122499999867	0.26949902343749993	0.061562500000000006
-0.6709	-0.04318100000000413	0.24953417968750022	0.057499999999999996
-0.67455	0.5817297499999938	0.26381152343750036	0.058124999999999996
-0.66065	0.06165774999999485	0.2697724609375	0.0646875
-0.6785000000000001	0.16802499999997167	0.26698144531249995	0.06125
-0.6788500000000002	0.07226774999998042	0.26947167968749985	0.055624999999999994
-0.6876500000000001	0.3467477499999916	0.2757998046875003	0.050937500000000004
-0.66385	-0.07143225000001507	0.2660273437500001	0.066875
-0.6853500000000001	0.11903774999998973	0.27406933593750027	0.051562500000000004
-0.67425	0.12644374999999286	0.2724531249999999	0.052812500000000005
-0.66065	0.13115774999999985	0.2687275390625	0.061875
-0.6755499999999999	0.21671975000000998	0.29017382812500014	0.04875
-0.6749	-0.08600100000001021	0.3039374999999997	0.0475
-0.6621999999999999	0.2308659999999918	0.2583310546875003	0.059375
-0.6632	0.017076000000002978	0.2598593749999999	0.056874999999999995
-0.6880999999999999	-0.17941099999998755	0.27985839843750016	0.061875
-0.6793499999999999	0.47510774999997807	0.25612402343749996	0.059375
-0.66845	0.42295974999998975	0.25867578125	0.06
-0.6566000000000001	0.3783939999999859	0.2734677734374999	0.061875
-0.68285	0.34158774999997377	0.2628066406249998	0.0403125
-0.6712	0.23205600000000004	0.2717246093750003	0.059062500000000004
-0.67045	0.26342975000002866	0.2636904296874999	0.06125
-0.6994	0.31171399999999494	0.26263671875000005	0.053125000000000006
-0.6556500000000001	0.19930775000000267	0.28986816406250004	0.050937500000000004
-0.6488	0.3433560000000284	0.26823046875	0.059375
-0.6751499999999999	0.3354977500000018	0.2606005859375001	0.07
-0.6674500000000001	-0.14345025000000078	0.27452246093750016	0.055624999999999994
-0.6750500000000001	0.06199974999998403	0.2876992187499998	0.049375
-0.6656	0.04441399999998907	0.25536328124999985	0.061875
-0.6983999999999999	0.23224400000000855	0.28068847656249984	0.060625
-0.6738	0.04610600000000886	0.27231152343749965	0.053437500000000006
-0.6743999999999999	0.08196400000002768	0.2743671874999999	0.0546875
-0.67035	0.3645877499999983	0.2688505859375	0.056874999999999995
-0.6716	0.03309400000003393	0.27977734374999985	0.046875
-0.6587999999999998	0.440006000000011	0.2693271484374999	0.06875
-0.68275	-0.012006250000013097	0.2529541015624998	0.052812500000000005
-0.6772	0.41951599999998734	0.2835732421874999	0.0684375
-0.6878	0.2818659999999795	0.2677636718750001	0.050937500000000004
-0.68035	0.5313877500000217	0.25309667968749994	0.06
-0.6852499999999999	0.27549375000000964	0.2750195312500001	0.056249999999999994
-0.66015	-0.06930224999999268	0.25332910156250016	0.0703125
-0.66645	0.4611897499999884	0.2674541015625001	0.05437499999999999
-0.661	0.25540000000000873	0.2776103515625	0.066875
-0.69055	0.5963197499999922	0.25185449218750006	0.06875
-0.6875	0.08787499999999682	0.26216503906250005	0.064375
-0.67075	0.184443750000014	0.25565722656250034	0.052187500000000005
-0.6682999999999999	0.008760999999992691	0.2752294921875	0.0671875
-0.66415	-0.21377225000000522	0.289845703125	0.06125
-0.6641999999999999	0.3583360000000084	0.27911816406250023	0.0625
-0.6734500000000001	0.10575974999997584	0.27337792968750024	0.065625
-0.7007999999999999	0.04743600000003312	0.2547714843750002	0.061875
-0.685	-0.16524999999998613	0.26996484374999996	0.051875000000000004
-0.6716	0.2880940000000294	0.2718642578124999	0.056874999999999995
-0.66605	0.2624897499999861	0.2702890625	0.060625
-0.66025	0.27849375000002397	0.2531767578125001	0.055624999999999994
-0.6692500000000001	-0.030806250000011914	0.25035937500000005	0.0690625
-0.66395	0.10703975000001265	0.2725224609375	0.061562500000000006
-0.6717499999999998	0.033943750000020145	0.27253417968750016	0.058124999999999996
-0.6788500000000002	0.24276774999998452	0.2676748046875001	0.06
-0.6503000000000001	0.27249100000000226	0.28376367187500007	0.059687500000000004
-0.6701999999999999	0.1886959999999931	0.26623535156249994	0.0475
-0.6655500000000001	0.06681975000000762	0.2737587890625002	0.0553125
-0.6674500000000001	0.1762997499999983	0.26301171874999973	0.061875
-0.6796500000000001	0.4695877499999881	0.2731123046874997	0.060312500000000005
-0.6839999999999999	0.03290000000001214	0.25795605468750027	0.059062500000000004
-0.6885999999999999	0.3657540000000097	0.24988183593750024	0.06875
-0.66395	-0.25071024999999736	0.2607988281249998	0.0496875
-0.66595	0.33780975000001945	0.2679814453125001	0.058124999999999996
-0.6689	0.016278999999997268	0.2654062500000003	0.056874999999999995
-0.6777	0.3145210000000134	0.28316503906249996	0.0640625
-0.66235	-0.029752250000001368	0.2929218749999999	0.0671875
-0.6708500000000002	0.4045277499999713	0.2585166015625	0.055624999999999994
-0.65635	-0.33178224999997497	0.25599804687500016	0.065
-0.6797499999999999	0.20249375000000214	0.25566406250000023	0.0646875
-0.6603999999999999	-0.021815999999972746	0.26152539062500013	0.0671875
-0.6526000000000001	0.07207399999998643	0.25760644531250004	0.060937500000000006
-0.6583000000000001	0.009860999999972364	0.2652773437500002	0.066875
-0.67015	0.587397750000008	0.28579687499999984	0.05437499999999999
-0.6823000000000001	0.19892099999998436	0.24837207031250008	0.063125
-0.6836499999999999	0.513767750000028	0.25984667968749997	0.05374999999999999
-0.65995	0.021599749999978712	0.27452441406250033	0.0653125
-0.6659999999999999	0.1109000000000151	0.2771474609374999	0.056874999999999995
-0.6740999999999999	0.23891900000000987	0.28787499999999977	0.0578125
-0.6831499999999999	0.30635774999998944	0.2658203124999999	0.065625
-0.6635	0.5007750000000044	0.25137207031250025	0.0571875
-0.6704000000000001	0.07638399999996182	0.2759697265625	0.0475
-0.6838	0.08225600000002942	0.2851181640625	0.0553125
-0.6591499999999999	0.006877750000001015	0.25444921875	0.066875
-0.657	0.18159999999997467	0.2569248046874999	0.06
-0.6915499999999999	-0.05189024999998537	0.26005175781249995	0.053437500000000006
-0.68445	0.15306974999998602	0.28791992187500043	0.056874999999999995
-0.6791	0.08356899999998291	0.2614384765624999	0.0578125
-0.66665	0.16527775000000133	0.2802333984375004	0.0578125
-0.68625	0.7413437499999702	0.2750058593749998	0.056249999999999994
-0.6882999999999999	0.2398110000000031	0.2721816406249999	0.04625
-0.66395	0.13828975000001265	0.2684755859375001	0.05499999999999999
-0.67205	0.006379750000007789	0.2773671874999998	0.0690625
-0.6754	0.3177340000000015	0.28837109375	0.055624999999999994
-0.6833	0.05511100000001079	0.2616005859375002	0.06375
-0.6735500000000001	0.02353974999999764	0.258033203125	0.06281250000000001
-0.6746000000000001	-0.17426600000001713	0.2874521484375	0.0665625
-0.6668499999999999	0.21910775000000626	0.26373925781249985	0.051562500000000004
-0.6583999999999999	0.3229440000000068	0.24349902343750005	0.0703125
-0.6845000000000001	-0.022025000000013506	0.26466503906249994	0.0540625
-0.6772	0.515515999999991	0.2690205078125003	0.07062500000000001
-0.6679999999999999	0.254099999999994	0.26580761718750007	0.049375
-0.6677500000000001	0.04174374999999486	0.27831933593750025	0.06343750000000001
-0.6816	-0.052856000000019776	0.27467187499999995	0.059687500000000004
-0.6736	0.7110539999999901	0.26715527343749973	0.0584375
-0.67815	0.4457577500000127	0.2754121093749999	0.06
-0.6644999999999999	0.18847500000001105	0.2700146484375	0.065
-0.6838500000000001	0.024667750000020305	0.27207714843749997	0.06
-0.6652499999999999	0.44499375000000896	0.2713955078125005	0.05499999999999999
-0.67615	0.4013677499999915	0.28845312500000014	0.051562500000000004
-0.67845	0.0013097500000185391	0.26810546875	0.0459375
-0.6837	0.45243100000001846	0.2537812500000002	0.059375
-0.6758	-0.2895639999999844	0.2784453124999996	0.045625
-0.6699999999999999	0.7667500000000302	0.26944726562499993	0.0578125
-0.6701999999999999	0.47819599999999696	0.2586933593749999	0.060625
-0.6643000000000001	0.42705100000000584	0.27174511718749994	0.0625
-0.6869000000000001	0.4720890000000111	0.2701816406249999	0.0640625
-0.6791	0.4925689999999747	0.2820585937499999	0.049375
-0.6755	0.2339749999999583	0.25811718749999973	0.07718749999999999
-0.6795	0.11547500000000355	0.273658203125	0.056249999999999994
-0.6728000000000001	-0.14173399999998537	0.27191601562500006	0.06343750000000001
-0.6754	0.28148400000000606	0.2690878906249998	0.056249999999999994
-0.6775499999999999	0.06884975000002669	0.280203125	0.0625
-0.6776	0.06807399999999575	0.27241503906250003	0.0496875
-0.6628000000000001	0.12836599999997134	0.26415625	0.0559375
-0.6595	0.026724999999970578	0.26749414062500004	0.0475
-0.6821999999999999	0.10281600000001845	0.27347167968749986	0.0478125
-0.6875500000000001	0.11674974999996834	0.27591894531249994	0.052500000000000005
-0.6735500000000001	0.2127897500000131	0.2744882812499999	0.056874999999999995
-0.671	0.124149999999986	0.2684228515624999	0.0496875
-0.6611	0.13867899999999622	0.2842470703125001	0.05437499999999999
-0.6698999999999999	-0.08810099999999466	0.27457031250000014	0.0446875
-0.68405	0.3770597500000008	0.25028808593750007	0.06625
-0.6859999999999999	0.004650000000026466	0.26139355468750003	0.06125
-0.6592499999999999	0.543693750000017	0.26730273437499996	0.0546875
-0.6671	0.4230090000000075	0.26381347656250026	0.07312500000000001
-0.6690499999999999	0.08195974999998157	0.2768730468750001	0.0678125
-0.6640000000000001	0.4951499999999669	0.2718798828124999	0.0696875
-0.67455	0.4234797499999843	0.24790039062499994	0.0675
-0.6759499999999998	0.036659750000012536	0.2767128906249998	0.052500000000000005
-0.6833500000000001	0.6237777499999879	0.26309277343750004	0.0553125
-0.6728999999999998	0.01655900000000088	0.27413867187499963	0.0559375
-0.6793499999999999	-0.013142250000015565	0.263146484375	0.060937500000000006
-0.6678999999999999	0.45745900000000006	0.2559589843750001	0.0546875
-0.6812	0.03965600000000791	0.28528027343749995	0.049375
-0.6899	0.5057990000000245	0.26059570312499997	0.060625
-0.6656499999999999	0.6642577499999902	0.2819541015625003	0.060312500000000005
-0.6815	0.14627500000003124	0.26413769531250003	0.06375
-0.7045999999999999	0.15163400000000138	0.2679404296875002	0.052187500000000005
-0.68875	-0.028656249999983174	0.2778701171875003	0.057499999999999996
-0.6734500000000001	0.30025974999998084	0.25181445312499984	0.0671875
-0.6709	-0.12318099999998822	0.27208496093749984	0.0496875
-0.67855	0.17723974999998404	0.2784384765625	0.0665625
-0.6842999999999999	0.1803510000000017	0.26525390625000006	0.0459375
-0.6791	-0.044681000000025506	0.2661767578124999	0.055624999999999994
-0.6792500000000001	0.41494374999999195	0.2789423828124999	0.055624999999999994
-0.66265	0.012997749999982489	0.2609814453125	0.052187500000000005
-0.6683999999999999	0.4881440000000339	0.2631845703124997	0.0690625
-0.6800000000000002	0.06724999999997294	0.26276855468749993	0.0475
-0.6816	0.1873939999999834	0.2775585937499998	0.0459375
-0.68235	0.17259774999999422	0.26953710937499964	0.0490625
-0.6873499999999999	0.13549775000001318	0.2736806640624998	0.059062500000000004
-0.6754500000000001	0.3529797500000029	0.29851660156250015	0.04625
-0.66805	0.42341974999999366	0.27075781250000014	0.056249999999999994
-0.66595	-0.2896902499999783	0.27317089843750003	0.07250000000000001
-0.6726000000000001	-0.13732600000003004	0.2577333984375001	0.0678125
-0.6618999999999999	0.48658900000000926	0.26400878906250025	0.065
-0.6721999999999999	0.2942160000000058	0.2587539062499999	0.060937500000000006
-0.6815500000000001	0.370209750000015	0.2697939453125003	0.056249999999999994
-0.6710499999999999	-0.07556024999999522	0.2669511718749999	0.0478125
-0.6849000000000001	-0.20505099999999743	0.2561904296875	0.0578125
-0.65855	-0.05006025000000136	0.2594599609375001	0.0675
-0.6667999999999998	0.21752600000002076	0.2658740234375002	0.064375
-0.6862999999999999	0.3172309999999925	0.2622001953125004	0.064375
-0.67795	0.08362974999997164	0.277107421875	0.05374999999999999
-0.6552	0.557296000000008	0.2576533203125001	0.07375
-0.6577500000000001	0.06449374999999691	0.2718583984375	0.051875000000000004
-0.6762000000000001	0.08810600000001045	0.25017089843749984	0.06375
-0.6794499999999999	0.47651974999999425	0.2617470703125004	0.0571875
-0.6668499999999999	0.08610775000002491	0.25268261718749996	0.0703125
-0.68415	-0.14362224999999285	0.28850878906250005	0.05875
-0.6940500000000001	0.05945975000000203	0.2842236328125002	0.052500000000000005
-0.6793	0.4676510000000178	0.27591308593749986	0.0565625
-0.6673	0.4433209999999974	0.25853515624999995	0.05875
-0.67815	0.1717577500000118	0.2663437499999998	0.0578125
-0.66255	0.5357497500000079	0.2624912109374997	0.056874999999999995
-0.6772500000000001	-0.00225625000001628	0.25631249999999994	0.0675
-0.6730499999999999	0.8736197500000173	0.2754052734374999	0.07468749999999999
-0.6763999999999999	0.37930399999999054	0.2521562500000002	0.06281250000000001
-0.69045	0.5973797499999876	0.28499902343749994	0.053437500000000006
-0.67655	0.31525975000002404	0.27181152343749987	0.0559375
-0.6646000000000001	0.2741839999999911	0.2674707031250001	0.06
-0.6669	0.2656889999999805	0.27699609375000006	0.06
-0.64865	0.3738177500000006	0.278654296875	0.059062500000000004
-0.6930999999999998	0.10298900000003641	0.2735771484375002	0.065625
-0.68235	-0.12540224999997918	0.25656738281249974	0.0721875
-0.6743000000000001	0.438951000000003	0.25994726562500003	0.0546875
-0.6721999999999999	-0.01353399999999283	0.2578056640624999	0.0665625
-0.69075	-0.034556250000008504	0.27170214843749996	0.05437499999999999
-0.6656	0.16166399999997338	0.2684931640625002	0.0490625
-0.7025000000000001	0.027124999999983856	0.26583203125	0.058124999999999996
-0.6746000000000001	0.10523399999999583	0.2686582031250001	0.05875
-0.67265	0.010697750000019823	0.26478417968749995	0.06281250000000001
-0.6763999999999999	0.09830400000001305	0.2608994140625	0.0578125
-0.6790499999999999	0.570859750000011	0.2893964843749998	0.0721875
-0.6568499999999999	0.16155774999998584	0.2662373046875002	0.06281250000000001
-0.675	0.3447500000000048	0.25968359375000005	0.052500000000000005
-0.6689	0.016779000000013866	0.2641982421875001	0.05437499999999999
-0.6800999999999999	0.00064899999998147	0.28361230468749987	0.0490625
-0.6757	0.2829510000000255	0.28603515624999976	0.056874999999999995
-0.6954	0.10013399999999706	0.2762656249999997	0.04625
-0.6716	-0.13840599999997494	0.2540810546874999	0.06218750000000001
-0.67005	0.29304975000002287	0.2706494140625002	0.051562500000000004
-0.6804999999999999	0.3229750000000138	0.2662978515625002	0.050937500000000004
-0.6765000000000001	0.04652499999997417	0.27812792968749994	0.061875
-0.6726000000000001	0.5691739999999754	0.25152343749999995	0.061562500000000006
-0.6813	0.6912809999999752	0.25439648437499995	0.05
-0.6895500000000001	0.0033297499999775937	0.25970410156250007	0.0546875
-0.6621000000000001	0.22410899999997014	0.27060351562499996	0.0571875
-0.67665	0.3274777499999857	0.2891162109374996	0.06218750000000001
-0.6609	-0.09913099999999986	0.27405468750000006	0.0465625
-0.6801999999999999	-0.21545399999996562	0.27152441406249966	0.0625
-0.6553	0.24919099999999617	0.2879394531250001	0.0553125
-0.6897500000000001	0.19374374999998167	0.2696132812499998	0.053437500000000006
-0.6772	0.027515999999991436	0.2680458984374999	0.049375
-0.6629	0.48510900000002266	0.2515595703124999	0.0775
-0.6933	0.2345109999999977	0.27340332031249953	0.053125000000000006
-0.6737500000000001	-0.07015624999999659	0.26275488281250015	0.06125
-0.6907000000000001	-0.3991489999999942	0.2741679687499999	0.0475
-0.6958500000000001	-0.055722250000002305	0.2713613281250002	0.053125000000000006
-0.6935	0.20052499999999895	0.26485156249999997	0.057499999999999996
-0.6819999999999999	0.39059999999997785	0.2734833984375001	0.0403125
-0.6776500000000001	0.3440477499999872	0.25709179687500017	0.0546875
-0.6777	0.47502099999999814	0.269576171875	0.060312500000000005
-0.6609	0.13961900000001037	0.2607978515624999	0.06343750000000001
-0.66795	0.4602797499999838	0.2622998046875001	0.0665625
-0.6614	0.10100399999998899	0.28577832031249994	0.049375
-0.6785000000000001	0.028774999999995998	0.27400390625000015	0.052500000000000005
-0.6513500000000001	0.053567749999984926	0.2837460937499998	0.058124999999999996
-0.6749499999999999	-0.2005002500000046	0.2726035156250002	0.059687500000000004
-0.6613500000000001	0.6356177499999944	0.25124609375000007	0.051250000000000004
-0.6973	0.31677099999996017	0.27283593749999974	0.051875000000000004
-0.6858499999999998	0.396727750000025	0.271142578125	0.051562500000000004
-0.6983999999999999	0.3589939999999956	0.28362890625000026	0.0465625
-0.66785	0.31088775000000624	0.2634580078124999	0.0503125
-0.6851499999999999	0.11744774999999663	0.272337890625	0.058124999999999996
-0.68685	0.5372077500000216	0.2738994140624999	0.0478125
-0.6829000000000001	-0.3587410000000091	0.27401269531250017	0.056249999999999994
-0.67055	0.1415197499999863	0.2851455078124999	0.06218750000000001
-0.6815	0.17052500000002624	0.26674121093749986	0.059687500000000004
-0.66465	0.21828775000000178	0.27400683593749986	0.056249999999999994
-0.6754500000000001	0.09497974999999315	0.2613671875	0.0640625
-0.68615	0.48706775000002267	0.2804160156250001	0.052812500000000005
-0.6743999999999999	0.17971400000001836	0.2913251953124999	0.052500000000000005
-0.6634499999999999	-0.08434024999996836	0.2719023437499999	0.056874999999999995
-0.6862999999999999	0.022480999999999085	0.27059472656250005	0.045625
-0.677	0.20360000000002287	0.2826796875	0.0578125
-0.6648499999999999	0.36269774999999527	0.2731162109374999	0.059687500000000004
-0.66585	0.7398777500000051	0.2558349609375	0.0571875
-0.6715500000000001	0.4460597499999892	0.25711328124999994	0.05437499999999999
-0.6794	0.3965639999999837	0.2657089843749996	0.060312500000000005
-0.6615500000000001	0.16665974999997957	0.2725986328125	0.0584375
-0.69455	-0.1509702500000003	0.2633457031250001	0.06125
-0.67635	0.18056774999999448	0.26108007812500006	0.052500000000000005
-0.6638	0.3899560000000122	0.2793427734375001	0.0578125
-0.67445	-0.22678024999999025	0.278470703125	0.0490625
-0.69055	0.30831974999998124	0.2648847656250002	0.061562500000000006
-0.68465	-0.09481225000001814	0.28165917968749987	0.05
-0.6774499999999999	0.427899750000023	0.2729785156250001	0.051875000000000004
-0.6759	0.43041900000000055	0.2827089843749998	0.053125000000000006
-0.66885	-0.3137822499999743	0.27296484375000013	0.0565625
-0.69665	0.15412774999998646	0.24949609375000015	0.051875000000000004
-0.67235	0.8007977500000152	0.26391210937500037	0.0584375
-0.6707000000000001	0.24940099999997756	0.2530615234374999	0.052187500000000005
-0.6833	0.27136100000001306	0.27951562500000005	0.0571875
-0.6819500000000001	-0.1753302500000018	0.2781874999999997	0.055624999999999994
-0.6653	0.07984100000001604	0.26288476562499974	0.0625
-0.6533	-0.11308900000000222	0.2674443359375003	0.056249999999999994
-0.6788000000000001	0.18905599999999367	0.2953369140624998	0.05
-0.6846000000000001	-0.040716000000003305	0.2660068359374998	0.06
-0.67255	0.09039975000001732	0.26436328124999975	0.059062500000000004
-0.64175	0.23869374999998172	0.25431738281250016	0.075
-0.6794499999999999	-0.14048024999999598	0.3007939453125	0.0453125
-0.68625	0.12559374999997885	0.26855371093750025	0.056249999999999994
-0.69495	-0.15955025000002365	0.26867480468750016	0.050625
-0.6829000000000001	0.052258999999992284	0.26823535156250006	0.05875
-0.6779	0.03865899999999556	0.2751181640624998	0.049375
-0.6758500000000001	0.20742775000002212	0.26567968750000015	0.058124999999999996
-0.69875	0.3843437499999993	0.2762949218750005	0.056249999999999994
-0.6637	0.07273099999997612	0.2835712890625002	0.0559375
-0.6605000000000001	-0.02327500000001237	0.2698769531249999	0.063125
-0.68065	0.629057749999987	0.272794921875	0.0728125
-0.68445	-0.4166802500000131	0.26169921874999996	0.06
-0.66665	0.22152775000000702	0.27546484375000013	0.0409375
-0.6720000000000002	0.2080999999999733	0.26618652343749993	0.06
-0.6734500000000001	0.24850974999998243	0.26112207031250034	0.050937500000000004
-0.6894500000000001	0.24436974999997574	0.2606494140625	0.0653125
-0.6824999999999999	0.5721250000000282	0.2652216796875002	0.060625
-0.65655	-0.2905402499999923	0.26912109374999993	0.0584375
-0.66855	-0.02991024999997194	0.2796064453125001	0.0484375
-0.6808999999999998	0.02451900000002638	0.2721025390624999	0.06281250000000001
-0.6608	-0.06416400000003364	0.27577148437500026	0.06281250000000001
-0.66675	-0.11255625000001146	0.2659619140625003	0.06343750000000001
-0.6777500000000001	0.5692437500000267	0.27394238281250005	0.050625
-0.6735	0.06977500000002124	0.2689394531250003	0.052500000000000005
-0.6875500000000001	0.11674974999996834	0.26186816406249974	0.058124999999999996
-0.6691499999999999	0.5745777500000031	0.27576367187499995	0.0665625
-0.6757500000000001	0.46094375000001264	0.27063671874999995	0.0675
-0.6774	0.5539240000000234	0.27641113281249985	0.0540625
-0.67215	0.23068774999995867	0.27119042968749985	0.053125000000000006
-0.6625999999999999	0.26862400000001685	0.285392578125	0.0584375
-0.6766999999999999	-0.20578899999998157	0.26501171874999985	0.053437500000000006
-0.6644000000000001	0.3362639999999999	0.26883886718750005	0.0546875
-0.67805	0.03906975000001012	0.26480761718749996	0.057499999999999996
-0.67045	0.36442975000002775	0.26228124999999985	0.06375
-0.6932	0.07337599999999611	0.2830625	0.043125000000000004
-0.6554	0.20633399999999824	0.27114160156249995	0.051875000000000004
-0.66865	0.2697177499999839	0.26821386718749984	0.059062500000000004
-0.6774	0.38792399999999816	0.27174511718750016	0.06343750000000001
-0.6532500000000001	-0.054806250000012824	0.2931298828124999	0.056874999999999995
-0.6754	-0.00276599999997984	0.2690126953125001	0.0553125
-0.6891	0.5806190000000129	0.28452929687499995	0.0559375
-0.6723000000000001	0.5485209999999654	0.28774121093750016	0.056249999999999994
-0.66385	0.040567749999979696	0.27235351562500015	0.045
-0.6914500000000001	0.09543974999996863	0.2651083984374998	0.0553125
-0.6789000000000001	-0.03427100000001815	0.26970214843749996	0.06
-0.6664999999999999	0.4032750000000078	0.2642099609375	0.0565625
-0.6680999999999999	0.19048900000001368	0.2580517578125	0.06218750000000001
-0.6659000000000002	0.26496899999997936	0.26525585937500007	0.059687500000000004
-0.6726000000000001	0.17717399999997951	0.2749111328125001	0.060312500000000005
-0.66655	0.4306097500000021	0.26745507812499975	0.051875000000000004
-0.6736	0.28555399999999054	0.2668515625000004	0.045625
-0.6685000000000001	0.19002499999999145	0.2664189453124999	0.059687500000000004
-0.6695	-0.12427500000001146	0.2740166015625003	0.059687500000000004
-0.6560999999999999	-0.038220999999992955	0.27569042968749957	0.0540625
-0.6598000000000002	0.1453960000000052	0.2798242187500005	0.046875
-0.6836499999999999	0.021267750000021124	0.2739775390625001	0.07125000000000001
-0.66205	0.24097975000000815	0.2763564453125	0.046875
-0.6758	0.35493600000000924	0.2724423828125001	0.0721875
-0.6657500000000001	0.3024437499999806	0.26996484375000024	0.0559375
-0.6693500000000001	-0.17744224999998437	0.2525400390624999	0.056249999999999994
-0.6890499999999999	-0.07174024999997641	0.2680615234375	0.0584375
-0.68055	0.15591974999998115	0.2636669921875001	0.051875000000000004
-0.6839499999999998	0.04973975000004316	0.26332617187500007	0.068125
-0.6598999999999999	0.42344900000000507	0.2795244140624999	0.0565625
-0.6589	0.04382899999998813	0.28470507812500023	0.053437500000000006
-0.6893	0.20530099999999152	0.2765263671875	0.059687500000000004
-0.6882999999999999	0.46781100000001175	0.27361132812500005	0.059687500000000004
-0.6816499999999999	0.7348277499999938	0.2785439453124998	0.052812500000000005
-0.6557999999999999	0.12688599999998473	0.26045800781250006	0.065625
-0.6692500000000001	0.6844437499999856	0.26387109375	0.06875
-0.6778499999999998	0.22793774999999528	0.25878320312499986	0.059062500000000004
-0.6756500000000001	0.1587077499999907	0.2581943359375	0.052187500000000005
-0.6709499999999999	0.04160974999999212	0.2698837890625	0.06375
-0.6611	0.18192899999999668	0.2778222656249999	0.059062500000000004
-0.6789499999999999	0.11118974999999409	0.24765136718750017	0.061875
-0.66675	0.29644374999998035	0.2802353515625002	0.05437499999999999
-0.6788500000000002	-0.2944822500000157	0.2703232421874999	0.05499999999999999
-0.6776	0.0800739999999962	0.27525390625	0.0446875
-0.6746000000000001	0.23298399999998765	0.29229101562500004	0.060937500000000006
-0.6785000000000001	0.40127499999996985	0.2712148437500002	0.05875
-0.67395	0.0746397500000171	0.27828222656249985	0.048125
-0.6827999999999999	0.12541600000002973	0.2718955078124998	0.0471875
-0.6677500000000001	-0.05775625000001128	0.2673837890624998	0.0484375
-0.6922999999999999	-0.16242900000000304	0.26466308593750015	0.061875
-0.6674500000000001	0.10329974999999081	0.2765947265625002	0.0546875
-0.6954	0.46113399999998705	0.2671171874999999	0.048125
-0.6754500000000001	0.3324797500000045	0.27631640625	0.05437499999999999
-0.67035	0.3805877500000179	0.2844882812500001	0.0559375
-0.6677500000000001	0.11049374999998918	0.2990507812499999	0.052812500000000005
-0.6824999999999999	0.005125000000020918	0.27244824218749986	0.060937500000000006
-0.6705000000000001	0.16997499999999377	0.27895214843749994	0.056249999999999994
-0.6814	0.3801539999999761	0.26911230468750014	0.050937500000000004
-0.68405	0.09630974999998898	0.26015625000000003	0.0584375
-0.67845	0.14905975000002059	0.2787802734374999	0.048125
-0.6636	0.14075400000001537	0.2576171875	0.06125
-0.6759999999999999	0.14990000000000236	0.27301367187500003	0.049375
-0.6587000000000001	0.11193099999999845	0.26132128906249996	0.058124999999999996
-0.67435	-0.17329225000000292	0.28152734375000016	0.060937500000000006
-0.67405	0.4976597499999684	0.2738525390625001	0.057499999999999996
-0.6804999999999999	-0.0030249999999796273	0.2828125	0.051562500000000004
-0.66585	-0.16862224999999853	0.2480654296875001	0.05437499999999999
-0.6701000000000001	0.3148490000000095	0.2713779296875001	0.0565625
-0.6787000000000001	0.006381000000004633	0.2821738281250003	0.052187500000000005
-0.6555500000000001	0.24316974999999275	0.26117187500000005	0.061562500000000006
