-0.2732	0.19301100000000027	0.10574687500000003	0.0846875
-0.249	0.27924375	0.09829062499999999	0.08625000000000001
-0.28159999999999996	0.1466340000000006	0.1113124999999999	0.074375
-0.23719999999999997	0.1876009999999999	0.0941578125	0.077734375
-0.26280000000000003	0.18135099999999937	0.09968906250000009	0.083984375
-0.24839999999999995	0.1773589999999996	0.08644062500000003	0.09203125
-0.22220000000000006	0.1451697499999991	0.09560156250000001	0.07867187499999999
-0.23019999999999996	0.15904975000000032	0.10110781250000003	0.08570312499999999
-0.2378	0.18106974999999936	0.08816093750000008	0.082734375
-0.26839999999999997	0.10875900000000005	0.11145468749999993	0.07945312499999999
-0.2558	0.1927897500000002	0.09475624999999999	0.09390625
-0.24839999999999995	0.11460900000000018	0.08845156249999994	0.07851562499999999
-0.2532	0.20931099999999958	0.0896296875	0.091796875
-0.2892	0.16252099999999992	0.11214531250000001	0.092421875
-0.30380000000000007	0.16065974999999977	0.10225156250000009	0.078828125
-0.24480000000000002	0.11945599999999912	0.0984140625	0.079609375
-0.27580000000000005	0.1568397499999996	0.09275781249999995	0.074453125
-0.2774	0.17930774999999954	0.09905937499999998	0.08
-0.26159999999999994	0.15703400000000034	0.09225937500000005	0.08515625
-0.2774	0.09580774999999964	0.10333124999999999	0.0825
-0.25540000000000007	0.13006774999999937	0.08956718749999998	0.08367187499999999
-0.2714000000000001	0.1596377499999999	0.09055781249999997	0.09007812500000001
-0.3034000000000001	0.27067774999999905	0.10190624999999998	0.085625
-0.2802	0.13854975000000014	0.09664687500000003	0.081875
-0.264	0.1081499999999993	0.09877031250000004	0.075703125
-0.2662	0.19335975000000083	0.09603281250000004	0.078046875
-0.2814	0.16558775000000026	0.0941921875	0.081484375
-0.24059999999999993	0.23769775000000104	0.09553906250000005	0.08445312499999999
-0.26839999999999997	0.14825899999999947	0.0959234375	0.079609375
-0.2742	0.1750897499999997	0.1044515625	0.076640625
-0.22760000000000002	0.16773900000000008	0.09567968750000003	0.08882812500000001
-0.2348	0.13618100000000055	0.09852968750000005	0.087890625
-0.257	0.16294374999999928	0.10227812499999996	0.08375
-0.22839999999999994	0.16995900000000086	0.10180468749999998	0.08070312499999999
-0.249	0.1952437499999995	0.09556406249999998	0.077734375
-0.29180000000000006	0.19932975000000042	0.0932984375	0.090546875
-0.268	0.1681000000000008	0.10264687499999997	0.0871875
-0.28179999999999994	0.17492975000000044	0.08952343750000002	0.09773437499999998
-0.275	0.20884374999999977	0.09483125000000003	0.08265625
-0.25739999999999996	0.19040775000000032	0.10436093749999997	0.082734375
-0.2784	0.1385840000000007	0.10810625000000004	0.07703125
-0.25160000000000005	0.12285900000000005	0.10166406250000004	0.083828125
-0.24919999999999998	0.25037099999999946	0.10346562499999995	0.0834375
-0.23360000000000003	0.16144399999999948	0.10541093749999997	0.089921875
-0.2834	0.2550277500000009	0.0864531250000001	0.0953125
-0.27679999999999993	0.14238600000000012	0.10981718749999994	0.085078125
-0.21100000000000008	0.19499375000000008	0.09749999999999995	0.08203125
-0.271	0.10324374999999986	0.10206250000000006	0.07984375
-0.24919999999999998	0.15937099999999926	0.10566875000000003	0.09171874999999999
-0.2652	0.0904309999999997	0.09953125000000007	0.09
-0.20320000000000005	0.20468600000000015	0.09189374999999997	0.09984375000000001
-0.24519999999999997	0.1469809999999998	0.10589687499999997	0.08671875000000001
-0.26159999999999994	0.1530339999999999	0.10183124999999994	0.07718749999999999
-0.24539999999999995	0.08711774999999955	0.09582343750000008	0.08570312499999999
-0.26559999999999995	0.15985400000000105	0.0889296875	0.074296875
-0.2922	0.14861974999999994	0.09851406249999999	0.082734375
-0.21940000000000004	0.21289775000000022	0.08906249999999995	0.09390625
-0.2744	0.13490400000000058	0.10284687499999992	0.07859375
-0.2704	0.1325240000000001	0.09903437500000009	0.07984375
-0.22360000000000002	0.13226899999999997	0.08901093749999994	0.087109375
-0.25439999999999996	0.14900400000000058	0.09871875000000002	0.091875
-0.2732	0.14676100000000059	0.09177812499999995	0.08671875000000001
-0.27679999999999993	0.24688599999999994	0.09416406249999995	0.07054687500000001
-0.25659999999999994	0.12672775000000058	0.093459375	0.08515625
-0.271	0.2112437500000004	0.10374531249999999	0.080390625
-0.28780000000000006	0.1520697499999999	0.10966875000000004	0.07875
-0.24680000000000002	0.15381100000000014	0.08669375000000004	0.08828124999999999
-0.25739999999999996	0.1329077500000002	0.09660000000000006	0.08828124999999999
-0.24340000000000006	0.17022774999999912	0.09922187499999999	0.09046874999999999
-0.267	0.11019375000000053	0.09828281250000007	0.081640625
-0.26159999999999994	0.13878400000000024	0.10729843750000001	0.081015625
-0.24	0.20349999999999957	0.09708906249999998	0.080859375
-0.24360000000000004	0.12336899999999984	0.10085312499999996	0.09015625
-0.26660000000000006	0.13577774999999903	0.10498281250000005	0.080859375
-0.2752	0.20415600000000023	0.11512656250000006	0.081640625
-0.24380000000000002	0.19700975000000076	0.09644843750000003	0.085234375
-0.25060000000000004	0.15449774999999955	0.10270625	0.08796874999999998
-0.22499999999999998	0.14759374999999997	0.09498749999999995	0.09546874999999999
-0.24960000000000004	0.1911239999999994	0.10309375000000004	0.08765625
-0.2642	0.27198975000000036	0.0884203125	0.084609375
-0.2258	0.0810897500000003	0.10014687500000002	0.075
-0.28300000000000003	0.14069374999999962	0.1076734375	0.076328125
-0.22760000000000002	0.12473900000000038	0.10537499999999994	0.08
-0.23960000000000004	0.13294899999999998	0.09463281250000004	0.087890625
-0.28659999999999997	0.21387775000000087	0.09942031250000005	0.081328125
-0.24320000000000008	0.15483599999999997	0.10026093749999998	0.08117187499999999
-0.27480000000000004	0.10328099999999907	0.09840156250000001	0.068515625
-0.25839999999999996	0.196434	0.09928281250000003	0.08304687499999999
-0.25359999999999994	0.11479400000000073	0.09919375000000002	0.07984375
-0.24340000000000006	0.22547774999999914	0.10141562499999998	0.08156250000000001
-0.24539999999999995	0.15461774999999944	0.10338437500000003	0.0971875
-0.22899999999999998	0.10024375000000019	0.09045312499999997	0.06734375
-0.2794	0.2365977499999996	0.09770312499999997	0.08890624999999999
-0.28780000000000006	0.13981975000000002	0.10078749999999995	0.08875
-0.24539999999999995	0.1666177499999999	0.10157187499999998	0.09859375000000001
-0.2572	0.2158009999999999	0.08640000000000006	0.07390624999999999
-0.28800000000000003	0.14560000000000084	0.09808906250000002	0.082734375
-0.2672	0.26752600000000015	0.09595312499999997	0.08828124999999999
-0.2996000000000001	0.23999900000000007	0.10654531249999998	0.07054687500000001
-0.24740000000000006	0.1434577499999996	0.10161875000000004	0.08234375000000001
-0.24880000000000002	0.19436600000000048	0.09423593749999995	0.091796875
-0.21719999999999995	0.1564009999999998	0.10451874999999997	0.0784375
-0.24560000000000004	0.19850400000000024	0.10391875000000003	0.0753125
-0.2512	0.2518659999999997	0.08829218749999997	0.085546875
-0.2769999999999999	0.1614437500000001	0.09868437500000006	0.08015625
-0.2792	0.1012960000000005	0.10068125000000003	0.08421875000000001
-0.24839999999999995	0.18160900000000035	0.10107343750000002	0.07851562499999999
-0.268	0.19760000000000044	0.09295156250000003	0.07914062499999999
-0.24519999999999997	0.20273099999999955	0.09418281250000007	0.08570312499999999
-0.2518	0.15072975	0.1025046875	0.079609375
-0.22699999999999998	0.09019375000000052	0.09916875000000006	0.08171875
-0.2889999999999999	0.2529937499999999	0.10212812500000004	0.06765625
-0.25259999999999994	0.08645775000000011	0.104828125	0.08031250000000001
-0.23460000000000003	0.12501775000000004	0.09178281249999995	0.075546875
-0.271	0.2004937499999997	0.09880468750000004	0.08445312499999999
-0.28159999999999996	0.24413400000000074	0.09661874999999995	0.09031249999999999
-0.25540000000000007	0.1593177499999996	0.09839374999999999	0.08453125
-0.24039999999999995	0.05704900000000013	0.1012234375	0.078828125
-0.27	0.18712499999999999	0.10503437499999994	0.09390625
-0.26879999999999993	0.12266600000000061	0.09919375	0.0821875
-0.244	0.16489999999999938	0.09962812499999998	0.08125
-0.26780000000000004	0.06651974999999943	0.09916562500000005	0.08359375000000001
-0.2116	0.13915900000000025	0.09897500000000004	0.08750000000000001
-0.23160000000000003	0.07175900000000057	0.0840234375	0.084765625
-0.2782	0.09927975	0.10867343749999994	0.080234375
-0.2518	0.2107297499999996	0.09110156250000001	0.082890625
-0.242	0.17647499999999994	0.09117031250000002	0.087421875
-0.23920000000000008	0.1088960000000001	0.09166718749999998	0.07867187499999999
-0.2632	0.19578600000000002	0.102540625	0.07796875
-0.268	0.20860000000000056	0.09928749999999995	0.07578125
-0.3016	0.13523400000000052	0.10225781249999996	0.089921875
-0.23960000000000004	0.11769899999999955	0.1044078125	0.08304687499999999
-0.29800000000000004	0.15672499999999978	0.10258281250000009	0.087265625
-0.2822	0.2070197500000006	0.09582500000000002	0.08781250000000002
-0.26680000000000004	0.18411100000000058	0.09722031249999996	0.086015625
-0.2612	0.20459099999999975	0.09811718749999995	0.09007812500000001
-0.2592	0.1908460000000014	0.10272812499999992	0.08531250000000001
-0.26159999999999994	0.15728399999999976	0.09700312499999995	0.083125
-0.2542	0.1908897500000002	0.10340156249999999	0.087421875
-0.2592	0.11409600000000086	0.09658906249999996	0.085546875
-0.26260000000000006	0.1437577499999989	0.09602187499999998	0.08359375000000001
-0.2632	0.19328599999999962	0.09315312500000003	0.07906250000000001
-0.256	0.13840000000000074	0.10147343750000004	0.08695312499999999
-0.33100000000000007	0.20424374999999984	0.1055015625	0.07929687499999999
-0.22460000000000002	0.14571774999999976	0.09499062499999991	0.091875
-0.2527999999999999	0.176076000000001	0.1051328125	0.085390625
-0.2278	0.1339197500000009	0.10689062500000002	0.08328125
-0.2752	0.12665600000000055	0.10270000000000015	0.076875
-0.29880000000000007	0.12024100000000004	0.10523437500000005	0.08125
-0.239	0.22124375000000018	0.09538281250000004	0.08367187499999999
-0.3013999999999999	0.20823775000000033	0.10540000000000005	0.085625
-0.26280000000000003	0.2026009999999996	0.0991078125	0.076796875
-0.25880000000000003	0.12264099999999978	0.10007656250000002	0.076953125
-0.2769999999999999	0.15544374999999988	0.10177031250000002	0.08117187499999999
-0.2318	0.14417975000000016	0.09108750000000003	0.08875
-0.24160000000000004	0.16718399999999933	0.08546562499999995	0.08265625
-0.24280000000000002	0.13705100000000003	0.09985937500000006	0.07468749999999999
-0.23120000000000007	0.1699159999999993	0.10595312500000001	0.084375
-0.276	0.06740000000000013	0.114459375	0.0784375
-0.29679999999999995	0.14943599999999968	0.10004375000000004	0.07390624999999999
-0.19480000000000008	0.16933099999999968	0.09449218750000002	0.077265625
-0.24039999999999995	0.11979899999999999	0.10363437500000006	0.08625000000000001
-0.24419999999999997	0.23753975000000027	0.09412656250000004	0.083828125
-0.25960000000000005	0.13854900000000026	0.10150624999999996	0.0809375
-0.22960000000000003	0.19227400000000028	0.09136874999999998	0.08843749999999999
-0.23140000000000005	0.11008774999999993	0.10461562499999999	0.08046875
-0.24560000000000004	0.13100400000000034	0.10313906249999999	0.089921875
-0.3046	0.238367750000001	0.09114375000000002	0.08484375000000001
-0.257	0.2544437499999992	0.09308437500000002	0.08156250000000001
-0.30779999999999996	0.2621197500000001	0.10262812500000004	0.07250000000000001
-0.26380000000000003	0.13255975000000042	0.0923234375	0.075078125
-0.24680000000000002	0.13256099999999993	0.10765625000000004	0.08156250000000001
-0.2772	0.18700100000000042	0.09810624999999998	0.08234375000000001
-0.264	0.06314999999999937	0.10219531250000004	0.08320312499999999
-0.2662	0.1823597500000007	0.097796875	0.085
-0.2982	0.17522975000000063	0.10441093749999994	0.090703125
-0.24960000000000004	0.15262399999999943	0.09332968749999995	0.084765625
-0.26139999999999997	0.14093774999999997	0.102590625	0.07390624999999999
-0.269	0.2712437499999991	0.1014328125	0.089765625
-0.2582	0.2538297499999995	0.09927656250000007	0.086171875
-0.236	0.23390000000000066	0.10175937499999993	0.07796875
-0.23219999999999996	0.14301975000000056	0.099821875	0.08921874999999999
-0.25980000000000003	0.18864975000000062	0.09802968750000007	0.084921875
-0.2572	0.19655100000000036	0.09300156250000001	0.081015625
-0.2872	0.1249760000000002	0.10025312500000005	0.0821875
-0.24760000000000004	0.19958900000000046	0.10028750000000003	0.07890625
-0.28280000000000005	0.17340100000000014	0.10976093750000004	0.080078125
-0.31479999999999997	0.20763100000000012	0.09649531250000001	0.077265625
-0.248	0.15634999999999977	0.10055312500000006	0.08109375
-0.22760000000000002	0.17648900000000012	0.08993750000000002	0.09140625
-0.24939999999999996	0.21549775000000038	0.09516093750000007	0.087578125
-0.22999999999999998	0.2068749999999997	0.09269374999999998	0.08906249999999999
-0.29580000000000006	0.20988974999999943	0.09668906250000006	0.081328125
-0.28179999999999994	0.20192975000000057	0.10477187499999996	0.08625000000000001
-0.243	0.18244375000000046	0.10318281250000001	0.080234375
-0.273	0.23244374999999984	0.09784218750000008	0.078359375
-0.2662	0.18335975000000104	0.10251406250000004	0.089765625
-0.24660000000000004	0.08492774999999941	0.1000296875	0.085390625
-0.2682	0.13317974999999915	0.103378125	0.08375
-0.2607999999999999	0.16539599999999943	0.10105000000000006	0.07734375
-0.27359999999999995	0.23614399999999947	0.09867656250000001	0.10273437499999999
-0.24939999999999996	0.1222477500000001	0.09641249999999993	0.07125000000000001
-0.24839999999999995	0.125359	0.08814062500000003	0.08906249999999999
-0.28159999999999996	0.10563400000000112	0.1089390625	0.081015625
-0.22260000000000002	0.18905775000000036	0.09425937499999998	0.079375
-0.265	0.2045937499999999	0.09849687500000001	0.0809375
-0.25880000000000003	0.19739099999999965	0.09735624999999994	0.08234375000000001
-0.23099999999999998	0.19724375000000105	0.10141874999999999	0.081875
-0.26639999999999997	0.12244400000000066	0.10021093749999996	0.083515625
-0.23399999999999999	0.17927500000000052	0.10094062500000002	0.09171874999999999
-0.239	0.12724374999999988	0.09186718750000004	0.091953125
-0.26159999999999994	0.08178399999999986	0.1029765625	0.07929687499999999
-0.24740000000000006	0.21220775000000014	0.10607031250000007	0.08117187499999999
-0.26360000000000006	0.17296900000000015	0.10337343750000005	0.085234375
-0.2964	0.20166899999999988	0.10293593749999991	0.072265625
-0.2754	0.06496775000000099	0.10579062500000005	0.09125
-0.27679999999999993	0.1991360000000002	0.09848906249999992	0.081640625
-0.2742	0.18183974999999997	0.09801406250000003	0.088046875
-0.271	0.20624374999999961	0.09703124999999997	0.0778125
-0.26439999999999997	0.1355789999999999	0.09851875000000002	0.08140625
-0.24880000000000002	0.11611599999999989	0.0978109375	0.078828125
-0.23419999999999996	0.10493975000000066	0.09808749999999997	0.08625000000000001
-0.266	0.11977499999999974	0.10133437500000003	0.08234375000000001
-0.27279999999999993	0.1786260000000004	0.10292343750000006	0.092890625
-0.23399999999999999	0.11327500000000024	0.0927375	0.0809375
-0.2732	0.14826100000000064	0.10557500000000007	0.0796875
-0.23659999999999992	0.16162775000000007	0.10859999999999992	0.08656250000000001
-0.23540000000000005	0.18066775000000002	0.1024734375000001	0.081328125
-0.28680000000000005	0.23016099999999984	0.10010000000000002	0.07187500000000001
-0.2582	0.09082975000000015	0.09815937499999995	0.08109375
-0.2592	0.20434600000000103	0.09714375	0.0825
-0.253	0.1451937499999998	0.09619843750000004	0.080859375
-0.2308	0.1740710000000001	0.10448593749999999	0.09585937500000001
-0.28600000000000003	0.2072750000000001	0.09416562499999998	0.08265625
-0.2876000000000001	0.23278899999999947	0.09240312499999995	0.08687500000000001
-0.22439999999999993	0.25527900000000026	0.0969515625	0.094140625
-0.2652	0.13518099999999933	0.10075312500000011	0.0796875
-0.2944	0.16130400000000122	0.10526093749999996	0.07976562499999999
-0.27060000000000006	0.14434774999999966	0.10140468749999998	0.07335937499999999
-0.259	0.19674375000000044	0.0857015625	0.08117187499999999
-0.26580000000000004	0.09543974999999882	0.09769843750000001	0.08695312499999999
-0.20879999999999999	0.16276599999999952	0.10492656250000003	0.084296875
-0.26239999999999997	0.11866400000000077	0.09538125000000003	0.08359375000000001
-0.27	0.19762500000000038	0.10120468750000003	0.086484375
-0.24240000000000006	0.14951400000000037	0.10101406250000004	0.083828125
-0.26459999999999995	0.27391774999999896	0.09361718749999998	0.08304687499999999
-0.2552	0.21795600000000093	0.09654218749999997	0.083359375
-0.23099999999999998	0.17324375000000103	0.09779374999999998	0.08281250000000001
-0.2518	0.1637297499999999	0.09669687499999995	0.09125
-0.25540000000000007	0.18131774999999983	0.10155781250000002	0.091796875
-0.2178	0.10101974999999941	0.09513749999999999	0.07484375
-0.24760000000000004	0.20883900000000022	0.104371875	0.09984375000000001
-0.24360000000000004	0.16836900000000066	0.10630156250000004	0.081640625
-0.25639999999999996	0.1758689999999996	0.09709218750000001	0.092265625
-0.2558	0.08153975000000013	0.09570312500000003	0.0825
-0.21340000000000003	0.2223777499999997	0.08981249999999995	0.0825
-0.28300000000000003	0.2026937499999999	0.10172812500000003	0.07484375
-0.25259999999999994	0.2402077500000006	0.10951406250000001	0.084765625
-0.21520000000000006	0.16730599999999907	0.10071562500000003	0.08734375000000001
-0.2774	0.1310577499999992	0.09572031250000004	0.08242187499999999
-0.24519999999999997	0.17248099999999988	0.09615937499999994	0.08531250000000001
-0.2308	0.17507099999999998	0.09735781249999995	0.08882812500000001
-0.24039999999999995	0.14829900000000018	0.09269999999999999	0.09281249999999999
-0.30380000000000007	0.23315974999999955	0.09314374999999997	0.08625000000000001
-0.24019999999999997	0.1371497499999994	0.08094374999999993	0.09125
-0.24539999999999995	0.21261775000000016	0.10150312499999997	0.08359375000000001
-0.245	0.19209375000000017	0.09188125000000001	0.0796875
-0.2712	0.21306600000000042	0.1134343750000001	0.09703125
-0.22560000000000002	0.18290399999999973	0.08818749999999997	0.08671875000000001
-0.28280000000000005	0.16065100000000054	0.10682812500000002	0.08203125
-0.2712	0.14606600000000025	0.11533593750000001	0.081640625
-0.2822	0.2305197500000009	0.08856250000000002	0.084375
-0.2527999999999999	0.12807600000000097	0.0968	0.083125
-0.2572	0.2335510000000003	0.10921093750000002	0.081640625
-0.22640000000000005	0.16639400000000037	0.09844375000000005	0.08750000000000001
-0.24539999999999995	0.13411775000000015	0.10088124999999996	0.08984375
-0.258	0.13847499999999968	0.10557343749999995	0.082890625
-0.2358	0.11973974999999992	0.09742031250000002	0.08117187499999999
-0.24859999999999993	0.18923774999999976	0.09630312500000007	0.0846875
-0.2532	0.07356099999999977	0.10436718750000001	0.07179687500000001
-0.2538	0.1669097499999994	0.09243593750000001	0.086171875
-0.2872	0.190226	0.10504374999999999	0.08296875000000001
-0.26780000000000004	0.1362697499999994	0.09971718750000008	0.071953125
-0.24280000000000002	0.2740509999999996	0.09637343749999996	0.095390625
-0.22560000000000002	0.13415399999999966	0.10724531250000005	0.091640625
-0.21299999999999997	0.2029437500000002	0.10004843749999998	0.090703125
-0.28800000000000003	0.18685000000000063	0.10354218750000002	0.076328125
-0.24819999999999998	0.11622975000000046	0.09146718749999998	0.078828125
-0.2542	0.09438975000000038	0.09695156249999999	0.087421875
-0.21760000000000002	0.1595639999999996	0.09888437499999997	0.0809375
-0.25759999999999994	0.12851400000000002	0.09994843749999996	0.088359375
-0.23299999999999998	0.17344375000000012	0.09370468750000002	0.083359375
-0.28259999999999996	0.25010774999999974	0.10411249999999998	0.081875
-0.25739999999999996	0.19440774999999988	0.11234062499999997	0.08046875
-0.25780000000000003	0.26136975000000096	0.10490624999999992	0.08859375
-0.258	0.22697500000000037	0.1065203125000001	0.082734375
-0.24780000000000002	0.15846975000000008	0.09477968750000001	0.087265625
-0.25259999999999994	0.10845775000000035	0.0860390625	0.088359375
-0.26660000000000006	0.17752774999999943	0.10101249999999998	0.08125
-0.28200000000000003	0.12422499999999914	0.08708749999999997	0.07453125
-0.23619999999999997	0.1330597499999997	0.08773906250000003	0.075390625
-0.20999999999999996	0.13712500000000016	0.09067031249999996	0.082109375
-0.276	0.17940000000000023	0.09875156249999996	0.084609375
-0.242	0.13822500000000026	0.08775000000000006	0.08234375000000001
-0.2607999999999999	0.13489599999999946	0.09154062499999999	0.08968749999999999
-0.26780000000000004	0.15501974999999923	0.09402031249999998	0.076171875
-0.2642	0.10473975000000024	0.10212656250000002	0.078046875
-0.2876000000000001	0.158288999999999	0.10606406250000003	0.08117187499999999
-0.24839999999999995	0.10885900000000026	0.10299687500000004	0.08406250000000001
-0.24919999999999998	0.14862099999999945	0.10333437499999992	0.07828125
-0.2602	0.25684974999999977	0.09316093749999999	0.09132812500000001
-0.273	0.12494374999999991	0.10136562499999996	0.08921874999999999
-0.26239999999999997	0.147914000000001	0.10205625000000004	0.08203125
-0.26360000000000006	0.20496900000000018	0.10141093749999994	0.082109375
-0.26959999999999995	0.15172400000000064	0.10568749999999999	0.08531250000000001
-0.24019999999999997	0.11764974999999955	0.10598125000000005	0.0775
-0.25759999999999994	0.19226399999999977	0.09867343750000007	0.07398437499999999
-0.27460000000000007	0.16821774999999928	0.09814374999999997	0.09328125
-0.29779999999999995	0.14996975000000035	0.10597500000000001	0.08
-0.2916000000000001	0.1495589999999991	0.09938593750000002	0.07929687499999999
-0.276	0.3656500000000005	0.08997031249999998	0.079609375
-0.25259999999999994	0.18695775000000037	0.09065312500000006	0.080625
-0.27359999999999995	0.20664399999999983	0.10357812500000002	0.08781250000000002
-0.23960000000000004	0.11744899999999969	0.09484218750000001	0.089140625
-0.26360000000000006	0.12021899999999963	0.097378125	0.07984375
-0.26539999999999997	0.15751775000000023	0.09525468749999995	0.080078125
-0.2774	0.2563077499999995	0.10382187500000001	0.08234375000000001
-0.2508	0.12637100000000068	0.10364374999999995	0.08281250000000001
-0.24980000000000002	0.16699974999999956	0.0935859375	0.070390625
-0.255	0.20259374999999924	0.10835781250000001	0.091796875
-0.20839999999999992	0.10480900000000037	0.08827968749999995	0.090234375
-0.26039999999999996	0.14769900000000025	0.10282187499999994	0.07515625
-0.27679999999999993	0.1576360000000001	0.096246875	0.088125
-0.2602	0.12734975000000048	0.08725937499999997	0.08156250000000001
-0.2889999999999999	0.1697437500000003	0.10891093750000003	0.091015625
-0.265	0.1390937499999998	0.09799218750000005	0.07976562499999999
-0.25540000000000007	0.16431774999999949	0.10013749999999996	0.08906249999999999
-0.31479999999999997	0.1993809999999998	0.11190468750000007	0.08179687499999999
-0.24640000000000006	0.21029399999999976	0.09091406249999996	0.08117187499999999
-0.254	0.18527499999999986	0.10303906249999999	0.075078125
-0.20140000000000002	0.16098775000000032	0.09866249999999999	0.09234375
-0.25	0.12037500000000012	0.10638125000000002	0.08109375
-0.28300000000000003	0.16819374999999948	0.1134046874999999	0.089609375
-0.23460000000000003	0.1535177499999998	0.10143906250000001	0.077890625
-0.24680000000000002	0.14081100000000024	0.10237031250000002	0.083984375
-0.22799999999999998	0.20609999999999928	0.10272812499999995	0.08296875000000001
-0.27580000000000005	0.08983975000000033	0.10692343749999995	0.082890625
-0.23419999999999996	0.1841897500000007	0.10098906249999995	0.08117187499999999
-0.2238	0.05170975000000011	0.09375781250000001	0.094140625
-0.2804	0.1323489999999996	0.1074015625	0.076953125
-0.23760000000000003	0.16891399999999912	0.09546718750000002	0.089453125
-0.25460000000000005	0.16086775000000042	0.09404687499999995	0.08656250000000001
-0.26260000000000006	0.1855077499999993	0.09956875000000003	0.0825
-0.22240000000000004	0.17286400000000013	0.09386250000000003	0.080625
-0.2852	0.22338099999999983	0.09828749999999997	0.07718749999999999
-0.24980000000000002	0.1572497499999992	0.10022812499999997	0.0959375
-0.2502	0.23599975000000128	0.09488281249999997	0.087265625
-0.2502	0.11474975000000054	0.09841718750000003	0.07820312499999998
-0.23960000000000004	0.21994899999999973	0.09706718750000001	0.080859375
-0.24760000000000004	0.2845890000000004	0.10317343750000002	0.087265625
-0.2724	0.15823900000000002	0.10316406249999999	0.084140625
-0.26059999999999994	0.20604775000000064	0.10528593750000001	0.069140625
-0.24640000000000006	0.1410439999999995	0.08864531249999993	0.086640625
-0.25659999999999994	0.1529777500000007	0.10321718750000003	0.08570312499999999
-0.26380000000000003	0.21205975000000077	0.10167812500000009	0.08078125
-0.2964	0.18241900000000033	0.10987968750000007	0.083984375
-0.23719999999999997	0.1693509999999998	0.09950781250000001	0.088359375
-0.2602	0.17634974999999997	0.094346875	0.08546875000000001
-0.2964	0.1816690000000003	0.10045781249999994	0.07398437499999999
-0.22640000000000005	0.13114400000000037	0.10102031249999999	0.075078125
-0.3054	0.1463177499999997	0.09834218750000004	0.077421875
-0.273	0.19169374999999977	0.09640625000000003	0.0846875
-0.28680000000000005	0.1771609999999999	0.09657812500000001	0.08265625
-0.26439999999999997	0.18182899999999957	0.09437343749999993	0.078046875
-0.239	0.14299375000000047	0.10279062500000005	0.08296875000000001
-0.24019999999999997	0.14589974999999944	0.09073593749999996	0.090390625
-0.26559999999999995	0.2233540000000005	0.11502812500000005	0.0784375
-0.24139999999999995	0.15728775000000006	0.09534374999999999	0.08656250000000001
-0.2096	0.13267400000000018	0.08705624999999997	0.0825
-0.2784	0.1175840000000008	0.10333125000000001	0.08859375
-0.25780000000000003	0.15936975000000064	0.09805781249999995	0.079609375
-0.27060000000000006	0.24459774999999961	0.10616406250000004	0.08179687499999999
-0.261	0.07024375000000038	0.10625156249999997	0.085859375
-0.2522	0.26746975000000006	0.10585781250000005	0.085390625
-0.21699999999999997	0.11119374999999998	0.09577968750000002	0.086171875
-0.25960000000000005	0.16254900000000028	0.10202499999999998	0.08421875000000001
-0.2548	0.1872310000000006	0.10229687500000008	0.0821875
-0.2128	0.19647599999999965	0.09505	0.089375
-0.2298	0.12119974999999972	0.095828125	0.07718749999999999
-0.24459999999999993	0.23181775000000027	0.09842031250000002	0.080859375
-0.3036	0.14391900000000035	0.10915312499999995	0.08390625
-0.25359999999999994	0.2467940000000004	0.10153281250000003	0.085390625
-0.24080000000000001	0.17334599999999956	0.09173906249999993	0.08695312499999999
-0.23360000000000003	0.1946939999999997	0.09660156250000003	0.09382812500000001
-0.29400000000000004	0.1942749999999993	0.09611562500000005	0.08031250000000001
-0.2552	0.10845600000000033	0.1077921875	0.07585937499999999
-0.2984	0.22423400000000004	0.09447656250000001	0.085390625
-0.20140000000000002	0.22098775000000037	0.09150468750000006	0.08179687499999999
-0.2388	0.08159100000000041	0.10151406249999997	0.071953125
-0.2288	0.11406599999999978	0.08538437499999996	0.0784375
-0.24039999999999995	0.09754899999999989	0.08893124999999999	0.08750000000000001
-0.26459999999999995	0.09291774999999891	0.1008125	0.0846875
-0.2916000000000001	0.12430899999999934	0.10410156249999997	0.088046875
-0.2288	0.2203159999999995	0.09868281249999997	0.092421875
-0.2724	0.20073900000000044	0.10437656249999996	0.083828125
-0.22660000000000002	0.17182775000000028	0.09598281250000001	0.09601562500000001
-0.27080000000000004	0.21942100000000053	0.10702343749999998	0.07867187499999999
-0.24560000000000004	0.1092540000000004	0.09768906250000006	0.070234375
-0.2744	0.3541540000000003	0.11168750000000005	0.0940625
-0.2762	0.19970975000000024	0.09581093750000003	0.069921875
-0.2882	0.21137975000000075	0.10251406249999996	0.08054687499999999
-0.266	0.21352499999999974	0.0944046875	0.083984375
-0.27060000000000006	0.17184774999999952	0.10219687500000002	0.07859375
-0.24640000000000006	0.22279399999999905	0.10652500000000001	0.08156250000000001
-0.2368	0.10553599999999985	0.09060156249999998	0.087890625
-0.267	0.15769375000000085	0.09880312500000007	0.08578125
-0.23920000000000008	0.15514600000000023	0.0998859375	0.089296875
-0.23019999999999996	0.17854975000000062	0.09680624999999998	0.08109375
-0.24459999999999993	0.19581775000000068	0.10047031249999991	0.07867187499999999
-0.24780000000000002	0.12146975000000015	0.09723281250000002	0.078828125
-0.2752	0.11865600000000054	0.09852812499999997	0.08625000000000001
-0.2804	0.05059900000000006	0.11052031249999991	0.073828125
-0.2642	0.10923975000000041	0.10185156250000003	0.08117187499999999
-0.24939999999999996	0.14149775000000053	0.09260468749999999	0.073828125
-0.26859999999999995	0.22233775000000033	0.09769687499999999	0.08546875000000001
-0.2548	0.21448100000000014	0.09920468750000003	0.086640625
-0.2567999999999999	0.13183599999999984	0.09220000000000003	0.08656250000000001
-0.267	0.21919375000000052	0.1132953125	0.085859375
-0.244	0.08014999999999883	0.09722031249999996	0.087578125
-0.28200000000000003	0.24647499999999933	0.09672656249999997	0.087265625
-0.2772	0.16400099999999984	0.09672343749999995	0.083359375
-0.247	0.20519375000000073	0.10207812500000006	0.08828124999999999
-0.27	0.211125	0.09832656249999999	0.087734375
-0.22119999999999995	0.1149410000000004	0.092396875	0.08265625
-0.25540000000000007	0.2223177500000002	0.09764218750000002	0.076796875
-0.2328	0.189276	0.10004218749999993	0.081015625
-0.252	0.09810000000000052	0.09851562499999995	0.08656250000000001
-0.24619999999999997	0.2799097500000003	0.09558750000000005	0.08281250000000001
-0.28179999999999994	0.1739297500000001	0.10095156250000004	0.077734375
-0.22640000000000005	0.09589400000000037	0.0943328125	0.090546875
-0.2398	0.20584975000000005	0.09232968750000001	0.085390625
-0.27460000000000007	0.2134677499999995	0.11004687499999996	0.08578125
-0.24580000000000002	0.18163975	0.0965625	0.083125
-0.24660000000000004	0.22967774999999957	0.09751874999999999	0.0753125
-0.2794	0.09109775000000031	0.10078437500000001	0.0796875
-0.2992	0.2642459999999991	0.10556718749999996	0.07257812500000001
-0.24340000000000006	0.2949777499999997	0.10196874999999997	0.09375
-0.23819999999999997	0.11137975000000022	0.09744531250000002	0.09585937500000001
-0.25780000000000003	0.17311975000000057	0.09463906249999993	0.08054687499999999
-0.23659999999999992	0.1543777500000001	0.09545156250000003	0.088359375
-0.262	0.20197499999999913	0.10355468749999996	0.08054687499999999
-0.2802	0.20854975000000042	0.1058890625	0.086171875
-0.24459999999999993	0.21256775000000072	0.09009531250000001	0.077734375
-0.26239999999999997	0.14966400000000135	0.0969671875	0.080390625
-0.23040000000000005	0.18472399999999967	0.09517968750000003	0.086328125
-0.21420000000000006	0.1987397500000001	0.09717343749999995	0.093515625
-0.275	0.17984374999999986	0.09972968750000005	0.08445312499999999
-0.2582	0.2820797499999994	0.08875937499999999	0.08671875000000001
-0.31120000000000003	0.14971599999999974	0.10495937500000005	0.08828124999999999
-0.2764	0.18726900000000057	0.10592656249999992	0.080859375
-0.247	0.21394375000000077	0.09497187500000004	0.1021875
-0.274	0.12027500000000035	0.10481875000000002	0.09484375
-0.2348	0.14718100000000023	0.10586562499999999	0.08546875000000001
-0.2734	0.12157775000000015	0.10239375000000005	0.07921875
-0.26360000000000006	0.18071899999999985	0.10140625000000006	0.085625
-0.26280000000000003	0.12185099999999949	0.09327343750000003	0.090234375
-0.25259999999999994	0.15570775000000037	0.10057343749999995	0.08242187499999999
-0.26539999999999997	0.1642677500000005	0.09505312499999993	0.09265625
-0.26539999999999997	0.10301775000000024	0.0996921875	0.082890625
-0.27880000000000005	0.154941	0.10465468750000004	0.07992187499999999
-0.2704	0.11852399999999985	0.10098281250000002	0.08054687499999999
-0.26780000000000004	0.06901974999999894	0.0985828125	0.081015625
-0.278	0.20597499999999958	0.09319062500000005	0.08484375000000001
-0.2567999999999999	0.09633599999999998	0.09629531250000001	0.076796875
-0.26839999999999997	0.14225900000000014	0.10371562500000003	0.08
-0.30299999999999994	0.14469375000000007	0.10126250000000006	0.08109375
-0.24139999999999995	0.17378775000000068	0.103809375	0.08531250000000001
-0.27180000000000004	0.1177797500000004	0.09586406250000004	0.08367187499999999
-0.27060000000000006	0.16784774999999996	0.10106093749999998	0.083515625
-0.268	0.1861000000000006	0.09473281250000001	0.080390625
-0.2834	0.1775277500000012	0.09768281249999997	0.088359375
-0.28280000000000005	0.2114010000000004	0.09534999999999993	0.08046875
-0.2682	0.17567974999999958	0.10809843749999995	0.07929687499999999
-0.22640000000000005	0.13789400000000018	0.09580468749999996	0.086015625
-0.249	0.1799937499999995	0.10220781250000002	0.084140625
-0.29259999999999997	0.30340774999999987	0.10762187499999995	0.07906250000000001
-0.2538	0.20715974999999975	0.10389843749999994	0.07585937499999999
-0.25880000000000003	0.1313909999999998	0.10334687500000005	0.09156249999999999
-0.2662	0.1613597500000008	0.09167187500000001	0.08421875000000001
-0.28600000000000003	0.15877500000000033	0.09347500000000007	0.0778125
-0.24640000000000006	0.09254399999999974	0.09998437500000001	0.0784375
-0.2929999999999999	0.15419375000000013	0.09468437500000007	0.07296875
-0.2844	0.18247899999999895	0.10722499999999999	0.07796875
-0.2538	0.13615974999999914	0.104196875	0.07671875
-0.2754	0.1299677500000005	0.10947968750000005	0.085390625
-0.238	0.19522500000000065	0.10031406249999997	0.088359375
-0.2849999999999999	0.14659375000000008	0.10389374999999997	0.08765625
-0.22499999999999998	0.20334375000000016	0.09115624999999995	0.08546875000000001
-0.21199999999999997	0.16159999999999952	0.0974640625	0.08695312499999999
-0.2734	0.07757775000000056	0.09989999999999999	0.07468749999999999
-0.25880000000000003	0.2011409999999998	0.09531406250000005	0.084765625
-0.26159999999999994	0.22003400000000006	0.10597812499999998	0.08140625
-0.248	0.21384999999999987	0.09867343749999993	0.090234375
-0.24059999999999993	0.1791977500000006	0.10092187499999997	0.080625
-0.2702	0.2429497500000002	0.0987703125	0.08367187499999999
-0.29100000000000004	0.2267437499999998	0.10990937499999998	0.09328125
-0.25739999999999996	0.20215775000000047	0.1005015625	0.076953125
-0.257	0.1869437499999993	0.0947171875	0.08179687499999999
-0.26839999999999997	0.1440089999999996	0.10138125	0.084375
-0.273	0.1951937499999996	0.09585468749999997	0.087734375
-0.2876000000000001	0.14403899999999936	0.09797656249999996	0.090390625
-0.26980000000000004	0.2697997499999998	0.09639062499999992	0.089375
-0.264	0.15914999999999946	0.100096875	0.07593749999999999
-0.24640000000000006	0.11654399999999976	0.09934531250000006	0.080078125
-0.264	0.18464999999999954	0.10676562500000009	0.08453125
-0.265	0.2585937500000002	0.09541875000000002	0.08765625
-0.29000000000000004	0.1353749999999998	0.09808281250000003	0.082578125
-0.28700000000000003	0.22144374999999883	0.10114062499999998	0.07515625
-0.2702	0.19994975000000004	0.10319687499999997	0.08078125
-0.28579999999999994	0.2724897499999992	0.10125312499999999	0.08046875
-0.254	0.10402500000000003	0.08969531250000007	0.077265625
-0.22240000000000004	0.19211400000000012	0.08979374999999995	0.08640625
-0.274	0.14552500000000013	0.10026875000000005	0.075625
-0.246	0.22877500000000017	0.09409999999999993	0.08484375000000001
-0.2734	0.11832774999999973	0.09201093750000001	0.08570312499999999
-0.259	0.16124375000000057	0.08424062500000001	0.09343749999999999
-0.26180000000000003	0.1623797499999995	0.09265624999999997	0.07859375
-0.2722	0.1296697499999997	0.09190624999999995	0.07921875
-0.2298	0.1309497500000001	0.09916718750000002	0.08570312499999999
-0.2118	0.18437974999999973	0.09367968749999997	0.088671875
-0.2634000000000001	0.18787775000000018	0.10853749999999993	0.08656250000000001
-0.22599999999999998	0.15852500000000003	0.1017546875	0.089453125
-0.24960000000000004	0.10812399999999922	0.09290312499999995	0.08484375000000001
-0.2894	0.2255477499999996	0.09798437500000001	0.08390625
-0.25560000000000005	0.1549289999999992	0.09674531250000004	0.081015625
-0.2508	0.12737100000000012	0.10615156249999999	0.07523437499999999
-0.28059999999999996	0.12339774999999964	0.0986421875	0.082265625
-0.24139999999999995	0.1217877500000002	0.098046875	0.08281250000000001
-0.22599999999999998	0.19902500000000023	0.10514062499999996	0.08484375000000001
-0.27380000000000004	0.14720975000000003	0.10372343749999993	0.087890625
-0.2724	0.1294890000000004	0.1010125	0.0796875
-0.26	0.18625000000000025	0.10078906250000005	0.092421875
-0.2712	0.21131600000000006	0.09818437499999999	0.0778125
-0.2338	0.12335974999999966	0.09888906250000003	0.076484375
-0.26680000000000004	0.15511099999999978	0.09332499999999996	0.09234375
-0.22919999999999996	0.1809210000000001	0.09757343749999994	0.087421875
-0.29080000000000006	0.1459709999999994	0.11167343750000008	0.072109375
-0.2782	0.19752974999999928	0.10274218749999992	0.088671875
-0.23659999999999992	0.09287775000000043	0.10179218749999999	0.076484375
-0.28	0.2400000000000002	0.10167656250000007	0.07585937499999999
-0.24839999999999995	0.15110900000000038	0.11297031250000003	0.07929687499999999
-0.22839999999999994	0.1722090000000005	0.10531562500000004	0.08578125
-0.24660000000000004	0.20617774999999927	0.09275312499999995	0.08375
-0.25239999999999996	0.1715889999999991	0.10274687500000003	0.08125
-0.2692	0.17782099999999978	0.10056093749999999	0.082890625
-0.28479999999999994	0.2778060000000009	0.09568125000000004	0.079375
-0.23219999999999996	0.19126975000000046	0.08521562500000002	0.0859375
-0.28380000000000005	0.24835974999999877	0.09708281250000002	0.097421875
-0.2532	0.14556099999999983	0.08742500000000009	0.085
-0.245	0.33734375000000005	0.10523750000000001	0.07765625
-0.2944	0.18880400000000108	0.09708281249999998	0.07992187499999999
-0.23659999999999992	0.13987775000000058	0.09736875000000003	0.08328125
-0.26639999999999997	0.08119400000000088	0.10220624999999994	0.08031250000000001
-0.2662	0.20085975000000023	0.09838906250000004	0.079609375
-0.25060000000000004	0.14124774999999934	0.09738281250000003	0.089765625
-0.23639999999999994	0.15121899999999977	0.09724687500000001	0.07953125
-0.27160000000000006	0.22870899999999939	0.09748437500000003	0.08625000000000001
-0.3093999999999999	0.28069775000000075	0.0992046875	0.08882812500000001
-0.23860000000000003	0.23518775000000014	0.09405937500000006	0.09015625
-0.24459999999999993	0.1490677500000004	0.0930359375	0.091171875
-0.26280000000000003	0.13235099999999989	0.10529999999999994	0.08203125
-0.241	0.19674374999999955	0.09705000000000008	0.08625000000000001
-0.26	0.12849999999999984	0.0950484375	0.075390625
-0.2962	0.15865975000000088	0.11807343749999996	0.091015625
-0.2724	0.134239	0.08644218750000005	0.087734375
-0.26	0.2472500000000002	0.10055937500000003	0.07796875
-0.2724	0.15173900000000007	0.10101093749999994	0.086015625
-0.26879999999999993	0.172416000000001	0.09925468750000001	0.08054687499999999
-0.25839999999999996	0.14118399999999998	0.09165312500000003	0.079375
-0.2724	0.1834889999999998	0.101490625	0.0871875
-0.24760000000000004	0.10308900000000065	0.09091250000000001	0.0809375
-0.2794	0.1635977500000001	0.09090625000000006	0.07890625
-0.2892	0.1752710000000004	0.09935937499999994	0.09046874999999999
-0.255	0.13584374999999937	0.09587656249999994	0.089140625
-0.24280000000000002	0.06205099999999941	0.10488125000000006	0.08078125
-0.274	0.18527499999999986	0.10176562499999997	0.0753125
-0.2634000000000001	0.17987775000000017	0.09992499999999999	0.08375
-0.2308	0.1888209999999999	0.10353281249999997	0.095546875
-0.2784	0.11833400000000083	0.09904062499999998	0.08109375
-0.1976	0.06746399999999975	0.08732343749999996	0.078046875
-0.23140000000000005	0.13283774999999975	0.10095156250000001	0.09523437500000001
-0.28600000000000003	0.09652499999999975	0.10597343750000005	0.085234375
-0.24780000000000002	0.20221975000000025	0.0920359375	0.080390625
-0.23160000000000003	0.12725900000000046	0.10179218749999999	0.080390625
-0.2592	0.12859600000000082	0.09493593749999994	0.08054687499999999
-0.26	0.16375000000000028	0.10039531249999997	0.082265625
-0.24839999999999995	0.1876089999999997	0.08725312499999997	0.08859375
-0.2874	0.23975775000000077	0.09328281249999995	0.086015625
-0.25039999999999996	0.0976240000000006	0.0953156249999999	0.0821875
-0.2652	0.3064309999999999	0.09928281249999998	0.082578125
-0.2712	0.18706600000000062	0.09675625	0.08421875000000001
-0.23540000000000005	0.18616775000000052	0.09705312499999993	0.090625
-0.2642	0.19698975000000019	0.10104687500000005	0.07796875
-0.25339999999999996	0.12242775000000083	0.10501562499999999	0.09015625
-0.23060000000000003	0.15939774999999967	0.0887375	0.08921874999999999
-0.26559999999999995	0.150354000000001	0.09704687500000007	0.083125
-0.24240000000000006	0.2027640000000006	0.10109218750000001	0.081328125
-0.22899999999999998	0.10549375000000039	0.08944374999999993	0.079375
-0.26260000000000006	0.18475774999999928	0.08717343750000002	0.083359375
-0.23760000000000003	0.1269139999999993	0.10067500000000001	0.08453125
-0.23940000000000006	0.11979775000000004	0.093328125	0.07359375
-0.2764	0.2245189999999999	0.10686249999999997	0.08781250000000002
-0.23760000000000003	0.17991399999999924	0.10072968749999986	0.085234375
-0.2592	0.2220960000000014	0.09313124999999997	0.0784375
-0.23299999999999998	0.14444374999999976	0.09606250000000005	0.07921875
-0.271	0.18949375000000046	0.0946421875	0.07945312499999999
-0.24580000000000002	0.15013974999999968	0.09361406250000007	0.084609375
-0.24360000000000004	0.21411900000000061	0.09666562500000007	0.08640625
-0.28179999999999994	0.2596797500000001	0.10129999999999995	0.091875
-0.2742	0.18958974999999967	0.10014531249999997	0.085546875
-0.24019999999999997	0.16814975	0.09695000000000006	0.07921875
-0.3188000000000001	0.2702909999999994	0.09882187499999998	0.0778125
-0.2642	0.2047397499999999	0.09701562499999997	0.080625
-0.253	0.1476937499999993	0.09462968750000002	0.082265625
-0.29080000000000006	0.18672099999999947	0.11729062500000001	0.08125
-0.26239999999999997	0.1896640000000014	0.09756406249999999	0.087578125
-0.23719999999999997	0.1793509999999996	0.09406875000000003	0.084375
-0.25739999999999996	0.15815774999999999	0.10407187499999998	0.0821875
-0.2582	0.13407974999999972	0.09631093750000005	0.08695312499999999
-0.25839999999999996	0.21043400000000023	0.10722812500000004	0.088125
-0.2527999999999999	0.11957600000000035	0.09526562499999994	0.08531250000000001
-0.2512	0.13886600000000016	0.09911718750000004	0.088515625
-0.27160000000000006	0.10770899999999894	0.10384218749999999	0.077265625
-0.2682	0.20692974999999958	0.10057187500000003	0.084375
-0.2916000000000001	0.2245589999999993	0.097846875	0.08609375000000001
-0.21820000000000006	0.18117974999999964	0.08455000000000004	0.08953124999999999
-0.2694	0.21589775000000078	0.10053593749999999	0.089765625
-0.23619999999999997	0.1540597499999996	0.10886093749999998	0.08195312499999999
-0.256	0.1896500000000012	0.1032078125	0.07914062499999999
-0.25639999999999996	0.24286899999999978	0.09756406249999997	0.08195312499999999
-0.264	0.24139999999999961	0.09054062499999994	0.093125
-0.2782	0.07802974999999979	0.10311718750000007	0.081328125
-0.22140000000000004	0.1628877499999999	0.09507187499999997	0.081875
-0.23399999999999999	0.17477500000000035	0.11146562500000003	0.08765625
-0.2378	0.21731975000000014	0.10535156250000006	0.082734375
-0.24960000000000004	0.22812399999999933	0.0957609375	0.070703125
-0.2538	0.14940974999999934	0.10343593750000005	0.07976562499999999
-0.25659999999999994	0.1402277500000011	0.09949374999999995	0.0834375
-0.266	0.18002499999999966	0.09172812500000002	0.089375
-0.30820000000000003	0.19157974999999894	0.10409218749999997	0.084296875
-0.2742	0.2423397500000002	0.10419375000000003	0.085625
-0.26239999999999997	0.13841400000000093	0.09991874999999997	0.07734375
-0.26180000000000003	0.12037974999999967	0.10385781249999994	0.08195312499999999
-0.241	0.06524375000000004	0.09992968750000002	0.087421875
-0.24439999999999995	0.18417900000000076	0.09557968750000004	0.07976562499999999
-0.2844	0.2642289999999985	0.10127343750000001	0.07585937499999999
-0.24519999999999997	0.23448100000000016	0.09541249999999986	0.08656250000000001
-0.24519999999999997	0.1569809999999996	0.11088593750000003	0.086796875
-0.23319999999999996	0.18611099999999947	0.09994531250000002	0.081015625
-0.2647999999999999	0.13875599999999988	0.09762187500000002	0.09671874999999999
-0.25880000000000003	0.15839099999999995	0.09907968749999999	0.083828125
-0.28	0.08624999999999972	0.100778125	0.0740625
-0.2764	0.27001900000000045	0.09549687500000001	0.07765625
-0.25739999999999996	0.1194077499999997	0.09902500000000004	0.09078125
-0.29600000000000004	0.19214999999999982	0.09619843750000004	0.08320312499999999
-0.278	0.2669749999999995	0.09619687499999999	0.08109375
-0.26859999999999995	0.0990877500000007	0.09724687500000001	0.09234375
-0.26239999999999997	0.2599140000000011	0.09982343749999997	0.071171875
-0.2824	0.1393140000000006	0.10194687500000003	0.08515625
-0.25560000000000005	0.2044289999999993	0.09527968749999999	0.091015625
-0.28300000000000003	0.20894374999999954	0.10636562499999988	0.07484375
-0.2548	0.18048100000000034	0.09877343750000006	0.091171875
-0.2328	0.09927600000000014	0.08611562500000008	0.08484375000000001
-0.28159999999999996	0.17238400000000098	0.10545625000000008	0.08234375000000001
-0.25239999999999996	0.16758899999999954	0.09113124999999993	0.0821875
-0.24680000000000002	0.2123109999999997	0.10732031250000001	0.091953125
-0.26580000000000004	0.17618974999999892	0.09748125000000005	0.078125
-0.21199999999999997	0.2040999999999995	0.09878593750000003	0.084609375
-0.27960000000000007	0.22239900000000024	0.1096703125	0.070234375
-0.27380000000000004	0.15220974999999992	0.10541875000000012	0.0796875
-0.2647999999999999	0.08950600000000009	0.09662031249999997	0.084609375
-0.2662	0.1716097500000009	0.097275	0.08890624999999999
-0.2338	0.26360974999999964	0.10079843750000009	0.08695312499999999
-0.27580000000000005	0.17708975000000038	0.10145312500000005	0.07984375
-0.25439999999999996	0.07825400000000027	0.10070468750000008	0.075703125
-0.22859999999999991	0.14013775000000006	0.09358593749999991	0.084921875
-0.2582	0.15382974999999988	0.0955140625	0.092421875
-0.22019999999999995	0.17469974999999982	0.09617343749999999	0.091015625
-0.28	0.17149999999999999	0.09238437499999999	0.08375
-0.2692	0.22157099999999996	0.1101875	0.0765625
-0.23860000000000003	0.1426877499999999	0.1051062500000001	0.08734375000000001
-0.2582	0.23082974999999983	0.09842343750000004	0.088203125
-0.25060000000000004	0.23499774999999934	0.0974937499999999	0.07828125
-0.26	0.17375000000000007	0.09554062499999996	0.09265625
-0.2934	0.14397774999999946	0.10898749999999988	0.06875
-0.22740000000000005	0.17805774999999935	0.094228125	0.08531250000000001
-0.23819999999999997	0.17137974999999983	0.09849843749999998	0.07929687499999999
-0.2662	0.20660975000000104	0.10440156249999999	0.078046875
-0.2594000000000001	0.1824477499999997	0.10326249999999998	0.08703125
-0.2932	0.17071099999999984	0.10854062500000003	0.08984375
-0.2527999999999999	0.18657600000000052	0.0938203125	0.085859375
-0.30479999999999996	0.16960599999999992	0.0914140625	0.071484375
-0.24139999999999995	0.2107877500000006	0.09860156249999996	0.09257812500000001
-0.2607999999999999	0.19789600000000007	0.10353124999999994	0.07765625
-0.27	0.14712499999999995	0.09577656249999995	0.076328125
-0.2328	0.17952600000000007	0.10061562499999997	0.081875
-0.26980000000000004	0.2130497499999997	0.10664687500000002	0.08546875000000001
-0.2672	0.13527600000000017	0.09651718750000002	0.082265625
-0.23960000000000004	0.16144900000000018	0.09585781250000003	0.085859375
-0.254	0.243525	0.09042343750000005	0.084296875
-0.2612	0.13459099999999946	0.09883750000000005	0.08156250000000001
-0.2794	0.09034775000000028	0.1037828125000001	0.083828125
-0.271	0.03899375000000038	0.09766875000000007	0.08656250000000001
-0.275	0.10009375000000009	0.109034375	0.07578125
-0.26839999999999997	0.17625899999999994	0.09327500000000007	0.078125
-0.2388	0.12784100000000054	0.09485468750000006	0.083828125
-0.272	0.19310000000000116	0.0953484375	0.085078125
-0.2674000000000001	0.1818577500000007	0.09855468749999999	0.089609375
-0.269	0.18874374999999954	0.10145781250000004	0.084921875
-0.26380000000000003	0.11030975000000076	0.09832031250000006	0.088359375
-0.24139999999999995	0.18028775000000063	0.09786406250000004	0.076796875
-0.23659999999999992	0.1936277500000001	0.09542343750000004	0.091953125
-0.24019999999999997	0.24489974999999964	0.10179843750000002	0.083359375
-0.28400000000000003	0.17790000000000017	0.1123265625	0.083828125
-0.264	0.19289999999999985	0.09875312499999997	0.08609375000000001
-0.24839999999999995	0.10435900000000009	0.09851718749999992	0.090859375
-0.2836000000000001	0.20831899999999948	0.10511250000000004	0.08234375000000001
-0.26159999999999994	0.18078400000000006	0.0915203124999999	0.085234375
-0.24360000000000004	0.1851189999999998	0.10296562500000005	0.08531250000000001
-0.22799999999999998	0.16209999999999924	0.096753125	0.08234375000000001
-0.24	0.1552500000000001	0.09264218749999999	0.074140625
-0.2702	0.18419975000000033	0.10026718750000002	0.088984375
-0.21699999999999997	0.10794375	0.09103437499999997	0.080625
-0.1761999999999999	0.11695975000000036	0.09110625000000003	0.08265625
-0.2956000000000001	0.16162900000000047	0.09964218750000003	0.07992187499999999
-0.2538	0.20965974999999926	0.10293281249999997	0.082109375
-0.28479999999999994	0.13980600000000099	0.10848437500000005	0.083125
-0.25339999999999996	0.12992775000000023	0.0979765625	0.083984375
-0.254	0.2462749999999998	0.09741093749999993	0.081640625
-0.22919999999999996	0.17567100000000035	0.10182499999999989	0.090625
-0.2876000000000001	0.1632889999999989	0.1090265625	0.078828125
-0.23639999999999994	0.19021899999999947	0.08744218750000003	0.087421875
-0.31020000000000003	0.29509974999999944	0.10922343749999999	0.07585937499999999
-0.2634000000000001	0.19487774999999985	0.10702187500000002	0.08578125
-0.25659999999999994	0.2829777500000006	0.08802812500000003	0.08609375000000001
-0.28479999999999994	0.18230600000000052	0.10212968750000001	0.076328125
-0.24139999999999995	0.23453775000000032	0.1000953124999999	0.086171875
-0.21960000000000002	0.16709900000000033	0.09450625000000001	0.08484375000000001
-0.24519999999999997	0.10623099999999974	0.10397499999999993	0.08968749999999999
-0.2712	0.14531600000000022	0.10129218749999995	0.084609375
-0.23060000000000003	0.22564774999999937	0.09722187499999999	0.08296875000000001
-0.25039999999999996	0.20887400000000067	0.09129218750000004	0.089296875
-0.24760000000000004	0.16508900000000004	0.0991875000000001	0.08703125
-0.24760000000000004	0.14133900000000033	0.10582499999999997	0.07625
-0.275	0.10934374999999985	0.09430624999999998	0.09328125
-0.2692	0.20482099999999992	0.09973281249999999	0.088046875
-0.2622	0.11481975000000055	0.09301406249999998	0.077578125
-0.2378	0.15981975000000004	0.10148593749999996	0.08242187499999999
-0.24320000000000008	0.21083600000000002	0.09976406249999997	0.077578125
-0.24580000000000002	0.2523897499999994	0.10392968749999998	0.086640625
-0.24	0.129	0.10125625000000008	0.08109375
-0.2942	0.21778974999999967	0.09123125000000003	0.09281249999999999
-0.2812	0.22229099999999935	0.10064843750000006	0.088515625
-0.2769999999999999	0.12794375000000002	0.09761093750000005	0.08195312499999999
-0.23639999999999994	0.19696899999999973	0.10152187499999993	0.07671875
-0.27359999999999995	0.22989399999999982	0.10545937499999994	0.089375
-0.28600000000000003	0.17152499999999993	0.09590312499999998	0.08109375
-0.25540000000000007	0.2430677499999998	0.10436875000000001	0.08140625
-0.25659999999999994	0.1874777500000011	0.10731250000000003	0.08421875000000001
-0.29679999999999995	0.17243599999999937	0.10636718750000002	0.088359375
-0.2527999999999999	0.10482600000000097	0.10422656250000002	0.080078125
-0.2398	0.19884975000000038	0.09738437499999997	0.08671875000000001
-0.26059999999999994	0.14054775000000053	0.0997140625	0.093671875
-0.22039999999999993	0.22889900000000019	0.0935234375	0.07976562499999999
-0.3215999999999999	0.2823340000000014	0.10668281249999992	0.08054687499999999
-0.25259999999999994	0.14970775000000014	0.09951093750000001	0.07820312499999998
-0.25160000000000005	0.16660900000000023	0.10357031250000005	0.090703125
-0.23019999999999996	0.08129975000000034	0.09982187499999998	0.0825
-0.3046	0.13886775000000107	0.09736250000000002	0.0834375
-0.25140000000000007	0.16798775000000044	0.09493593750000003	0.077421875
-0.26680000000000004	0.25061100000000014	0.10440625	0.08531250000000001
-0.2954	0.26586774999999996	0.10162343749999997	0.078984375
-0.2268	0.15051099999999984	0.09907187499999998	0.0809375
-0.28179999999999994	0.24467975000000042	0.09557656250000002	0.086640625
-0.2772	0.18325100000000027	0.10784999999999995	0.08640625
-0.246	0.2160249999999997	0.10127812500000007	0.08109375
-0.26780000000000004	0.17451974999999909	0.09371093750000002	0.076796875
-0.2582	0.14232975000000003	0.09909687499999997	0.07859375
-0.27380000000000004	0.2509597499999998	0.10168124999999997	0.07828125
-0.238	0.17197500000000066	0.09507187499999997	0.09015625
-0.26839999999999997	0.09825899999999965	0.09891562500000008	0.07671875
-0.28200000000000003	0.2614749999999999	0.10599999999999996	0.07875
-0.25960000000000005	0.21154900000000065	0.09460624999999999	0.08203125
-0.2724	0.11473900000000015	0.10097812499999995	0.08546875000000001
-0.26180000000000003	0.23112974999999913	0.09907031250000006	0.086484375
-0.28780000000000006	0.19581975000000007	0.10964062500000002	0.08156250000000001
-0.24519999999999997	0.28123099999999956	0.08793281249999998	0.087578125
-0.26680000000000004	0.15486100000000036	0.09550781250000002	0.087109375
-0.24160000000000004	0.14468399999999937	0.091803125	0.08328125
-0.262	0.21272499999999894	0.08832656249999994	0.088984375
-0.24859999999999993	0.08423774999999933	0.09815312500000001	0.07671875
-0.25160000000000005	0.16210900000000006	0.10452968750000005	0.080078125
-0.24019999999999997	0.13339974999999926	0.09851562500000002	0.09109375
-0.24980000000000002	0.17999974999999946	0.09899531249999999	0.07976562499999999
-0.2892	0.23202100000000048	0.09240156250000006	0.076171875
-0.2924	0.16388900000000017	0.09727968750000002	0.084296875
-0.2632	0.29028600000000004	0.10448125000000008	0.09281249999999999
-0.26580000000000004	0.12118974999999921	0.10804062500000006	0.08390625
-0.2724	0.11673899999999993	0.09395937500000001	0.08421875000000001
-0.273	0.22094375	0.09819218749999996	0.07304687500000001
-0.262	0.19472499999999915	0.09474062500000005	0.084375
-0.273	0.12619374999999966	0.10217343749999998	0.082578125
-0.26980000000000004	0.07829974999999934	0.09703750000000003	0.07421875
-0.25639999999999996	0.09861899999999935	0.08647500000000007	0.089375
-0.2148	0.15188099999999993	0.09436875000000008	0.06953125
-0.255	0.23934374999999974	0.09774843750000003	0.09507812500000001
-0.22499999999999998	0.1785937500000001	0.08582656249999997	0.076796875
-0.2527999999999999	0.07957600000000031	0.09854531250000004	0.07585937499999999
-0.25839999999999996	0.21868399999999966	0.10395781250000005	0.088984375
-0.276	0.15065000000000062	0.10478593749999994	0.07398437499999999
-0.24859999999999993	0.2217377499999995	0.09620000000000002	0.0846875
-0.24680000000000002	0.2153109999999998	0.09479062500000007	0.09109375
-0.243	0.1361937499999999	0.09254843749999998	0.085078125
-0.2892	0.2115210000000003	0.09436249999999999	0.08078125
-0.24740000000000006	0.1899577499999996	0.09743124999999994	0.08078125
-0.23560000000000003	0.08782900000000016	0.10448593749999996	0.090390625
-0.29200000000000004	0.10034999999999972	0.10335781249999998	0.082734375
-0.2894	0.21029774999999962	0.09768281249999994	0.092265625
-0.28959999999999997	0.2035739999999997	0.09959062499999993	0.08078125
-0.25960000000000005	0.14254899999999981	0.10530781250000004	0.07320312500000001
-0.27279999999999993	0.23262599999999978	0.09906718749999996	0.081484375
-0.3006	0.12824774999999988	0.1096015625	0.08882812500000001
-0.25980000000000003	0.18089975000000003	0.10598750000000001	0.08421875000000001
-0.24160000000000004	0.11743399999999982	0.09879687499999996	0.085
-0.22519999999999996	0.21403100000000075	0.08868906249999997	0.08304687499999999
-0.31899999999999995	0.2374937500000005	0.10145937499999992	0.08078125
-0.245	0.16109375000000048	0.10678593750000007	0.08179687499999999
-0.29059999999999997	0.27344775000000077	0.10433906249999993	0.087890625
-0.21699999999999997	0.09469375000000024	0.09167968750000005	0.09335937500000001
-0.27359999999999995	0.12889399999999984	0.10360625000000001	0.08843749999999999
-0.2882	0.08087975000000114	0.10419375000000002	0.08406250000000001
-0.26580000000000004	0.11468974999999926	0.10187968750000001	0.085859375
-0.2156	0.09822900000000079	0.09532968749999998	0.092421875
-0.28479999999999994	0.19555600000000073	0.10513125000000009	0.07828125
-0.2884	0.10790899999999937	0.09982343750000003	0.07851562499999999
-0.261	0.16324375000000035	0.10290781249999995	0.076640625
-0.2844	0.1704789999999985	0.10162812499999999	0.095
-0.26059999999999994	0.15954775000000065	0.10137812499999997	0.08640625
-0.28059999999999996	0.15464774999999964	0.09855156249999997	0.083515625
-0.258	0.24272500000000008	0.10189218749999997	0.083828125
-0.239	0.12324374999999987	0.10375625000000005	0.08406250000000001
-0.25980000000000003	0.1383997500000005	0.10354531249999993	0.082109375
-0.2138	0.18230974999999994	0.09349062500000002	0.085
-0.24260000000000004	0.13590774999999944	0.09368281250000005	0.08070312499999999
-0.26680000000000004	0.2286109999999999	0.10488906250000003	0.080078125
-0.26159999999999994	0.10428399999999982	0.10141250000000003	0.0821875
-0.21040000000000003	0.1580740000000005	0.09605156250000005	0.089609375
-0.23739999999999994	0.15600775000000056	0.0995078124999999	0.086796875
-0.23540000000000005	0.10466775000000039	0.09986874999999999	0.0784375
-0.25540000000000007	0.15231774999999992	0.09259843750000006	0.082578125
-0.26039999999999996	0.20444900000000032	0.10151093750000001	0.089453125
-0.28259999999999996	0.15910774999999955	0.09194375000000005	0.0796875
-0.2692	0.15857100000000024	0.09788281250000001	0.087265625
-0.25780000000000003	0.15361975000000072	0.09605156250000008	0.08320312499999999
-0.24119999999999997	0.1563910000000006	0.09837968750000006	0.09273437500000001
-0.2607999999999999	0.22139599999999948	0.1023140625	0.085390625
-0.2208	0.10804599999999986	0.09735624999999998	0.08265625
-0.25659999999999994	0.16822775000000068	0.09233750000000003	0.08984375
-0.24419999999999997	0.1655397500000002	0.09482343750000002	0.08117187499999999
-0.22499999999999998	0.14884375000000016	0.09455468750000001	0.09210937500000001
-0.23659999999999992	0.21162775000000078	0.0902375	0.0940625
-0.2712	0.2988160000000004	0.116946875	0.08046875
-0.2208	0.17554599999999976	0.09811093749999997	0.082109375
-0.26959999999999995	0.11522400000000044	0.09602187500000002	0.0796875
-0.2722	0.0934197499999998	0.09396718749999994	0.078828125
-0.244	0.13989999999999903	0.0951078125	0.080390625
-0.28059999999999996	0.16989774999999963	0.091196875	0.079375
-0.24380000000000002	0.12550975000000042	0.1018484375	0.084296875
-0.2702	0.09719975000000058	0.10434843750000007	0.093046875
-0.258	0.13547499999999957	0.10739062500000006	0.0871875
-0.2634000000000001	0.19437775000000013	0.09626562499999997	0.085
-0.24660000000000004	0.07917774999999949	0.10441718749999994	0.077578125
-0.2594000000000001	0.18394774999999974	0.09507187500000003	0.07671875
-0.26660000000000006	0.17002774999999914	0.10212656249999996	0.081484375
-0.2512	0.17586600000000008	0.09170468749999999	0.08367187499999999
-0.25039999999999996	0.1573739999999999	0.10525468750000001	0.087109375
-0.3337999999999999	0.18285975000000132	0.10411249999999994	0.0740625
-0.28159999999999996	0.10388400000000075	0.10772187500000005	0.07765625
-0.243	0.22469375000000058	0.1046625	0.08406250000000001
-0.24740000000000006	0.16245774999999973	0.10260156249999994	0.090703125
-0.25439999999999996	0.2040040000000003	0.10082656249999991	0.08242187499999999
-0.24039999999999995	0.19779900000000028	0.09133281249999999	0.083828125
-0.25780000000000003	0.14836975000000052	0.09709531249999995	0.081484375
-0.23819999999999997	0.1811297500000002	0.10523750000000003	0.083125
-0.20700000000000007	0.11894374999999968	0.09399218750000002	0.090390625
-0.258	0.18922499999999953	0.09529218750000001	0.09335937500000001
-0.2822	0.19076975000000118	0.10847499999999993	0.088125
-0.27679999999999993	0.1491359999999995	0.10308593750000009	0.075390625
-0.2472000000000001	0.14207599999999854	0.09821718750000005	0.08242187499999999
-0.2904	0.16167399999999965	0.09740156249999996	0.07867187499999999
-0.2902	0.19139974999999954	0.09439062499999992	0.085625
-0.26959999999999995	0.0934740000000005	0.10603281249999999	0.072421875
-0.26459999999999995	0.12541774999999955	0.09234531250000003	0.080390625
-0.25880000000000003	0.11489100000000008	0.09616562500000006	0.07609375
-0.26039999999999996	0.17219900000000088	0.09703281249999998	0.085546875
-0.2762	0.15770975000000043	0.11353437500000008	0.07953125
-0.3036	0.10766900000000046	0.10703281250000002	0.08367187499999999
-0.2592	0.19984600000000086	0.10042500000000001	0.07953125
-0.278	0.13997499999999974	0.09592499999999998	0.084375
-0.2734	0.24307775000000031	0.09743593750000008	0.076640625
-0.2582	0.22032974999999944	0.1046953125	0.084765625
-0.23040000000000005	0.09297399999999989	0.0887296875	0.086015625
-0.268	0.16710000000000047	0.10388281250000002	0.085234375
-0.24439999999999995	0.23317900000000025	0.10265312499999993	0.08671875000000001
-0.24819999999999998	0.1664797500000006	0.0995453125	0.078046875
-0.258	0.1312249999999997	0.10280000000000003	0.08406250000000001
-0.23520000000000008	0.17350600000000016	0.09508749999999999	0.08625000000000001
-0.29000000000000004	0.19162500000000016	0.09859843749999997	0.080078125
-0.2308	0.1848209999999999	0.08449375000000006	0.08375
-0.26139999999999997	0.1596877499999998	0.10166406249999997	0.086484375
-0.29679999999999995	0.10868599999999962	0.10270000000000004	0.08015625
-0.24459999999999993	0.14281775000000074	0.09970625000000002	0.08875
-0.27	0.14162500000000033	0.09791718750000003	0.091015625
-0.23299999999999998	0.1289437499999999	0.10543124999999995	0.0784375
-0.26	0.0860000000000003	0.1015171875	0.082890625
-0.2956000000000001	0.17387900000000034	0.09908593749999998	0.082890625
-0.25259999999999994	0.15595775000000067	0.09983281249999998	0.07945312499999999
-0.28680000000000005	0.2501609999999994	0.098121875	0.08281250000000001
-0.26280000000000003	0.07760099999999959	0.09636874999999998	0.08046875
-0.25839999999999996	0.1546839999999996	0.094128125	0.09421874999999999
-0.24819999999999998	0.1404797499999999	0.09773281250000002	0.081015625
-0.2602	0.2265997500000001	0.09792343750000002	0.09132812500000001
-0.27859999999999996	0.14213775000000073	0.09104843749999998	0.080078125
-0.2802	0.13304975000000052	0.08239218750000003	0.08695312499999999
-0.267	0.14494375000000037	0.10170156249999997	0.08304687499999999
-0.2538	0.18315974999999973	0.10788593749999995	0.086328125
-0.24240000000000006	0.15251400000000048	0.09961250000000002	0.08750000000000001
-0.28680000000000005	0.12066099999999924	0.10252343749999995	0.090703125
-0.31479999999999997	0.14638099999999987	0.10110468750000001	0.073828125
-0.2924	0.13788900000000037	0.10148125000000006	0.07468749999999999
-0.242	0.16222500000000029	0.09597500000000003	0.0765625
-0.26879999999999993	0.16266600000000064	0.10853593750000003	0.07992187499999999
-0.245	0.1408437500000006	0.09746406250000006	0.081484375
-0.21520000000000006	0.1643059999999994	0.09088593750000006	0.082890625
-0.26680000000000004	0.24336100000000016	0.09382968750000006	0.084921875
-0.24560000000000004	0.2650039999999998	0.09119687499999998	0.08671875000000001
-0.24539999999999995	0.0623677499999995	0.09652343749999998	0.07914062499999999
-0.27960000000000007	0.23864899999999967	0.09498749999999999	0.08281250000000001
-0.255	0.11859374999999961	0.09742656249999998	0.086484375
-0.24919999999999998	0.17437099999999983	0.09338281249999997	0.090234375
-0.26839999999999997	0.13675899999999963	0.09327968749999999	0.07914062499999999
-0.2328	0.19102600000000036	0.08682812499999998	0.08484375000000001
-0.28680000000000005	0.3069109999999995	0.0905265625	0.081484375
-0.2567999999999999	0.19958600000000004	0.10383750000000003	0.083125
-0.2782	0.2085297499999994	0.0976703125	0.082734375
-0.2844	0.15897899999999865	0.09742499999999998	0.08546875000000001
-0.26159999999999994	0.14453400000000016	0.10233281250000002	0.082734375
-0.27060000000000006	0.18359774999999967	0.09514062499999992	0.0796875
-0.2552	0.07345600000000108	0.10327812500000003	0.07828125
-0.2562	0.18775974999999967	0.098359375	0.08781250000000002
-0.269	0.21574374999999968	0.09234218749999998	0.08320312499999999
-0.26239999999999997	0.16216400000000064	0.10011562499999999	0.08078125
-0.27480000000000004	0.1847809999999992	0.10708281249999996	0.07976562499999999
-0.28280000000000005	0.19265100000000057	0.11079218750000008	0.08117187499999999
-0.26660000000000006	0.1870277499999995	0.10149531250000007	0.082578125
-0.23540000000000005	0.11141775000000065	0.09442343750000001	0.086328125
-0.31199999999999994	0.11510000000000087	0.10800625	0.0809375
-0.25359999999999994	0.17829400000000106	0.09490937499999999	0.08296875000000001
-0.25739999999999996	0.20890774999999984	0.09205468750000001	0.085859375
-0.265	0.23984375000000036	0.09809374999999998	0.08109375
-0.3054	0.18581775	0.10158749999999997	0.08828124999999999
-0.25039999999999996	0.1726239999999999	0.09993593749999997	0.086328125
-0.258	0.11697500000000005	0.10016874999999995	0.07625
-0.26180000000000003	0.2588797499999993	0.09677812500000002	0.07921875
-0.24	0.15024999999999933	0.09183281250000003	0.093203125
-0.276	0.2669000000000006	0.10290625000000009	0.076875
-0.2924	0.1388890000000007	0.101903125	0.08109375
-0.2512	0.22511599999999987	0.0921359375	0.073671875
-0.26360000000000006	0.1742189999999999	0.09902187500000001	0.0825
-0.3022	0.18646974999999966	0.09979999999999997	0.08078125
-0.29580000000000006	0.1253897499999992	0.09923750000000003	0.0728125
-0.28579999999999994	0.2514897499999993	0.09642656250000001	0.084609375
-0.30800000000000005	0.11610000000000031	0.09733437500000004	0.07453125
-0.2702	0.12744975000000025	0.09812812499999998	0.07593749999999999
-0.22519999999999996	0.11178100000000057	0.09100937499999999	0.085
-0.2872	0.17622599999999977	0.1090749999999999	0.07953125
-0.2116	0.21915900000000033	0.08648593749999997	0.091953125
-0.24	0.1422500000000002	0.103634375	0.08687500000000001
-0.26360000000000006	0.09796899999999997	0.102434375	0.08703125
-0.30800000000000005	0.11509999999999998	0.10385625000000007	0.08875
-0.2682	0.14017974999999971	0.08482031250000001	0.089921875
-0.30700000000000005	0.23769375000000004	0.10625000000000007	0.07609375
-0.2652	0.19993099999999941	0.08806406249999998	0.077578125
-0.2704	0.11902399999999957	0.09620781249999999	0.084765625
-0.24580000000000002	0.18838974999999936	0.09099374999999997	0.0959375
-0.2572	0.20130099999999995	0.09660468749999998	0.082578125
-0.26580000000000004	0.16668974999999886	0.09394375000000002	0.0784375
-0.21239999999999992	0.11503900000000078	0.09214687499999999	0.10109375000000001
-0.28879999999999995	0.18596600000000052	0.0878671875	0.087421875
-0.26760000000000006	0.15643899999999977	0.10668437499999993	0.0809375
