-0.3324999999999999	0.2421249999999997	0.1324738175675675	0.08499999999999999
-0.35695	0.2754077499999994	0.12478061655405412	0.0865625
-0.30909999999999993	0.2149409999999996	0.1168359375000001	0.09010416666666667
-0.349	0.22710000000000008	0.1289556587837838	0.09395833333333334
-0.3447999999999999	0.3053939999999997	0.13344362331081083	0.09531250000000001
-0.3627999999999999	0.31712399999999974	0.12491870777027037	0.0871875
-0.3478	0.4662240000000004	0.12710536317567567	0.09677083333333335
-0.33624999999999994	0.37509374999999956	0.12593982263513515	0.0896875
-0.31120000000000003	0.41288399999999825	0.128366554054054	0.09458333333333334
-0.3344499999999999	0.4100077500000001	0.12590371621621627	0.08875
-0.3536499999999999	0.1401297500000016	0.12916786317567566	0.08885416666666666
-0.37375	0.21134374999999928	0.1373608530405406	0.08322916666666667
-0.32875	0.28909374999999926	0.1238868243243243	0.08791666666666667
-0.3053499999999999	0.3029597499999994	0.12410663006756739	0.08864583333333334
-0.35634999999999994	0.2698297500000013	0.12668222128378387	0.0846875
-0.3213999999999999	0.23635600000000068	0.1304423564189189	0.0921875
-0.3456999999999999	0.28723900000000135	0.1250669341216216	0.09114583333333334
-0.379	0.32034999999999947	0.12903990709459456	0.09114583333333334
-0.3538	0.3440340000000006	0.1289125844594594	0.088125
-0.3346	0.3564759999999989	0.13211908783783777	0.08791666666666667
-0.38244999999999996	0.38757775000000017	0.13080595439189188	0.08322916666666667
-0.34794999999999987	0.24139775000000085	0.1257757601351352	0.10687500000000001
-0.3365499999999999	0.2677677499999991	0.136569045608108	0.09468750000000001
-0.37044999999999995	0.21404774999999887	0.1382774493243243	0.07479166666666667
-0.33624999999999994	0.3403437500000006	0.11222318412162158	0.08364583333333334
-0.2995	0.30252499999999927	0.12728399493243248	0.09489583333333335
-0.33999999999999986	0.17400000000000126	0.13495629222972963	0.08822916666666666
-0.3336999999999999	0.24740899999999932	0.1270926942567568	0.09718750000000001
-0.34014999999999995	0.3079497500000006	0.1365076013513514	0.08958333333333333
-0.33219999999999994	0.42717399999999905	0.13368179898648658	0.09864583333333334
-0.35034999999999994	0.3141097500000001	0.12762288851351344	0.098125
-0.33715000000000006	0.22635974999999853	0.11206418918918905	0.09708333333333334
-0.29499999999999993	0.23550000000000004	0.12426879222972967	0.0890625
-0.3605499999999999	0.33695774999999983	0.1378663429054054	0.0921875
-0.3247	0.31249899999999897	0.1351222550675675	0.0871875
-0.32004999999999995	0.19872775000000154	0.12195924831081073	0.0884375
-0.3244	0.28074599999999883	0.1246951013513514	0.08875
-0.3579999999999999	0.17815000000000047	0.12542926520270262	0.0915625
-0.33955	0.3543977499999986	0.13006798986486504	0.093125
-0.34719999999999995	0.22127400000000108	0.12247233952702696	0.09072916666666667
-0.3615999999999999	0.22311600000000098	0.12652702702702714	0.09833333333333333
-0.37764999999999993	0.32819974999999957	0.12953716216216213	0.09333333333333334
-0.3333999999999999	0.26496599999999937	0.12650802364864863	0.08770833333333333
-0.33219999999999994	0.2049240000000001	0.12870734797297295	0.10104166666666667
-0.35785	0.3080097499999983	0.13046326013513507	0.09895833333333333
-0.32875	0.3650937499999998	0.1354358108108109	0.09166666666666667
-0.3136	0.23380599999999951	0.13305088682432428	0.10197916666666666
-0.3033999999999999	0.18856600000000068	0.1313336148648648	0.09083333333333334
-0.30909999999999993	0.2251909999999988	0.12128652871621627	0.09739583333333335
-0.3327999999999999	0.3450740000000021	0.11970354729729729	0.08916666666666667
-0.3598	0.28629399999999805	0.11864695945945947	0.0925
-0.35529999999999995	0.27879899999999935	0.13141532939189196	0.0846875
-0.35529999999999995	0.3455490000000001	0.11788048986486485	0.075625
-0.38739999999999997	0.239236	0.12856418918918922	0.08583333333333333
-0.32830000000000004	0.3963789999999996	0.1116777871621622	0.08479166666666667
-0.35950000000000004	0.36227499999999857	0.1386055743243243	0.08875
-0.3136	0.18880599999999959	0.11973902027027025	0.09458333333333334
-0.3358	0.23795399999999844	0.13495185810810809	0.09166666666666667
-0.3658	0.37650399999999884	0.12048775337837837	0.08562499999999999
-0.35634999999999994	0.30982975000000224	0.11978969594594588	0.08666666666666667
-0.36429999999999985	0.21483900000000133	0.13521537162162175	0.08166666666666668
-0.32785	0.19440974999999838	0.12007664695945944	0.1021875
-0.38424999999999987	0.43749375000000157	0.11801034628378383	0.08739583333333334
-0.31915000000000004	0.34861974999999923	0.12115983952702689	0.09531250000000001
-0.34524999999999995	0.28269375000000174	0.12004940878378395	0.083125
-0.3284499999999999	0.22561774999999962	0.11948184121621615	0.09854166666666667
-0.3375999999999999	0.14998600000000195	0.12467166385135146	0.0878125
-0.35619999999999996	0.1724339999999991	0.13168137668918917	0.07885416666666667
-0.33219999999999994	0.19217399999999962	0.1348315033783784	0.08520833333333333
-0.37615	0.2854297499999987	0.13365202702702705	0.08625
-0.34929999999999994	0.311439	0.13170418074324328	0.08510416666666666
-0.35244999999999993	0.27612775000000056	0.125683910472973	0.08885416666666666
-0.31675	0.31674375000000055	0.1152751266891891	0.09260416666666667
-0.3303999999999999	0.2786760000000008	0.13838386824324322	0.09020833333333333
-0.34075	0.22549374999999827	0.1291862331081082	0.08770833333333333
-0.35109999999999997	0.31468099999999843	0.12478758445945945	0.09104166666666667
-0.37329999999999997	0.15807899999999897	0.1341195101351351	0.084375
-0.33309999999999995	0.1667709999999989	0.1257877956081081	0.08510416666666666
-0.3707499999999999	0.5232437500000007	0.13815836148648658	0.08854166666666667
-0.36444999999999994	0.352457750000001	0.12974303209459448	0.10385416666666666
-0.33955	0.27464774999999975	0.12859079391891898	0.09895833333333333
-0.37959999999999994	0.20437600000000167	0.13130954391891883	0.07979166666666668
-0.36114999999999986	0.3407297500000013	0.13097888513513503	0.08958333333333333
-0.3853	0.35784899999999986	0.1327056587837837	0.076875
-0.3127	0.2773190000000003	0.12653146114864877	0.0853125
-0.32709999999999995	0.32020099999999907	0.13522423986486498	0.09229166666666667
-0.3435999999999999	0.22515600000000013	0.12099641047297288	0.08135416666666667
-0.3639999999999999	0.3340999999999994	0.11757960304054056	0.0890625
-0.31600000000000006	0.39334999999999987	0.11967124155405418	0.0871875
-0.3539499999999999	0.31793775000000224	0.12226140202702707	0.08354166666666668
-0.34839999999999993	0.36116600000000076	0.12250464527027025	0.08895833333333333
-0.3772	0.39897400000000083	0.12060684121621609	0.08479166666666667
-0.3435999999999999	0.42565600000000003	0.1267012246621621	0.0928125
-0.36865000000000003	0.39282974999999887	0.1311486486486486	0.10083333333333333
-0.35424999999999995	0.16849374999999966	0.1287852618243243	0.09052083333333334
-0.32679999999999987	0.2844640000000016	0.13175042229729733	0.09645833333333334
-0.36249999999999993	0.3103750000000005	0.13024915540540538	0.08708333333333333
-0.36444999999999994	0.2292077500000005	0.13276393581081072	0.090625
-0.3245499999999999	0.37024775000000076	0.1247970861486486	0.09302083333333334
-0.33924999999999994	0.28824375000000124	0.12001900337837838	0.08645833333333333
-0.37434999999999996	0.24318975000000087	0.12568644425675668	0.0921875
-0.34509999999999996	0.22426100000000027	0.12080130912162157	0.09468750000000001
-0.36654999999999993	0.288817749999998	0.13379075168918914	0.07864583333333333
-0.35575	0.27474374999999895	0.14065097128378373	0.0896875
-0.3649	0.39856099999999905	0.11491913006756758	0.09197916666666667
-0.35514999999999985	0.28114975000000086	0.12245460304054052	0.0865625
-0.33145	0.33103775000000013	0.12263260135135132	0.08916666666666667
-0.3781	0.21467099999999917	0.11691195101351343	0.08802083333333334
-0.33475	0.24219374999999843	0.1230937500000001	0.09125
-0.3327999999999999	0.4188240000000025	0.1317149493243244	0.100625
-0.3273999999999999	0.36293600000000126	0.12255342060810809	0.09947916666666666
-0.3615999999999999	0.2336159999999996	0.12629075168918924	0.07739583333333333
-0.3547	0.2739489999999982	0.1349113175675676	0.08625
-0.3293499999999999	0.2702897499999999	0.11629940878378382	0.09520833333333334
-0.3409	0.21694100000000027	0.13577470439189182	0.0903125
-0.34585	0.3404197500000006	0.12512331081081093	0.09166666666666667
-0.36805	0.2596577500000006	0.12776097972972977	0.0825
-0.36865000000000003	0.2900797500000003	0.12743475506756752	0.0909375
-0.29635	0.2378797499999994	0.11288386824324317	0.094375
-0.34299999999999997	0.3326499999999992	0.1241769425675675	0.08562499999999999
-0.32184999999999997	0.17863975000000032	0.11829729729729724	0.09333333333333334
-0.39864999999999995	0.24947975000000078	0.1350430743243243	0.08875
-0.3427	0.31926900000000025	0.12174704391891891	0.09229166666666667
-0.3487	0.33275899999999936	0.13056144425675661	0.09677083333333335
-0.37449999999999994	0.3480249999999998	0.1279763513513515	0.08
-0.3455499999999999	0.2908077500000008	0.13460156249999994	0.09989583333333334
-0.3182499999999999	0.20699375000000053	0.12805299831081085	0.09677083333333335
-0.32184999999999997	0.34338975000000005	0.13659945101351356	0.08510416666666666
-0.36175	0.30174375	0.11905933277027018	0.09989583333333334
-0.3295	0.28177499999999966	0.13258593749999995	0.08427083333333334
-0.3747999999999999	0.24894399999999983	0.1293946368243244	0.09239583333333334
-0.33219999999999994	0.2201740000000001	0.13413471283783782	0.08562499999999999
-0.3284499999999999	0.3226177500000009	0.13161866554054055	0.100625
-0.31989999999999996	0.3107109999999995	0.12998627533783777	0.09552083333333335
-0.31915000000000004	0.2826197500000003	0.1257035472972972	0.08499999999999999
-0.3387999999999999	0.4148840000000007	0.1331972128378378	0.08979166666666667
-0.3355	0.29652499999999904	0.140319679054054	0.090625
-0.3719499999999999	0.2430077500000003	0.12808467060810813	0.07947916666666667
-0.38229999999999986	0.30126900000000134	0.1225603885135135	0.093125
-0.35185	0.2987397499999993	0.14146938344594595	0.0896875
-0.37134999999999996	0.1656297500000008	0.13341955236486486	0.08177083333333333
-0.3409	0.22744100000000067	0.11974282094594596	0.088125
-0.3319	0.2237209999999994	0.12089885979729723	0.09072916666666667
-0.3778	0.38077399999999884	0.13393581081081077	0.08041666666666668
-0.36534999999999995	0.2236597499999995	0.13393644425675685	0.08510416666666666
-0.3176499999999999	0.3581497500000008	0.1384909206081081	0.08072916666666667
-0.32665	0.28546975000000074	0.12445565878378384	0.08229166666666668
-0.3709	0.266591	0.1450413851351352	0.07
-0.34539999999999993	0.26837599999999995	0.12367018581081078	0.09104166666666667
-0.3767499999999999	0.3892437500000021	0.12299493243243259	0.09125
-0.3415	0.16447499999999948	0.12062141047297298	0.09552083333333335
-0.3092499999999999	0.2612437500000011	0.12547867398648646	0.0896875
-0.39069999999999994	0.3260390000000015	0.13255806587837837	0.08552083333333334
-0.36654999999999993	0.21781774999999826	0.13484353885135134	0.08552083333333334
-0.38469999999999993	0.16339900000000185	0.1366710304054051	0.08520833333333333
-0.3666999999999999	0.3356790000000007	0.12407179054054057	0.08375
-0.35649999999999993	0.13347500000000068	0.12589548141891896	0.09447916666666667
-0.33624999999999994	0.2690937499999997	0.11398099662162162	0.098125
-0.3807999999999999	0.3259039999999995	0.12572888513513514	0.09791666666666667
-0.30279999999999996	0.3937739999999996	0.1203122888513513	0.09427083333333335
-0.3244	0.155246	0.11594024493243238	0.0928125
-0.32019999999999993	0.2537440000000011	0.11390434966216217	0.09427083333333335
-0.33235000000000003	0.25364974999999923	0.13347909628378374	0.08864583333333334
-0.32799999999999985	0.1841500000000007	0.12957326858108098	0.09677083333333335
-0.31975	0.29794374999999995	0.1201919341216216	0.08281250000000001
-0.30279999999999996	0.26852399999999843	0.1367280405405406	0.09875
-0.3305499999999999	0.25640775000000104	0.1315439189189189	0.08625
-0.3495999999999999	0.21227600000000102	0.12436760979729736	0.0853125
-0.35634999999999994	0.2715797500000008	0.12668728885135128	0.08677083333333334
-0.3444999999999999	0.1787749999999999	0.12342884290540532	0.09427083333333335
-0.3307	0.3303889999999985	0.12529560810810816	0.09
-0.41994999999999993	0.32457774999999955	0.1376484375	0.08010416666666667
-0.3216999999999999	0.3126289999999994	0.12465266047297294	0.0896875
-0.35634999999999994	0.4210797500000023	0.13010599662162167	0.09395833333333334
-0.39564999999999995	0.2080397499999993	0.128720650337838	0.0865625
-0.36714999999999987	0.3087597500000001	0.13703082770270267	0.09020833333333333
-0.33175	0.44449374999999947	0.13151794763513527	0.09406250000000001
-0.35305	0.25200774999999886	0.12238555743243242	0.094375
-0.33745	0.2652777499999992	0.13361338682432422	0.0915625
-0.38874999999999993	0.2778437500000006	0.1300698902027025	0.08093750000000001
-0.39895	0.18873774999999782	0.12657453547297298	0.07156250000000001
-0.33985	0.2912997499999985	0.1346826435810811	0.09322916666666667
-0.3485499999999999	0.16208774999999953	0.1355175253378378	0.10135416666666666
-0.36354999999999993	0.32348775000000174	0.1402652027027027	0.08625
-0.39444999999999997	0.36315775000000095	0.13078505067567575	0.08104166666666668
-0.34434999999999993	0.2775897500000024	0.13639294763513515	0.08864583333333334
-0.36024999999999996	0.09994374999999955	0.11977576013513513	0.09270833333333334
-0.36234999999999995	0.2892497500000015	0.13563281250000006	0.09322916666666667
-0.36205	0.1497477500000013	0.12993369932432436	0.09854166666666667
-0.33594999999999997	0.31816774999999886	0.12567820945945957	0.10250000000000001
-0.3346	0.20647600000000033	0.1208652871621622	0.095625
-0.3747999999999999	0.37944399999999945	0.13227744932432425	0.08729166666666667
-0.3576999999999999	0.397119	0.13225464527027025	0.099375
-0.32619999999999993	0.2699839999999991	0.13376161317567561	0.0909375
-0.34345000000000003	0.21696774999999846	0.13301921452702703	0.09010416666666667
-0.3447999999999999	0.32414400000000043	0.13384396114864874	0.09489583333333335
-0.33699999999999997	0.4129000000000005	0.13341068412162166	0.08614583333333334
-0.36549999999999994	0.2492750000000008	0.1350164695945945	0.086875
-0.32214999999999994	0.3234097499999997	0.12798965371621623	0.10052083333333334
-0.2983	0.33782899999999927	0.11302576013513499	0.09479166666666668
-0.33699999999999997	0.3613999999999997	0.1212548564189189	0.09510416666666667
-0.30909999999999993	0.29369099999999904	0.11768982263513508	0.0934375
-0.33835000000000004	0.22926975000000027	0.119977195945946	0.08791666666666667
-0.3358	0.28845399999999977	0.12413830236486491	0.08385416666666667
-0.30969999999999986	0.1411490000000013	0.13016870777027026	0.09760416666666667
-0.29200000000000004	0.29989999999999917	0.12165076013513507	0.093125
-0.3507999999999999	0.23285400000000145	0.13331440033783787	0.08739583333333334
-0.3379	0.2559009999999997	0.13090413851351346	0.09520833333333334
-0.35319999999999996	0.2791640000000015	0.13202723817567563	0.08031250000000001
-0.33175	0.2112437499999995	0.1342113597972973	0.08864583333333334
-0.3767499999999999	0.2894937500000019	0.13468771114864866	0.08697916666666666
-0.35065	0.40643974999999877	0.1266264780405406	0.0934375
-0.3527499999999999	0.30094375000000007	0.1322717483108108	0.09135416666666667
-0.37525	0.3754437500000005	0.13323268581081088	0.09020833333333333
-0.32200000000000006	0.3269000000000002	0.13193665540540556	0.09625
-0.32094999999999996	0.3423177500000012	0.13670523648648647	0.08541666666666667
-0.35230000000000006	0.27121899999999854	0.140599028716216	0.08406250000000001
-0.37749999999999995	0.318875000000002	0.13157305743243247	0.093125
-0.34375	0.28634375000000034	0.14152005912162147	0.08260416666666667
-0.3599499999999999	0.30267775000000086	0.13262267736486485	0.09197916666666667
-0.35619999999999996	0.2531839999999992	0.1476277449324325	0.09614583333333335
-0.35739999999999994	0.34283600000000014	0.13194995777027027	0.08760416666666666
-0.38980000000000004	0.2075939999999985	0.12638070101351354	0.07760416666666667
-0.3204999999999999	0.24127500000000168	0.120692356418919	0.0871875
-0.38844999999999996	0.3492677499999992	0.13071410472972972	0.076875
-0.3778	0.2837739999999993	0.1301097972972973	0.07708333333333334
-0.3539499999999999	0.20568775000000272	0.12847360641891892	0.08635416666666666
-0.367	0.27515	0.14219024493243254	0.09489583333333335
-0.3952	0.33274399999999993	0.12632242398648635	0.08010416666666667
-0.36805	0.26915774999999975	0.12029708614864883	0.0859375
-0.3344499999999999	0.27100775000000077	0.1309586148648648	0.08625
-0.37764999999999993	0.11744975000000046	0.12134163851351357	0.09020833333333333
-0.3125499999999999	0.39727775000000065	0.11454539695945942	0.10927083333333333
-0.36145000000000005	0.2884877499999998	0.13340498310810814	0.09145833333333334
-0.3379	0.3044009999999986	0.12832094594594587	0.0875
-0.35695	0.19140774999999977	0.12458488175675668	0.08645833333333333
-0.36265000000000003	0.2147497499999993	0.12314632601351355	0.10489583333333333
-0.35545000000000004	0.2711977500000007	0.13480236486486488	0.09041666666666667
-0.35065	0.23968975000000015	0.13535536317567554	0.09760416666666667
-0.3384999999999999	0.3839750000000013	0.15065878378378383	0.08958333333333333
-0.3827499999999999	0.27194375000000015	0.11712225506756763	0.0996875
-0.36145000000000005	0.2822377500000002	0.14270016891891885	0.0825
-0.33204999999999996	0.39869775000000196	0.12828927364864864	0.083125
-0.361	0.19184999999999874	0.12707622466216223	0.07947916666666667
-0.3456999999999999	0.25023900000000054	0.13401879222972965	0.08822916666666666
-0.3598	0.3292939999999991	0.1294269425675677	0.09979166666666667
-0.35919999999999996	0.28875400000000084	0.12438091216216225	0.08166666666666668
-0.3185499999999999	0.27903775000000053	0.11690118243243239	0.10375000000000001
-0.3456999999999999	0.32923900000000117	0.12872951858108103	0.08343750000000001
-0.3879999999999999	0.44589999999999996	0.13147550675675673	0.0825
-0.3587499999999999	0.30809375000000117	0.12227217060810805	0.09197916666666667
-0.3346	0.23972599999999922	0.12285240709459452	0.09864583333333334
-0.31600000000000006	0.30935000000000024	0.13806271114864865	0.08822916666666666
-0.3396999999999999	0.3803490000000007	0.1268450168918919	0.100625
-0.3488499999999999	0.27942975000000025	0.12218348817567562	0.08739583333333334
-0.33684999999999987	0.2949397499999993	0.13325042229729725	0.096875
-0.35950000000000004	0.3447749999999985	0.1403114442567567	0.09010416666666667
-0.355	0.31049999999999933	0.12351055743243247	0.08729166666666667
-0.373	0.2848999999999986	0.1248908361486487	0.08385416666666667
-0.3759999999999999	0.23934999999999995	0.1370358952702702	0.07979166666666668
-0.3779499999999999	0.14959774999999986	0.13603758445945946	0.08229166666666668
-0.3469	0.3061709999999991	0.12573838682432434	0.09864583333333334
-0.32694999999999996	0.3342077500000009	0.13039738175675686	0.09770833333333333
-0.37029999999999985	0.44969900000000074	0.13728610641891895	0.08260416666666667
-0.3675999999999999	0.3890860000000007	0.12999704391891892	0.09479166666666668
-0.3656499999999999	0.3523897500000004	0.13253716216216213	0.1
-0.31884999999999986	0.35582974999999983	0.1331294341216216	0.09406250000000001
-0.3788499999999999	0.2865297499999997	0.13524387668918922	0.0859375
-0.33475	0.25519374999999833	0.12846220439189185	0.08739583333333334
-0.28345	0.2485677500000003	0.1084301097972973	0.09947916666666666
-0.35019999999999996	0.2789439999999992	0.11957115709459455	0.09364583333333334
-0.3721	0.46735100000000074	0.1276133868243244	0.09864583333333334
-0.33624999999999994	0.34434375000000017	0.13260937500000008	0.08645833333333333
-0.3286	0.26385600000000053	0.13769657939189178	0.09135416666666667
-0.3065499999999999	0.28871775	0.1262008023648649	0.09552083333333335
-0.3802	0.28764399999999846	0.12798331925675682	0.08197916666666667
-0.35844999999999994	0.16781774999999932	0.12036613175675685	0.09729166666666668
-0.3406	0.4007959999999997	0.12110282939189182	0.10010416666666666
-0.30369999999999986	0.3267090000000019	0.1318581081081082	0.10541666666666667
-0.33204999999999996	0.2456977500000015	0.13685599662162162	0.09020833333333333
-0.29874999999999996	0.32284374999999965	0.13105046452702712	0.09635416666666667
-0.31809999999999994	0.23622100000000046	0.129774704391892	0.09739583333333335
-0.349	0.22385000000000055	0.12447909628378376	0.09197916666666667
-0.3067	0.23752899999999944	0.12975823479729728	0.09802083333333333
-0.3555999999999999	0.34634600000000226	0.13954877533783783	0.0896875
-0.36129999999999995	0.15085900000000052	0.1233274915540541	0.0934375
-0.35695	0.3204077499999993	0.1224108952702703	0.08604166666666667
-0.36985	0.18089974999999825	0.12612478885135128	0.09052083333333334
-0.33909999999999996	0.346290999999999	0.13379518581081076	0.076875
-0.33775	0.36344375000000007	0.12232981418918906	0.09520833333333334
-0.3608499999999999	0.18346975000000043	0.13015287162162162	0.09791666666666667
-0.36639999999999995	0.3602060000000016	0.14666490709459457	0.0890625
-0.3136	0.2690559999999991	0.11218771114864859	0.09239583333333334
-0.3547	0.44444899999999876	0.12210430743243242	0.08520833333333333
-0.38095	0.42246774999999914	0.13544721283783792	0.088125
-0.39669999999999994	0.28412900000000185	0.13122149493243224	0.08031250000000001
-0.3375999999999999	0.24623600000000145	0.1315844594594594	0.09458333333333334
-0.33385	0.2278797499999996	0.12381714527027016	0.098125
-0.35214999999999996	0.2880597500000004	0.13339358108108101	0.08666666666666667
-0.37029999999999985	0.23444900000000146	0.1343779560810809	0.089375
-0.38349999999999995	0.20322500000000154	0.13632896959459453	0.08854166666666667
-0.3709	0.31684100000000015	0.1255749577702704	0.08802083333333334
-0.36939999999999995	0.2555960000000006	0.1228125	0.08666666666666667
-0.33745	0.16177774999999883	0.12435557432432429	0.08916666666666667
-0.3545499999999999	0.29054775	0.12851668074324327	0.08885416666666666
-0.34014999999999995	0.30419975000000044	0.11607770270270276	0.08541666666666667
-0.3060999999999999	0.32978100000000143	0.12144995777027032	0.11177083333333333
-0.36895	0.45403774999999946	0.1336526604729729	0.09302083333333334
-0.3141999999999999	0.3254540000000006	0.12368665540540527	0.09541666666666668
-0.41394999999999993	0.31908774999999956	0.12334269425675681	0.09718750000000001
-0.3393999999999999	0.4284459999999992	0.13719869087837838	0.09739583333333335
-0.36505	0.301177749999999	0.12985705236486478	0.08343750000000001
-0.3478	0.2702239999999989	0.1302244510135136	0.09510416666666667
-0.3418	0.3523639999999997	0.11644763513513517	0.09166666666666667
-0.3244	0.38524599999999865	0.13192905405405403	0.09666666666666668
-0.33835000000000004	0.16151975000000007	0.12694193412162164	0.0878125
-0.38260000000000005	0.46288599999999924	0.14185515202702698	0.08770833333333333
-0.32200000000000006	0.38264999999999993	0.11692271959459449	0.10187500000000001
-0.35605	0.3032877499999991	0.1315312499999999	0.08916666666666667
-0.36714999999999987	0.26075975000000007	0.13340371621621624	0.09458333333333334
-0.38725	0.33494375000000076	0.13568095439189198	0.0853125
-0.33999999999999986	0.3890000000000011	0.11707538006756756	0.0990625
-0.35934999999999995	0.17163975000000065	0.12255342060810812	0.08197916666666667
-0.36234999999999995	0.28899975000000033	0.1313279138513512	0.08322916666666667
-0.31779999999999997	0.24542399999999986	0.12112880067567587	0.09270833333333334
-0.36324999999999996	0.2997437500000011	0.123269847972973	0.086875
-0.35214999999999996	0.28380974999999964	0.13483213682432427	0.08614583333333334
-0.32889999999999997	0.27258100000000063	0.1264706503378379	0.09864583333333334
-0.34209999999999996	0.21025099999999952	0.11819277871621617	0.08156250000000001
-0.3499	0.41961099999999973	0.13603251689189183	0.093125
-0.3802	0.32064399999999793	0.1354187077702701	0.07843750000000001
-0.3476499999999999	0.3037997499999996	0.1236651182432432	0.08729166666666667
-0.361	0.2845999999999993	0.1193963260135135	0.08947916666666667
-0.36339999999999995	0.2591159999999988	0.12333889358108106	0.0878125
-0.28345	0.23056775000000052	0.12472360641891897	0.09760416666666667
-0.37734999999999996	0.2982997499999982	0.1284045608108109	0.08708333333333333
-0.32694999999999996	0.38995775000000066	0.12007538006756752	0.07947916666666667
-0.3356499999999999	0.3037397500000001	0.1211991131756757	0.08885416666666666
-0.3196	0.334676	0.12748036317567565	0.0921875
-0.3707499999999999	0.2684937500000011	0.12831587837837824	0.08708333333333333
-0.3786999999999999	0.3984590000000008	0.13062478885135118	0.08177083333333333
-0.39054999999999995	0.2240077499999984	0.1328063766891891	0.0896875
-0.35529999999999995	0.3742989999999988	0.14071811655405403	0.08031250000000001
-0.35830000000000006	0.2351789999999987	0.12009438344594604	0.09677083333333335
-0.33175	0.2652437499999998	0.13645185810810811	0.0925
-0.35409999999999997	0.3983410000000003	0.12002850506756751	0.09260416666666667
-0.36729999999999996	0.3458690000000004	0.1236277449324326	0.08364583333333334
-0.3273999999999999	0.19243600000000072	0.12391849662162165	0.089375
-0.3455499999999999	0.36705775000000074	0.13318707770270272	0.08520833333333333
-0.2863	0.2148589999999997	0.12309628378378376	0.09625
-0.36505	0.4069277499999995	0.13911803209459467	0.09010416666666667
-0.37434999999999996	0.3329397500000013	0.13622318412162157	0.08489583333333334
-0.3141999999999999	0.36670400000000036	0.1287440878378378	0.09916666666666667
-0.33895	0.34533775000000055	0.11411592060810807	0.0928125
-0.33999999999999986	0.26700000000000124	0.1293502956081082	0.09510416666666667
-0.3807999999999999	0.2701539999999998	0.12324577702702706	0.08958333333333333
-0.3504999999999999	0.3480249999999998	0.12990962837837833	0.08541666666666667
-0.38034999999999997	0.2579597499999995	0.13850042229729723	0.084375
-0.3545499999999999	0.39604774999999925	0.12514421452702695	0.08760416666666666
-0.3575499999999999	0.41547775000000264	0.13745903716216218	0.09395833333333334
-0.33955	0.17889774999999908	0.12323057432432438	0.08791666666666667
-0.30265	0.25969974999999934	0.11997466216216213	0.0875
-0.3719499999999999	0.24100774999999963	0.1272092483108109	0.09885416666666666
-0.3639999999999999	0.18660000000000032	0.13756482263513514	0.08385416666666667
-0.3712	0.2322840000000017	0.125296241554054	0.09052083333333334
-0.34075	0.249243749999998	0.12591575168918917	0.09697916666666667
-0.33504999999999996	0.2971277499999996	0.11883065878378371	0.08020833333333334
-0.3636999999999999	0.32035899999999984	0.12293095439189203	0.0903125
-0.34914999999999985	0.3255197499999998	0.13093010979729727	0.0903125
-0.33129999999999993	0.27605900000000005	0.1258517736486486	0.09145833333333334
-0.3293499999999999	0.3905397500000003	0.12281566722972961	0.10135416666666666
-0.3516999999999999	0.24507899999999871	0.12150506756756768	0.09041666666666667
-0.3576999999999999	0.288119	0.11929687499999994	0.09104166666666667
-0.33145	0.3302877500000001	0.12294552364864861	0.080625
-0.3353499999999999	0.23505975000000134	0.122590160472973	0.0921875
-0.35109999999999997	0.18768099999999777	0.12946558277027032	0.09531250000000001
-0.33835000000000004	0.17376974999999995	0.1259448902027028	0.08802083333333334
-0.33955	0.25614775000000023	0.13127913851351344	0.076875
-0.34209999999999996	0.38600100000000026	0.13492081925675678	0.09531250000000001
-0.37705	0.40414774999999814	0.13322888513513512	0.08291666666666668
-0.31509999999999994	0.30291099999999993	0.13421009290540536	0.0884375
-0.35724999999999996	0.4351937500000016	0.1270147804054054	0.098125
-0.3571	0.2775509999999972	0.13487141047297302	0.09385416666666667
-0.36175	0.2757437500000002	0.1221220439189189	0.090625
-0.32515000000000005	0.2302497499999987	0.13221410472972966	0.08854166666666667
-0.34495	0.18907774999999916	0.12853251689189193	0.093125
-0.35830000000000006	0.28317899999999874	0.13326942567567565	0.095
-0.33684999999999987	0.24793975000000046	0.11922022804054049	0.09052083333333334
-0.34585	0.2104197499999998	0.12942187500000016	0.080625
-0.3163	0.36790899999999915	0.12536782094594603	0.09104166666666667
-0.3559	0.34589099999999995	0.12199092060810804	0.08364583333333334
-0.34119999999999995	0.30708400000000147	0.13520333614864857	0.0884375
-0.30145	0.2840877500000003	0.12737141047297296	0.07968750000000001
-0.3658	0.33825399999999917	0.11373015202702713	0.09520833333333334
-0.3596499999999999	0.2501597500000017	0.14050021114864852	0.09197916666666667
-0.3238	0.48473399999999955	0.11864505912162165	0.08510416666666666
-0.35065	0.3451897499999994	0.12794277871621615	0.10197916666666666
-0.36549999999999994	0.2237750000000016	0.12484206081081092	0.09958333333333333
-0.3346	0.23297599999999896	0.1327183277027026	0.09479166666666668
-0.33729999999999993	0.4410690000000006	0.1198346706081081	0.09489583333333335
-0.3455499999999999	0.33855775000000143	0.11738830236486483	0.09010416666666667
-0.36639999999999995	0.18920600000000043	0.13416131756756755	0.08083333333333334
-0.34539999999999993	0.27612599999999965	0.12294108952702706	0.08406250000000001
-0.3615999999999999	0.27611600000000003	0.14230363175675675	0.08104166666666668
-0.3106	0.23394600000000043	0.11827322635135137	0.09895833333333333
-0.3819999999999999	0.24840000000000018	0.12916152871621614	0.07739583333333333
-0.35065	0.2949397499999993	0.1264136402027027	0.08802083333333334
-0.39744999999999986	0.26342775000000174	0.13502787162162166	0.09041666666666667
-0.37254999999999994	0.40012774999999934	0.1334594594594593	0.09208333333333334
-0.3444999999999999	0.39877500000000055	0.12473500844594601	0.08697916666666666
-0.33204999999999996	0.19769775000000145	0.13518559966216215	0.08510416666666666
-0.34419999999999995	0.23415399999999842	0.12929898648648644	0.08125
-0.31089999999999995	0.3160410000000011	0.12289041385135141	0.10489583333333333
-0.3555999999999999	0.22059600000000223	0.12966258445945933	0.084375
-0.3358	0.3699539999999999	0.1085073902027027	0.09385416666666667
-0.36415	0.29596975000000114	0.12958593750000003	0.0896875
-0.36654999999999993	0.34081774999999936	0.12027808277027024	0.09656250000000001
-0.37854999999999994	0.28238774999999805	0.12832538006756755	0.08572916666666666
-0.3404499999999999	0.2008477500000012	0.11971811655405401	0.0915625
-0.32109999999999994	0.2588310000000007	0.12537985641891897	0.09468750000000001
-0.34209999999999996	0.15900099999999995	0.12349915540540538	0.09333333333333334
-0.32035	0.12425974999999845	0.11676309121621632	0.09020833333333333
-0.33024999999999993	0.33169374999999945	0.11247086148648655	0.09270833333333334
-0.3136	0.2438059999999993	0.1263433277027026	0.098125
-0.34509999999999996	0.20001099999999994	0.12517271959459458	0.09479166666666668
-0.3571	0.24780099999999727	0.13327259290540544	0.08385416666666667
-0.37495	0.2545277499999994	0.1357899070945946	0.0890625
-0.35665	0.2881197499999999	0.11928673986486493	0.09395833333333334
-0.39325	0.25449374999999996	0.12394256756756758	0.08666666666666667
-0.37405	0.36951775	0.13008826013513508	0.090625
-0.37585	0.2475197499999986	0.12560156249999999	0.07697916666666667
-0.35334999999999994	0.2650697500000003	0.1295130912162162	0.086875
-0.3456999999999999	0.25073900000000116	0.12602977195945933	0.08989583333333334
-0.34134999999999993	0.26727975000000015	0.1297024915540541	0.09760416666666667
-0.33594999999999997	0.3926677499999993	0.13320734797297312	0.08604166666666667
-0.3526	0.3230360000000001	0.12313745777027027	0.09010416666666667
-0.35305	0.29625774999999877	0.1271668074324325	0.09229166666666667
-0.3319	0.18372099999999847	0.12436634290540544	0.0921875
-0.33099999999999996	0.22135000000000105	0.12497318412162162	0.09406250000000001
-0.3788499999999999	0.27227974999999915	0.13763386824324325	0.09020833333333333
-0.38754999999999995	0.4350277499999997	0.13087309966216204	0.08552083333333334
-0.33715000000000006	0.25310974999999836	0.12383298141891894	0.08239583333333333
-0.3930999999999999	0.26972100000000054	0.12720861486486504	0.08
-0.36129999999999995	0.24560899999999997	0.1384820523648649	0.09427083333333335
-0.36729999999999996	0.2536190000000005	0.13156418918918922	0.09375
-0.36549999999999994	0.35502500000000126	0.132046875	0.08729166666666667
-0.37585	0.2737697499999978	0.12635789695945948	0.08677083333333334
-0.37060000000000004	0.2708959999999987	0.13905152027027	0.09041666666666667
-0.3687999999999999	0.2821840000000009	0.1399117398648649	0.08645833333333333
-0.37015	0.36909975000000017	0.14467968749999996	0.09302083333333334
-0.3187	0.2923089999999995	0.1141805320945947	0.0984375
-0.3244	0.2542459999999984	0.11358319256756745	0.09854166666666667
-0.34315000000000007	0.15208974999999825	0.12309248310810808	0.09395833333333334
-0.3478	0.16547399999999968	0.11962880067567558	0.09770833333333333
-0.35545000000000004	0.29094774999999906	0.12892905405405417	0.08291666666666668
-0.36775	0.25219375	0.13953990709459443	0.0878125
-0.3478	0.39347399999999944	0.13035177364864867	0.09395833333333334
-0.3064	0.20165599999999895	0.12513851351351335	0.09333333333333334
-0.3488499999999999	0.25842975000000123	0.13438682432432433	0.09291666666666668
-0.33865	0.22842974999999832	0.12274535472972974	0.10187500000000001
-0.30745	0.2970777499999988	0.12540392736486497	0.09239583333333334
-0.32904999999999995	0.1773177499999985	0.13478779560810814	0.08135416666666667
-0.3425499999999999	0.18907774999999916	0.12984565033783785	0.08989583333333334
-0.3515499999999999	0.3691677500000008	0.13044805743243243	0.09104166666666667
-0.32814999999999994	0.25788975000000036	0.12914505912162155	0.09385416666666667
-0.35065	0.21393974999999976	0.12631862331081078	0.0878125
-0.31120000000000003	0.26963399999999993	0.1246406249999999	0.09104166666666667
-0.35230000000000006	0.3772189999999984	0.13495185810810834	0.08375
-0.33115000000000006	0.24907974999999816	0.12529244087837832	0.08114583333333333
-0.35665	0.3378697499999994	0.12548944256756756	0.09229166666666667
-0.34719999999999995	0.19927400000000084	0.12749239864864867	0.08666666666666667
-0.36175	0.2187437499999998	0.1296651182432432	0.09520833333333334
-0.36024999999999996	0.28469375000000063	0.12927998310810804	0.08270833333333334
-0.34839999999999993	0.3589160000000007	0.12490920608108103	0.10354166666666667
-0.3901	0.21241100000000124	0.13546241554054045	0.08145833333333334
-0.3539499999999999	0.19818775000000244	0.1372848395270271	0.08697916666666666
-0.3516999999999999	0.22057899999999897	0.1287143158783784	0.09552083333333335
-0.3305499999999999	0.27190775000000045	0.12264653716216217	0.090625
-0.32830000000000004	0.27262900000000023	0.12604370777027013	0.10593749999999999
-0.2993499999999999	0.2099397500000011	0.1411336570945945	0.0915625
-0.3444999999999999	0.2310250000000007	0.12703631756756747	0.09
-0.34585	0.20591974999999962	0.14287499999999992	0.08625
-0.32814999999999994	0.2538897500000008	0.1263724662162161	0.09458333333333334
-0.34734999999999994	0.27544974999999994	0.13191385135135125	0.08791666666666667
-0.38229999999999986	0.4225190000000012	0.13556693412162174	0.09114583333333334
-0.36309999999999987	0.3073710000000016	0.12024070945945944	0.10708333333333334
-0.37015	0.3680997500000007	0.12140308277027032	0.0928125
-0.3455499999999999	0.2693077500000012	0.12457474662162168	0.081875
-0.33865	0.2801797499999985	0.12403695101351352	0.0984375
-0.3690999999999999	0.16739100000000207	0.13354877533783788	0.08635416666666666
-0.3559	0.22164099999999998	0.1297468327702702	0.08989583333333334
-0.3675999999999999	0.21833600000000075	0.12999260979729743	0.09197916666666667
-0.35665	0.3508697499999993	0.12561359797297283	0.093125
-0.33729999999999993	0.19706900000000083	0.123434543918919	0.095625
-0.34975	0.3414437499999998	0.1170082347972973	0.0771875
-0.37329999999999997	0.32482899999999937	0.1315274493243243	0.07770833333333334
-0.38005	0.19732774999999947	0.13669763513513505	0.09958333333333333
-0.37329999999999997	0.2683289999999996	0.13880067567567558	0.09125
-0.3526	0.2317859999999996	0.12322360641891897	0.08427083333333334
-0.33804999999999996	0.18110775000000068	0.1320050675675676	0.07875
-0.3767499999999999	0.1652437500000019	0.14025886824324335	0.09354166666666668
-0.3456999999999999	0.23148899999999983	0.1258688766891891	0.08677083333333334
-0.3495999999999999	0.2250260000000015	0.13413851351351358	0.08916666666666667
-0.38874999999999993	0.12084375000000058	0.12949345439189194	0.08489583333333334
-0.3545499999999999	0.18679774999999843	0.13337901182432427	0.07843750000000001
-0.3428499999999999	0.2827097500000004	0.14286613175675691	0.09145833333333334
-0.36775	0.3876937500000004	0.1257573902027028	0.09177083333333334
-0.33804999999999996	0.4448577500000006	0.12979180743243238	0.084375
-0.36714999999999987	0.22625975000000054	0.13195819256756758	0.080625
-0.34839999999999993	0.2321660000000012	0.14220291385135123	0.08322916666666667
-0.33819999999999995	0.23906399999999906	0.12037183277027022	0.08864583333333334
-0.35830000000000006	0.14592899999999887	0.12761718750000006	0.0884375
-0.37749999999999995	0.2888750000000009	0.11490836148648648	0.079375
-0.3716499999999999	0.33531975	0.12032179054054058	0.09
-0.3456999999999999	0.19823900000000094	0.13033530405405394	0.08499999999999999
-0.3358	0.23145399999999938	0.1262451435810811	0.1040625
-0.3324999999999999	0.5036249999999995	0.1283171452702703	0.10145833333333333
-0.34539999999999993	0.3716260000000009	0.12770523648648646	0.09583333333333334
-0.35950000000000004	0.2720249999999993	0.12197381756756745	0.08833333333333333
-0.33519999999999994	0.18284400000000112	0.14503125000000008	0.08291666666666668
-0.3539499999999999	0.2749377500000012	0.12144995777027029	0.0921875
-0.34495	0.356827749999999	0.12579413006756762	0.08697916666666666
-0.3699999999999999	0.24650000000000105	0.12570671452702706	0.0884375
-0.37525	0.31469375	0.13498479729729734	0.08833333333333333
-0.35619999999999996	0.2954339999999984	0.13648353040540528	0.084375
-0.32755	0.20517774999999894	0.13283361486486475	0.09791666666666667
-0.3567999999999999	0.2942640000000001	0.13570502533783768	0.08385416666666667
-0.38964999999999994	0.27105975000000093	0.13004518581081076	0.09145833333333334
-0.33699999999999997	0.3288999999999991	0.12771790540540545	0.08499999999999999
-0.32709999999999995	0.2899509999999985	0.12599176520270278	0.09572916666666667
-0.3576999999999999	0.41086899999999993	0.1251169763513512	0.08270833333333334
-0.36819999999999997	0.36376399999999975	0.12787753378378383	0.08125
-0.3375999999999999	0.23048600000000263	0.11875971283783782	0.08729166666666667
-0.37495	0.3302777499999987	0.13269742398648648	0.07802083333333333
-0.35605	0.17178775000000002	0.11919045608108128	0.08895833333333333
-0.38559999999999994	0.1939460000000004	0.13601288006756762	0.09739583333333335
-0.3435999999999999	0.21340600000000087	0.11185958614864859	0.09302083333333334
-0.3712	0.3820340000000009	0.12693179898648652	0.08281250000000001
-0.34599999999999986	0.21660000000000146	0.13267525337837835	0.098125
-0.3384999999999999	0.29647500000000093	0.12108889358108119	0.08572916666666666
-0.3666999999999999	0.08592900000000192	0.11608403716216209	0.081875
-0.35019999999999996	0.2246939999999995	0.13409100506756738	0.08927083333333334
-0.31555	0.29600774999999935	0.1402024915540541	0.0859375
-0.3716499999999999	0.2938197500000008	0.13074134290540546	0.0921875
-0.3802	0.27664399999999745	0.12787119932432425	0.089375
-0.3106	0.3496960000000007	0.12517905405405413	0.0925
-0.36324999999999996	0.30899375000000084	0.127360008445946	0.09614583333333335
-0.3721	0.3226010000000006	0.1287510557432432	0.09072916666666667
-0.3718	0.20366399999999985	0.12393940033783787	0.08072916666666667
-0.38154999999999994	0.3234677500000007	0.1332618243243242	0.09416666666666668
-0.37644999999999995	0.37658775000000055	0.1324522804054053	0.096875
-0.36639999999999995	0.16670600000000135	0.12980891047297294	0.08802083333333334
-0.361	0.38434999999999775	0.12857432432432434	0.09083333333333334
-0.3435999999999999	0.2296560000000003	0.13396494932432423	0.078125
-0.35139999999999993	0.23625599999999913	0.12603167229729725	0.08229166666666668
-0.29964999999999997	0.11285974999999926	0.11786275337837834	0.08520833333333333
-0.3721	0.33760100000000115	0.13142356418918913	0.09354166666666668
-0.33115000000000006	0.3345797499999996	0.12940920608108103	0.08604166666666667
-0.36775	0.3644437499999995	0.13671283783783783	0.09166666666666667
-0.3998499999999999	0.31874975000000205	0.13512035472972964	0.09104166666666667
-0.34824999999999995	0.213743749999999	0.13382939189189197	0.08625
-0.31494999999999995	0.1491277499999999	0.12159438344594597	0.1009375
-0.33475	0.25269374999999883	0.13445270270270265	0.09416666666666668
-0.35545000000000004	0.3474477500000006	0.13774092060810822	0.09572916666666667
-0.29454999999999987	0.2511977500000011	0.12525063344594595	0.08135416666666667
-0.34224999999999994	0.2316937499999998	0.13430764358108122	0.09197916666666667
-0.36265000000000003	0.22324974999999903	0.12630975506756753	0.09718750000000001
-0.31884999999999986	0.24157974999999965	0.13261127533783784	0.10052083333333334
-0.3447999999999999	0.24639400000000045	0.14192799831081082	0.09510416666666667
-0.34719999999999995	0.42102400000000095	0.12886127533783787	0.08802083333333334
-0.32875	0.23134375000000063	0.11381059966216216	0.09552083333333335
-0.32320000000000004	0.37346399999999846	0.12024324324324327	0.08041666666666668
-0.32004999999999995	0.2714777500000025	0.1282449324324325	0.08291666666666668
-0.30579999999999996	0.39190400000000114	0.12852048141891884	0.09739583333333335
-0.32035	0.14250974999999855	0.1273505067567567	0.09625
-0.3526	0.32703599999999966	0.12507833614864855	0.0921875
-0.32304999999999995	0.3832077499999986	0.11389991554054052	0.09479166666666668
-0.3862	0.23113399999999906	0.13943222128378377	0.08052083333333333
-0.3832	0.1966140000000003	0.12223289695945935	0.09927083333333334
-0.35109999999999997	0.35193099999999866	0.139899070945946	0.09104166666666667
-0.35409999999999997	0.2685910000000007	0.1235840371621621	0.08770833333333333
-0.34929999999999994	0.27018900000000023	0.13958298141891892	0.0878125
-0.32889999999999997	0.2643310000000003	0.1299229307432431	0.0909375
-0.3659499999999999	0.3253677500000016	0.13244024493243248	0.09406250000000001
-0.33955	0.23339774999999996	0.12001330236486493	0.09260416666666667
-0.34809999999999997	0.22682099999999927	0.13730510979729726	0.08822916666666666
-0.33909999999999996	0.257540999999998	0.12035853040540553	0.10020833333333333
-0.3204999999999999	0.22777500000000117	0.11869256756756755	0.09625
-0.33430000000000004	0.2785390000000003	0.11759670608108105	0.09229166666666667
-0.3435999999999999	0.1979059999999997	0.11953251689189182	0.08854166666666667
-0.33819999999999995	0.3675639999999998	0.12128082770270275	0.089375
-0.355	0.30349999999999966	0.11971684966216217	0.07760416666666667
-0.33775	0.24369375000000026	0.13374197635135138	0.08979166666666667
-0.37405	0.3175177500000004	0.1215551097972973	0.08281250000000001
-0.35844999999999994	0.14956774999999922	0.12986718749999995	0.0846875
-0.32304999999999995	0.25170774999999956	0.12610071790540534	0.09864583333333334
-0.349	0.46534999999999904	0.1340048564189188	0.09427083333333335
-0.3548499999999999	0.33984975000000084	0.12762922297297305	0.08499999999999999
-0.3769	0.37932099999999913	0.1274569256756757	0.08541666666666667
-0.32515000000000005	0.2624997499999999	0.12367715371621618	0.09802083333333333
-0.33504999999999996	0.16812774999999824	0.1277432432432432	0.08916666666666667
-0.3779499999999999	0.2883477499999998	0.12935409628378386	0.07989583333333333
-0.30879999999999996	0.25583399999999923	0.11086824324324322	0.09208333333333334
-0.3527499999999999	0.2809437500000005	0.11597381756756761	0.08499999999999999
-0.34945000000000004	0.23760775000000045	0.1227852618243242	0.08802083333333334
-0.3244	0.25474599999999903	0.1259575591216216	0.09718750000000001
-0.3599499999999999	0.1789277500000015	0.1291919341216216	0.0878125
-0.3738999999999999	0.24568100000000115	0.13775358952702704	0.08989583333333334
-0.3601	0.2335609999999999	0.1329355996621622	0.07510416666666667
-0.37029999999999985	0.378699000000001	0.14254750844594594	0.09864583333333334
-0.3276999999999999	0.3379189999999994	0.1273764780405406	0.09427083333333335
-0.35545000000000004	0.3564477499999992	0.11613851351351348	0.0925
-0.33414999999999995	0.31231975000000034	0.12478568412162158	0.08447916666666667
-0.3639999999999999	0.40334999999999965	0.129926731418919	0.09406250000000001
-0.3255999999999999	0.22699600000000153	0.12427512668918914	0.0871875
-0.34975	0.18494374999999863	0.1186545608108108	0.09583333333333334
-0.3536499999999999	0.3248797500000009	0.1298754222972973	0.09395833333333334
-0.3062499999999999	0.22234375000000028	0.12402428209459462	0.09135416666666667
-0.3336999999999999	0.3246590000000005	0.1244885979729729	0.08854166666666667
-0.3447999999999999	0.37614400000000003	0.13534269425675674	0.08802083333333334
-0.3365499999999999	0.23626774999999967	0.12452090371621614	0.08135416666666667
-0.32635000000000003	0.48722974999999913	0.1313342483108108	0.10052083333333334
-0.31689999999999996	0.2700210000000016	0.11764421452702706	0.09760416666666667
-0.34299999999999997	0.3456499999999991	0.1252012246621621	0.09197916666666667
-0.35649999999999993	0.297975000000001	0.12023880912162171	0.09010416666666667
-0.29769999999999985	0.4482189999999999	0.13217039695945942	0.09635416666666667
-0.3427	0.2922689999999992	0.13177766047297296	0.08177083333333333
-0.3356499999999999	0.18123975000000137	0.13960198479729724	0.09677083333333335
-0.34315000000000007	0.4275897499999992	0.12579539695945943	0.10135416666666666
-0.3173499999999999	0.2815997499999998	0.12438407939189189	0.09677083333333335
-0.3307	0.3231389999999994	0.12488893581081092	0.09395833333333334
-0.35214999999999996	0.46580975	0.12429603040540535	0.079375
-0.32109999999999994	0.3243310000000008	0.11730785472972977	0.09645833333333334
-0.35950000000000004	0.4075249999999997	0.1292996199324324	0.08760416666666666
-0.3367	0.24397899999999773	0.13958614864864863	0.09458333333333334
-0.34030000000000005	0.18389899999999848	0.13614780405405413	0.08499999999999999
-0.3666999999999999	0.32667900000000216	0.14382453547297294	0.08239583333333333
-0.34809999999999997	0.26057100000000055	0.13512732263513516	0.08635416666666666
-0.37585	0.4175197499999985	0.14484945101351338	0.09385416666666667
-0.3284499999999999	0.32011774999999965	0.12842483108108102	0.09125
-0.35424999999999995	0.1717437499999992	0.13275063344594595	0.09468750000000001
-0.3252999999999999	0.3864990000000006	0.13095481418918928	0.084375
-0.3418	0.28436400000000006	0.12475337837837842	0.10166666666666667
-0.37254999999999994	0.29862774999999964	0.1370732685810811	0.09302083333333334
-0.31975	0.25619374999999955	0.12629201858108113	0.08552083333333334
-0.33430000000000004	0.33853899999999904	0.12983171452702702	0.08760416666666666
-0.33745	0.24677774999999968	0.12009691722972962	0.0921875
-0.3772	0.37872400000000006	0.12679560810810814	0.09458333333333334
-0.35529999999999995	0.35704899999999995	0.12545396959459454	0.09145833333333334
-0.34734999999999994	0.35919975000000015	0.1173148226351351	0.0859375
-0.3605499999999999	0.1537077500000006	0.12764442567567558	0.09333333333333334
-0.33235000000000003	0.1121497499999986	0.12055236486486484	0.095
-0.3349	0.2759110000000007	0.12714653716216218	0.090625
-0.3244	0.36024600000000007	0.12826330236486486	0.09677083333333335
-0.36534999999999995	0.33690975000000023	0.13151541385135135	0.09322916666666667
-0.33504999999999996	0.24437774999999817	0.1296746199324324	0.0934375
-0.30355	0.2523877499999996	0.12738724662162165	0.096875
-0.4012	0.27323399999999864	0.12152407094594596	0.08562499999999999
-0.3113499999999999	0.27617974999999984	0.13025485641891904	0.09177083333333334
-0.34794999999999987	0.32464775000000046	0.12857052364864865	0.088125
-0.3961	0.30433099999999946	0.13890139358108097	0.08281250000000001
-0.34945000000000004	0.3716077500000008	0.1323946368243244	0.1040625
-0.35305	0.23775774999999832	0.13036190878378376	0.08729166666666667
-0.3661	0.15248099999999987	0.1355821368243245	0.0890625
-0.3353499999999999	0.26930975000000146	0.12855468750000004	0.09427083333333335
-0.3182499999999999	0.35574375000000025	0.13130954391891891	0.08604166666666667
-0.3024999999999999	0.22787500000000183	0.13648669763513502	0.08281250000000001
-0.35005	0.16352775000000008	0.13250168918918903	0.095
-0.35634999999999994	0.24682975000000162	0.13672930743243233	0.089375
-0.3998499999999999	0.3512497500000009	0.14137056587837832	0.09677083333333335
-0.33414999999999995	0.28906974999999946	0.13268412162162155	0.08625
-0.34419999999999995	0.2776539999999983	0.12417757601351351	0.08989583333333334
-0.31509999999999994	0.18916100000000036	0.11212816722972971	0.08343750000000001
-0.32919999999999994	0.191554	0.11741237331081078	0.08697916666666666
-0.40584999999999993	0.29236975000000065	0.12988809121621622	0.083125
-0.36145000000000005	0.4254877500000003	0.1332010135135135	0.08666666666666667
-0.3333999999999999	0.26771600000000007	0.12084818412162165	0.09197916666666667
-0.33594999999999997	0.2804177499999998	0.13228315033783786	0.0753125
-0.36339999999999995	0.19586599999999876	0.12167419763513512	0.08364583333333334
-0.3839499999999999	0.42938775000000007	0.1534206081081082	0.08916666666666667
-0.3182499999999999	0.35049375000000005	0.1214163851351352	0.09333333333333334
-0.36924999999999997	0.2887437500000001	0.13199366554054054	0.091875
-0.3892	0.2612039999999993	0.14227702702702694	0.08083333333333334
-0.3830499999999999	0.3815577500000007	0.13172825168918917	0.08197916666666667
-0.3488499999999999	0.25117975000000037	0.11789505912162154	0.08427083333333334
-0.3455499999999999	0.3510577500000007	0.12039463682432429	0.09239583333333334
-0.33999999999999986	0.22100000000000009	0.12415920608108098	0.08479166666666667
-0.34014999999999995	0.2146997500000012	0.13636951013513507	0.09770833333333333
-0.37345000000000006	0.2539177499999976	0.1314685388513513	0.09302083333333334
-0.3678999999999999	0.23755099999999985	0.1406820101351352	0.086875
-0.3404499999999999	0.26709775000000135	0.11460937499999997	0.091875
-0.3384999999999999	0.2327250000000003	0.1256699746621621	0.09322916666666667
-0.3678999999999999	0.4138010000000012	0.1322052364864864	0.08791666666666667
-0.38125	0.3758437499999996	0.14510029560810797	0.08010416666666667
-0.33609999999999995	0.290381	0.11965793918918925	0.08416666666666668
-0.4070499999999999	0.2714477500000001	0.13960451858108114	0.08218750000000001
-0.35529999999999995	0.1657989999999998	0.1262299408783783	0.0928125
-0.3627999999999999	0.2223740000000003	0.13280637668918926	0.09385416666666667
-0.3504999999999999	0.3552750000000007	0.14156946790540526	0.0865625
-0.3476499999999999	0.29979975000000003	0.11336211993243236	0.0859375
-0.3538	0.28953399999999974	0.13471114864864864	0.08625
-0.37314999999999987	0.20623975000000172	0.14310114020270265	0.09177083333333334
-0.34839999999999993	0.36391600000000146	0.12480658783783774	0.08958333333333333
-0.35185	0.30298975000000006	0.13404286317567565	0.09010416666666667
-0.36265000000000003	0.34124974999999935	0.13299767736486479	0.09697916666666667
-0.3575499999999999	0.30872775000000274	0.1249123733108108	0.08697916666666666
-0.3973	0.28666899999999806	0.14317842060810804	0.0878125
-0.3547	0.33444899999999933	0.11623543074324322	0.08927083333333334
-0.3545499999999999	0.43229774999999826	0.12088555743243229	0.10145833333333333
-0.3427	0.2295189999999998	0.11788048986486492	0.09729166666666668
-0.32709999999999995	0.24245099999999908	0.12874978885135135	0.09302083333333334
-0.34824999999999995	0.3207437500000001	0.12139168074324325	0.09302083333333334
-0.34465	0.26170974999999963	0.13436592060810804	0.08447916666666667
-0.3418	0.30436399999999963	0.11988027871621629	0.09322916666666667
-0.34030000000000005	0.45714899999999936	0.12125548986486484	0.093125
-0.3344499999999999	0.24375775000000033	0.11863935810810816	0.08791666666666667
-0.33684999999999987	0.46993975	0.1295320945945945	0.09958333333333333
-0.3132999999999999	0.23847900000000166	0.10715054898648638	0.0903125
-0.32665	0.20421975000000003	0.11918475506756754	0.0921875
-0.3487	0.18850899999999804	0.12934776182432428	0.09177083333333334
-0.3678999999999999	0.4475510000000007	0.127698902027027	0.083125
-0.37015	0.3955997500000006	0.13878737331081079	0.09364583333333334
-0.36175	0.3277437499999998	0.11694552364864869	0.08562499999999999
-0.31689999999999996	0.19952100000000073	0.12194784628378386	0.08739583333333334
-0.3358	0.2582039999999992	0.12405278716216218	0.07520833333333334
-0.38439999999999996	0.257045999999999	0.12860599662162162	0.08395833333333334
-0.35065	0.4019397499999986	0.1423967483108108	0.08927083333333334
-0.35860000000000003	0.1934559999999994	0.12380510979729725	0.0903125
-0.31989999999999996	0.13196099999999866	0.12118707770270268	0.09229166666666667
-0.3579999999999999	0.19815000000000182	0.13860684121621622	0.09354166666666668
-0.3125499999999999	0.16202775000000003	0.12180912162162157	0.0925
-0.35214999999999996	0.32605975000000065	0.12565097128378383	0.07927083333333333
-0.373	0.3406500000000001	0.12968348817567565	0.08739583333333334
-0.34419999999999995	0.27415399999999934	0.1276558277027028	0.09104166666666667
-0.3545499999999999	0.38779774999999894	0.1356176097972973	0.08322916666666667
-0.36924999999999997	0.2657437499999986	0.12262183277027028	0.09406250000000001
-0.32994999999999997	0.35147774999999726	0.1322172719594595	0.08947916666666667
-0.33129999999999993	0.24155900000000052	0.12823796452702713	0.08510416666666666
-0.35844999999999994	0.3625677500000002	0.12956693412162154	0.08072916666666667
-0.34134999999999993	0.24102975000000093	0.11690244932432428	0.091875
-0.35334999999999994	0.5108197499999996	0.1270027449324324	0.09656250000000001
-0.35860000000000003	0.2952060000000003	0.12852681587837853	0.0859375
-0.35860000000000003	0.3937059999999999	0.12772994087837827	0.09114583333333334
-0.3115	0.21347499999999897	0.1164698057432432	0.0865625
-0.3661	0.4712309999999995	0.1390230152027027	0.08072916666666667
-0.3252999999999999	0.29624899999999954	0.12460135135135122	0.08666666666666667
-0.3596499999999999	0.24965975000000107	0.12852998310810823	0.08979166666666667
-0.3575499999999999	0.33472775000000254	0.13436908783783794	0.08541666666666667
-0.31555	0.23600774999999885	0.11435282939189187	0.0896875
-0.39159999999999995	0.30371599999999965	0.13405489864864856	0.08125
-0.34315000000000007	0.2758397499999994	0.1250346283783784	0.09541666666666668
-0.3982	0.3997139999999977	0.13948669763513494	0.07739583333333333
-0.36460000000000004	0.32307600000000036	0.1204206081081081	0.09083333333333334
-0.34299999999999997	0.27889999999999837	0.13358868243243244	0.08333333333333334
-0.38334999999999997	0.0904197499999988	0.14331397804054055	0.08552083333333334
-0.36639999999999995	0.26345600000000147	0.12077533783783785	0.09666666666666668
-0.3478	0.23422399999999932	0.12449429898648642	0.08572916666666666
-0.355	0.1977499999999992	0.13518623310810818	0.081875
-0.34104999999999996	0.2633877499999979	0.11421283783783776	0.0925
-0.379	0.2758499999999984	0.13667799831081082	0.0896875
-0.3728499999999999	0.23805974999999968	0.12938513513513525	0.08791666666666667
-0.3315999999999999	0.2095160000000007	0.11968961148648646	0.09270833333333334
-0.37749999999999995	0.3621250000000007	0.11983657094594585	0.09354166666666668
-0.36249999999999993	0.3513750000000009	0.12459945101351354	0.08885416666666666
-0.32679999999999987	0.2547139999999999	0.1251043074324324	0.09520833333333334
-0.3890499999999999	0.1946677500000007	0.13332263513513504	0.08458333333333334
-0.35814999999999997	0.15528974999999967	0.12473374155405412	0.0996875
-0.33294999999999997	0.22204775000000154	0.11011380912162176	0.09010416666666667
-0.31915000000000004	0.26086974999999946	0.12033826013513503	0.094375
-0.35605	0.19603775000000034	0.1359666385135134	0.083125
-0.3303999999999999	0.3509260000000012	0.12398437499999995	0.10312500000000001
-0.3238	0.17973399999999984	0.12353019425675676	0.09052083333333334
-0.34524999999999995	0.2886937500000002	0.14063006756756752	0.09333333333333334
-0.38829999999999987	0.12347899999999967	0.11638619087837823	0.08739583333333334
-0.3455499999999999	0.23455775000000045	0.11879138513513515	0.07875
-0.3536499999999999	0.25887975000000196	0.12228230574324322	0.08989583333333334
-0.38049999999999995	0.33627500000000055	0.13976921452702712	0.10052083333333334
-0.34750000000000003	0.40987499999999955	0.12313239020270252	0.0984375
-0.3456999999999999	0.31848900000000135	0.12113513513513517	0.09041666666666667
-0.33519999999999994	0.28259400000000134	0.12747909628378368	0.08114583333333333
-0.34404999999999997	0.16346775000000058	0.1276830658783784	0.09385416666666667
-0.34524999999999995	0.2841937500000018	0.12096283783783779	0.08958333333333333
-0.35019999999999996	0.3676939999999984	0.12130363175675675	0.08270833333333334
-0.34014999999999995	0.2594497499999999	0.13412964527027016	0.09895833333333333
-0.33895	0.19458775000000017	0.13323078547297296	0.08989583333333334
-0.3738999999999999	0.36493100000000034	0.14088091216216214	0.08833333333333333
-0.3404499999999999	0.25459775000000207	0.13063175675675676	0.0925
-0.37959999999999994	0.43837600000000165	0.1431784206081081	0.08864583333333334
-0.33999999999999986	0.4302500000000009	0.12255975506756756	0.10468749999999999
-0.35409999999999997	0.24209100000000028	0.12685198479729726	0.09927083333333334
-0.35185	0.32548974999999913	0.13330996621621616	0.08041666666666668
-0.36444999999999994	0.39820775000000097	0.11374092060810806	0.09489583333333335
-0.3942999999999999	0.3081390000000006	0.12185979729729743	0.0875
-0.36895	0.4187877499999981	0.14119510135135135	0.10041666666666667
-0.3344499999999999	0.3220077500000009	0.13185494087837848	0.08822916666666666
-0.36865000000000003	0.2955797499999999	0.12185029560810814	0.0859375
-0.37539999999999996	0.3280259999999995	0.13390350506756757	0.08635416666666666
-0.37134999999999996	0.452129750000001	0.11622592905405399	0.09270833333333334
-0.33594999999999997	0.23116774999999912	0.1252069256756757	0.09041666666666667
-0.35319999999999996	0.15741400000000105	0.13706503378378382	0.08499999999999999
-0.34465	0.3074597499999996	0.12865160472972964	0.08479166666666667
-0.33504999999999996	0.33187774999999853	0.1222892736486488	0.09520833333333334
-0.32214999999999994	0.3234097499999997	0.11843665540540549	0.09
-0.35785	0.3365097499999994	0.12335219594594594	0.09541666666666668
-0.385	0.22999999999999865	0.12951245777027035	0.09802083333333333
-0.3538	0.14453400000000016	0.14091575168918918	0.08572916666666666
-0.37734999999999996	0.23979974999999776	0.135492820945946	0.08520833333333333
-0.34824999999999995	0.22724374999999952	0.12876942567567556	0.08666666666666667
-0.34539999999999993	0.2756260000000008	0.13717652027027027	0.0975
-0.38215	0.4449597499999989	0.12820565878378365	0.09770833333333333
-0.3175	0.10862499999999997	0.12079814189189185	0.09791666666666667
-0.3539499999999999	0.26593775000000264	0.1343557854729729	0.09531250000000001
-0.37314999999999987	0.5274897500000009	0.12461021959459456	0.091875
-0.3273999999999999	0.34968600000000016	0.11877554898648643	0.0978125
-0.3545499999999999	0.33004774999999853	0.12705405405405418	0.08833333333333333
-0.33865	0.26092974999999896	0.13356081081081095	0.09791666666666667
-0.34329999999999994	0.233528999999999	0.13377238175675668	0.094375
-0.35739999999999994	0.28858600000000045	0.12312415540540539	0.08541666666666667
-0.36505	0.3814277499999985	0.13091807432432437	0.08916666666666667
-0.33309999999999995	0.5037710000000004	0.12331102195945948	0.08947916666666667
-0.35814999999999997	0.32103974999999885	0.13333467060810805	0.09614583333333335
-0.3409	0.349691	0.12250084459459451	0.09541666666666668
-0.3756999999999999	0.20493899999999954	0.1333188344594595	0.09770833333333333
-0.35724999999999996	0.3286937500000011	0.12506376689189183	0.08770833333333333
-0.32830000000000004	0.25262900000000066	0.13221283783783794	0.09541666666666668
-0.29259999999999997	0.14058600000000077	0.11716722972972976	0.0925
-0.36249999999999993	0.3246249999999993	0.11797930743243246	0.091875
-0.37615	0.33667975000000006	0.12659860641891887	0.08052083333333333
-0.35230000000000006	0.3647189999999991	0.12769446790540542	0.09072916666666667
-0.35619999999999996	0.23893399999999865	0.13246874999999975	0.09083333333333334
-0.35185	0.31823975000000004	0.13072804054054044	0.08958333333333333
-0.3315999999999999	0.3967660000000013	0.12401161317567566	0.0871875
-0.349	0.3910999999999998	0.13310282939189183	0.08218750000000001
-0.3516999999999999	0.23332899999999945	0.12938576858108103	0.08802083333333334
-0.36205	0.24424775000000132	0.12399831081081081	0.08458333333333334
-0.3356499999999999	0.3174897500000018	0.11516110641891891	0.0871875
-0.3284499999999999	0.20086775000000046	0.12344721283783779	0.090625
-0.3858999999999999	0.3437910000000013	0.13929983108108104	0.08583333333333333
-0.349	0.29134999999999955	0.13025992398648648	0.0896875
-0.32109999999999994	0.18783100000000097	0.1285508868243244	0.09072916666666667
-0.36429999999999985	0.30583900000000064	0.11712858952702712	0.09406250000000001
-0.35244999999999993	0.27812775000000123	0.12772487331081087	0.09239583333333334
-0.35350000000000004	0.31722499999999876	0.13935367398648632	0.09718750000000001
-0.3666999999999999	0.26417900000000216	0.1375812922297297	0.10114583333333334
-0.3379	0.18940099999999838	0.14052744932432434	0.08604166666666667
-0.33414999999999995	0.3453197499999998	0.1292679476351353	0.09739583333333335
-0.35244999999999993	0.2481277500000001	0.1274778293918919	0.0909375
-0.3485499999999999	0.3620877500000006	0.13356777871621625	0.0853125
-0.31899999999999995	0.3113499999999991	0.1184189189189189	0.08958333333333333
-0.3439	0.21003099999999897	0.11849049831081082	0.0934375
-0.32109999999999994	0.2170810000000003	0.12021093750000003	0.09010416666666667
-0.38739999999999997	0.2829859999999993	0.13046832770270264	0.089375
-0.35005	0.3002777500000011	0.12646114864864874	0.08791666666666667
-0.3204999999999999	0.25877500000000175	0.11507432432432435	0.08791666666666667
-0.3536499999999999	0.2856297500000018	0.12460071790540528	0.0853125
-0.33835000000000004	0.3340197499999995	0.12939146959459452	0.08729166666666667
-0.34929999999999994	0.1471890000000009	0.12449429898648656	0.09406250000000001
-0.3469	0.2884209999999996	0.11704117398648643	0.09052083333333334
-0.3791499999999999	0.39716975000000154	0.15159628378378376	0.09125
-0.33985	0.3122997499999993	0.11558614864864857	0.09583333333333334
-0.35860000000000003	0.32995599999999925	0.13150084459459457	0.09041666666666667
-0.3363999999999999	0.304806000000001	0.12212457770270278	0.09020833333333333
-0.36265000000000003	0.3032497499999991	0.1349030827702703	0.09822916666666666
-0.33519999999999994	0.3145940000000014	0.13937901182432422	0.0846875
-0.33609999999999995	0.32838100000000026	0.1412939189189188	0.09291666666666668
-0.39835	0.31421975000000124	0.13865688344594587	0.0734375
-0.34329999999999994	0.4637790000000006	0.14146051520270259	0.08864583333333334
-0.38125	0.23534375000000018	0.13948353040540531	0.091875
-0.34809999999999997	0.25257099999999966	0.13589189189189207	0.08958333333333333
-0.36114999999999986	0.15947975000000092	0.12455701013513518	0.08854166666666667
-0.32484999999999986	0.2282497499999998	0.1374957770270271	0.08625
-0.35830000000000006	0.2429289999999984	0.13417525337837846	0.088125
-0.3798999999999999	0.29201100000000224	0.13282918074324324	0.09427083333333335
-0.35665	0.19011974999999914	0.13707580236486488	0.09635416666666667
-0.3778	0.20477399999999868	0.12857812499999988	0.08562499999999999
-0.34030000000000005	0.1401489999999992	0.12825443412162169	0.08239583333333333
-0.33775	0.29769375000000053	0.1263794341216216	0.09572916666666667
-0.36129999999999995	0.3558590000000006	0.12303483952702718	0.08697916666666666
-0.35634999999999994	0.47582975000000083	0.1289746621621622	0.08166666666666668
-0.33265	0.3363497500000001	0.1411913006756756	0.08645833333333333
-0.36865000000000003	0.31657974999999894	0.13781566722972963	0.08177083333333333
-0.30984999999999996	0.22119974999999936	0.13399852195945955	0.08572916666666666
-0.31209999999999993	0.21565100000000115	0.11865392736486495	0.09572916666666667
-0.3526	0.4697860000000009	0.1278711993243243	0.08604166666666667
-0.36624999999999996	0.2408437499999998	0.12159058277027018	0.08156250000000001
-0.34809999999999997	0.4308209999999999	0.11861085304054045	0.08614583333333334
-0.33999999999999986	0.1927500000000002	0.12245840371621629	0.09135416666666667
-0.39490000000000003	0.31096099999999893	0.12304244087837837	0.08406250000000001
-0.39969999999999994	0.3852489999999982	0.13305152027027028	0.09125
-0.34509999999999996	0.21576099999999876	0.13140202702702708	0.09375
-0.3393999999999999	0.245946	0.12359290540540528	0.08666666666666667
-0.31704999999999994	0.3760477499999997	0.10853842905405398	0.08354166666666668
-0.36234999999999995	0.2677497500000001	0.13391364020270272	0.08927083333333334
-0.34195	0.29105774999999845	0.12405405405405401	0.08458333333333334
-0.3605499999999999	0.3497077500000003	0.12311465371621626	0.09302083333333334
-0.3425499999999999	0.26382774999999903	0.13155532094594594	0.08479166666666667
-0.349	0.35684999999999967	0.13442039695945945	0.09010416666666667
-0.39325	0.39974374999999895	0.13006545608108094	0.098125
-0.3303999999999999	0.2339260000000003	0.11440097128378388	0.0996875
-0.36429999999999985	0.13783900000000138	0.12361507601351342	0.08822916666666666
-0.33309999999999995	0.4455209999999994	0.12535325168918918	0.10322916666666666
-0.34614999999999996	0.2547797499999991	0.13012880067567573	0.093125
-0.35514999999999985	0.2613997500000007	0.128707347972973	0.086875
-0.33175	0.3302437499999993	0.12063661317567569	0.09552083333333335
-0.3608499999999999	0.28321975000000066	0.12963471283783787	0.083125
-0.3236499999999999	0.32447975000000007	0.12659923986486485	0.09729166666666668
-0.3596499999999999	0.40840975000000057	0.13642525337837835	0.09520833333333334
-0.33684999999999987	0.26643975	0.12802132601351354	0.08281250000000001
-0.3608499999999999	0.37621975000000063	0.11685494087837835	0.09531250000000001
-0.3488499999999999	0.3069297500000001	0.12003927364864864	0.098125
-0.3375999999999999	0.31123600000000273	0.12029898648648646	0.09541666666666668
-0.3021999999999999	0.19622400000000084	0.12226583614864858	0.10552083333333333
-0.3346	0.19322599999999923	0.1252569679054054	0.09447916666666667
-0.35514999999999985	0.3568997500000002	0.1346072635135135	0.09291666666666668
-0.35244999999999993	0.4203777500000001	0.12380701013513512	0.09104166666666667
-0.361	0.16359999999999886	0.130910472972973	0.08083333333333334
-0.34224999999999994	0.26119374999999856	0.12024641047297308	0.08552083333333334
-0.3247	0.25999900000000054	0.12518095439189184	0.0878125
-0.3647499999999999	0.16819375000000214	0.12294805743243252	0.09104166666666667
-0.3252999999999999	0.2794989999999995	0.11100126689189188	0.08854166666666667
-0.3208	0.3780539999999988	0.13909839527027026	0.09145833333333334
-0.33819999999999995	0.17981399999999859	0.1288188344594594	0.08979166666666667
-0.3555999999999999	0.354846000000002	0.13402956081081072	0.08499999999999999
-0.3756999999999999	0.3609390000000001	0.12248184121621622	0.09520833333333334
-0.3439	0.17528099999999824	0.12527660472972965	0.088125
-0.34195	0.29055774999999784	0.13022191722972962	0.0871875
-0.367	0.23690000000000033	0.12567314189189185	0.09625
-0.35665	0.2181197499999996	0.12147972972972977	0.09041666666666667
-0.35214999999999996	0.32880974999999957	0.1304632601351351	0.089375
-0.3303999999999999	0.28742599999999996	0.1287554898648649	0.09645833333333334
-0.36145000000000005	0.31548774999999907	0.13147804054054057	0.08833333333333333
-0.32904999999999995	0.2995677499999996	0.13567905405405395	0.08499999999999999
-0.36654999999999993	0.22106774999999956	0.14084353885135134	0.09385416666666667
-0.31675	0.3412437500000003	0.12162098817567556	0.10947916666666667
-0.3487	0.29825899999999805	0.13221917229729732	0.10354166666666667
-0.36249999999999993	0.2768750000000004	0.13043918918918915	0.08625
-0.34495	0.35532774999999894	0.13477576013513518	0.09229166666666667
-0.31074999999999997	0.1899937499999984	0.12404645270270276	0.10250000000000001
-0.38380000000000003	0.2935839999999992	0.13156862331081076	0.09447916666666667
-0.3488499999999999	0.2931797500000002	0.14856587837837842	0.07875
-0.3296499999999999	0.22025975000000209	0.1271908783783783	0.08041666666666668
-0.3699999999999999	0.33225000000000016	0.12790667229729713	0.096875
-0.3687999999999999	0.27843400000000074	0.12809543918918923	0.08916666666666667
-0.35439999999999994	0.4518960000000014	0.11884522804054053	0.09927083333333334
-0.3416499999999999	0.30616975000000046	0.12820565878378373	0.086875
-0.36339999999999995	0.5276159999999983	0.13308952702702703	0.09333333333333334
-0.38154999999999994	0.30271774999999934	0.13679455236486487	0.0846875
-0.37134999999999996	0.2771297500000003	0.125097972972973	0.08416666666666668
-0.35934999999999995	0.25713975000000033	0.12797951858108106	0.0859375
-0.38664999999999994	0.17901975000000192	0.143707347972973	0.084375
-0.3273999999999999	0.292936000000001	0.1289385557432433	0.08239583333333333
-0.3930999999999999	0.3102210000000003	0.12349978885135138	0.07968750000000001
-0.36849999999999994	0.36947499999999955	0.1342461993243243	0.08479166666666667
-0.3012999999999999	0.24625900000000023	0.12701921452702708	0.08760416666666666
-0.30189999999999995	0.2975709999999996	0.1190479307432433	0.10052083333333334
-0.35860000000000003	0.25970599999999955	0.1122744932432432	0.095
-0.3769	0.3235709999999994	0.12117947635135128	0.09895833333333333
-0.33324999999999994	0.21249375000000192	0.13097381756756746	0.09083333333333334
-0.3447999999999999	0.25164400000000064	0.1164723395270269	0.1003125
-0.34030000000000005	0.2958989999999986	0.1269001266891892	0.10260416666666666
-0.3858999999999999	0.2527910000000002	0.1258498733108108	0.0890625
-0.33235000000000003	0.23839974999999924	0.12605194256756763	0.08645833333333333
-0.3487	0.26750899999999866	0.1259417229729729	0.0925
-0.3668499999999999	0.3127897500000003	0.12841216216216197	0.08875
-0.43104999999999993	0.3665377500000009	0.14011760979729726	0.08197916666666667
-0.3547	0.3154489999999992	0.1206746199324325	0.09510416666666667
-0.37449999999999994	0.3450249999999997	0.11781651182432437	0.09260416666666667
-0.3504999999999999	0.20027499999999954	0.13588492398648638	0.08343750000000001
-0.33955	0.26939774999999955	0.12693876689189185	0.09104166666666667
-0.39654999999999996	0.2923677499999986	0.12234755067567568	0.090625
-0.34719999999999995	0.2970240000000004	0.11875021114864868	0.09447916666666667
-0.34375	0.2833437500000002	0.12352385979729724	0.0878125
-0.3355	0.32802499999999846	0.13899260979729725	0.08739583333333334
-0.31915000000000004	0.31786974999999984	0.11282812500000006	0.08729166666666667
-0.3499	0.3503609999999995	0.12701034628378377	0.07614583333333333
-0.38244999999999996	0.3335777499999999	0.12435050675675668	0.07875
-0.34134999999999993	0.3597797500000013	0.12396917229729729	0.09395833333333334
-0.3166	0.3124660000000006	0.12450823479729721	0.0771875
-0.3423999999999999	0.42413600000000073	0.12256798986486483	0.100625
-0.3649	0.28906100000000023	0.13175168918918903	0.09125
-0.36175	0.41349375000000066	0.13872846283783774	0.08145833333333334
-0.32484999999999986	0.22099975000000072	0.13820840371621623	0.08302083333333334
-0.33909999999999996	0.17179099999999892	0.1237392314189188	0.08822916666666666
-0.38215	0.4084597499999987	0.12564780405405412	0.0825
-0.34719999999999995	0.20252400000000037	0.12968602195945955	0.08697916666666666
-0.3315999999999999	0.31301600000000107	0.1096976351351352	0.09416666666666668
-0.3659499999999999	0.23011775000000156	0.1443769003378378	0.08989583333333334
-0.33835000000000004	0.32526975000000036	0.1452953969594593	0.10052083333333334
-0.3478	0.3089739999999992	0.13375401182432434	0.09593750000000001
-0.36444999999999994	0.3439577499999995	0.11944193412162157	0.09239583333333334
-0.3589	0.22048099999999948	0.12443982263513523	0.09135416666666667
-0.30384999999999995	0.20152975000000062	0.11688978040540526	0.095625
-0.3728499999999999	0.38305975000000103	0.13387816722972987	0.08760416666666666
-0.3467499999999999	0.20449375000000103	0.1283937922297299	0.09864583333333334
-0.35919999999999996	0.4130040000000008	0.122649070945946	0.09604166666666668
-0.3547	0.35294899999999885	0.1419495354729728	0.09406250000000001
-0.4033	0.395878999999999	0.13460282939189197	0.08010416666666667
-0.35919999999999996	0.22350400000000015	0.12058023648648653	0.08583333333333333
-0.37224999999999997	0.4366937499999981	0.12395777027027025	0.09125
-0.37945000000000007	0.29630774999999865	0.1354833192567566	0.09947916666666666
