-0.45062499999999983	0.48937500000000256	0.16465625	0.09166666666666667
-0.45152499999999995	0.472058999999998	0.18468359375000004	0.08680555555555555
-0.4382499999999999	0.3886000000000003	0.18060546875000008	0.09194444444444445
-0.47492500000000004	0.4761109999999995	0.17828320312499993	0.08652777777777779
-0.472	0.3885999999999967	0.16190234375000012	0.09333333333333334
-0.46401250000000005	0.5478097499999954	0.17928515624999997	0.09625
-0.4427500000000001	0.22939999999999472	0.16441406249999987	0.09361111111111112
-0.449275	0.2612889999999979	0.16916992187499988	0.08430555555555555
-0.4667125	0.44908775000000034	0.19061914062499996	0.08708333333333333
-0.43757499999999994	0.4748610000000042	0.16488476562499998	0.08930555555555557
-0.449275	0.39928899999999956	0.17652148437500012	0.09652777777777778
-0.49405	0.5955259999999996	0.190447265625	0.08652777777777779
-0.4759375	0.37659374999999784	0.18069140624999994	0.09083333333333334
-0.4516374999999999	0.4778297500000015	0.17218945312499986	0.08750000000000001
-0.4519749999999999	0.4533890000000014	0.15617578124999992	0.09111111111111111
-0.4544499999999999	0.6464359999999978	0.15590234374999987	0.09708333333333333
-0.4178875000000001	0.42117974999999674	0.15673242187499994	0.08777777777777779
-0.4196875	0.3383437499999964	0.16187500000000002	0.09708333333333333
-0.47773750000000004	0.2246297499999983	0.1782988281250001	0.08597222222222223
-0.42835	0.41762399999999644	0.1543085937500002	0.08236111111111111
-0.48763749999999995	0.5422897499999983	0.18960546874999987	0.09222222222222223
-0.460075	0.21946099999999902	0.17357617187499996	0.09027777777777779
-0.4648	0.4548059999999978	0.17849804687500004	0.0973611111111111
-0.4475874999999999	0.548517750000002	0.1562617187499999	0.09805555555555555
-0.5176749999999999	0.39297100000000285	0.18301367187499987	0.08527777777777779
-0.45467500000000005	0.5344509999999971	0.18210742187500006	0.09083333333333334
-0.4382499999999999	0.5501000000000005	0.16867578124999993	0.10041666666666667
-0.41979999999999995	0.4507559999999984	0.16263867187499986	0.10013888888888889
-0.4648	0.43980599999999725	0.18409179687500007	0.08333333333333333
-0.46963749999999993	0.63120975	0.16520507812500007	0.07458333333333333
-0.43037499999999995	0.41302500000000464	0.15965625000000006	0.09250000000000001
-0.48887499999999984	0.5874750000000049	0.18350585937500002	0.08388888888888889
-0.4137249999999999	0.6610289999999992	0.16782421874999992	0.08763888888888889
-0.4849375	0.4124937499999959	0.18776757812499997	0.07888888888888888
-0.44365	0.5198640000000019	0.170779296875	0.09638888888888889
-0.4411749999999999	0.5457609999999988	0.18235546874999994	0.07833333333333332
-0.44657499999999994	0.4416510000000038	0.17728320312500004	0.09638888888888889
-0.4501749999999999	0.46102100000000235	0.16673632812500006	0.09375000000000001
-0.49765000000000004	0.33164399999999716	0.18089453125000016	0.0825
-0.4424125	0.6224677499999984	0.16765039062500012	0.08902777777777779
-0.4750374999999999	0.6510277500000008	0.17398242187500004	0.09027777777777779
-0.4654750000000001	0.4618189999999984	0.17039062499999996	0.08347222222222223
-0.46209999999999996	0.36482400000000226	0.16727539062500002	0.08472222222222223
-0.4669375	0.35224374999999597	0.18371093750000012	0.08847222222222223
-0.44286249999999994	0.5522097499999994	0.18811718750000006	0.08333333333333333
-0.47087500000000004	0.3235249999999965	0.18335546874999992	0.09416666666666668
-0.44657499999999994	0.5644010000000037	0.17864257812499987	0.08625000000000001
-0.49562499999999987	0.3743750000000041	0.16899414062499996	0.0776388888888889
-0.4808874999999999	0.3460097500000039	0.15346289062500007	0.08194444444444444
-0.4943875	0.4995197499999975	0.17791406250000005	0.09486111111111112
-0.458275	0.6556689999999961	0.18250781249999992	0.09152777777777779
-0.467275	0.39834899999999607	0.176951171875	0.09805555555555555
-0.46153750000000004	0.4576977499999977	0.17284570312499997	0.0913888888888889
-0.44443749999999993	0.5237437500000013	0.17146875	0.09375000000000001
-0.44747500000000007	0.5622289999999985	0.15928515625000003	0.08375
-0.4830249999999999	0.524089	0.17636914062499998	0.09069444444444445
-0.44938749999999994	0.33581974999999886	0.16936328124999991	0.08444444444444445
-0.46052499999999996	0.49413900000000055	0.16756640625000008	0.0938888888888889
-0.44376249999999984	0.429419750000001	0.1781347656249999	0.09333333333333334
-0.44781250000000006	0.4825937499999995	0.17309765625000006	0.08652777777777779
-0.44252499999999995	0.4745290000000004	0.16918945312500003	0.09430555555555557
-0.4862874999999999	0.5441777500000029	0.18103710937499978	0.08291666666666667
-0.46794999999999987	0.5262960000000056	0.16337109374999997	0.08180555555555555
-0.4496125000000001	0.3806297499999971	0.17399218749999998	0.09805555555555555
-0.50305	0.33673599999999837	0.18855859375000006	0.085
-0.455125	0.41672499999999957	0.18404101562500016	0.08458333333333333
-0.484375	0.6433749999999989	0.17628710937499995	0.10152777777777779
-0.44803749999999987	0.5336677499999993	0.17474414062500007	0.08847222222222223
-0.44803749999999987	0.4526677499999998	0.17632421875000012	0.09375000000000001
-0.42115	0.38941399999999504	0.1564609375000001	0.09694444444444444
-0.43915000000000004	0.42297399999999996	0.17714453125000013	0.08472222222222223
-0.4746999999999999	0.3442760000000007	0.18081250000000004	0.08222222222222222
-0.456925	0.37299099999999896	0.17655468749999997	0.09208333333333334
-0.47109999999999996	0.3523940000000003	0.17746093750000008	0.09208333333333334
-0.4486	0.42509399999999786	0.16945312499999998	0.09625
-0.4584999999999999	0.5706500000000005	0.1831640625000001	0.08513888888888889
-0.4239624999999999	0.438157750000002	0.1548066406250001	0.08875000000000001
-0.45996249999999994	0.44172775000000186	0.173375	0.09361111111111112
-0.49011249999999995	0.41184974999999824	0.1746132812500001	0.0811111111111111
-0.4512999999999999	0.3317660000000018	0.16967578125000007	0.10166666666666667
-0.47267500000000007	0.6031709999999961	0.179701171875	0.10027777777777779
-0.46929999999999994	0.5873860000000022	0.1669003906250001	0.08472222222222223
-0.4410625	0.5244437499999997	0.17985546874999997	0.08263888888888889
-0.42981250000000004	0.32544374999999803	0.1584082031249999	0.09194444444444445
-0.524875	0.41747500000000315	0.19071875	0.08027777777777778
-0.42283749999999987	0.5431977500000045	0.17015429687500003	0.09833333333333333
-0.45681250000000007	0.47699374999999833	0.17442968749999996	0.08166666666666667
-0.48144999999999993	0.5119559999999979	0.16685742187499994	0.08513888888888889
-0.4576	0.37421399999999494	0.16581640624999988	0.08986111111111111
-0.45501250000000004	0.3482197499999984	0.17013281249999995	0.08666666666666667
-0.4486	0.3550939999999976	0.17745703125000012	0.08458333333333333
-0.44443749999999993	0.3797437499999994	0.1649179687500001	0.0952777777777778
-0.4382499999999999	0.6375999999999991	0.16635937499999986	0.10361111111111111
-0.4723375000000001	0.5136377499999973	0.160955078125	0.08888888888888889
-0.48696249999999996	0.4636177500000045	0.17835546875000005	0.09930555555555555
-0.4457875	0.5375877500000001	0.16656445312500015	0.09444444444444446
-0.4666	0.49388399999999777	0.18312890625000003	0.08069444444444444
-0.41856249999999984	0.6156937500000055	0.15802734375	0.08777777777777779
-0.47785	0.39653399999999905	0.17729296874999992	0.08152777777777778
-0.4572625	0.3687297499999964	0.18058789062500008	0.08972222222222223
-0.4556874999999999	0.41074375000000174	0.16898828125000023	0.08486111111111111
-0.4447749999999999	0.2841489999999993	0.16512890625	0.08916666666666667
-0.481	0.42914999999999637	0.15747656249999997	0.09930555555555555
-0.4628874999999999	0.3478797500000006	0.16642187499999994	0.08472222222222223
-0.44972499999999993	0.383658999999998	0.16793164062499993	0.09680555555555555
-0.4406125000000001	0.672419749999996	0.17806054687499992	0.08194444444444444
-0.4178875000000001	0.3781797499999975	0.16886914062499989	0.09472222222222224
-0.4343124999999999	0.5009937499999992	0.1638808593749999	0.09861111111111111
-0.44995000000000007	0.33146599999999893	0.17168554687499998	0.08569444444444445
-0.4883124999999999	0.4924437499999996	0.17871093749999986	0.08638888888888889
-0.44342499999999985	0.4772510000000061	0.17609570312499997	0.10180555555555555
-0.511825	0.666241000000003	0.18073437499999992	0.0825
-0.4491624999999999	0.3902577500000035	0.1648359375	0.09083333333333334
-0.4619875	0.3315997500000023	0.16416601562499994	0.08791666666666667
-0.5216124999999998	0.7956097500000006	0.187888671875	0.08430555555555555
-0.43948750000000003	0.3566997499999971	0.17868359374999992	0.08888888888888889
-0.45940000000000003	0.509053999999999	0.1662734374999999	0.10277777777777779
-0.456925	0.6082409999999996	0.1644765624999999	0.09333333333333334
-0.443875	0.4309750000000001	0.16888671875000003	0.08125
-0.48662499999999986	0.4650250000000007	0.181130859375	0.0938888888888889
-0.45557499999999995	0.35799100000000195	0.172404296875	0.09000000000000001
-0.45928749999999985	0.4653177500000041	0.1700371093749999	0.08958333333333333
-0.4457875	0.4015877500000009	0.17532617187499994	0.08916666666666667
-0.45399999999999996	0.3988999999999976	0.17219531250000003	0.08277777777777778
-0.45535000000000003	0.3319839999999985	0.170896484375	0.10625000000000001
-0.43622499999999986	0.4848290000000013	0.1663828124999999	0.09666666666666666
-0.4376875	0.46894374999999755	0.17037500000000003	0.09000000000000001
-0.45220000000000005	0.5229259999999982	0.1753613281249999	0.08902777777777779
-0.4766124999999999	0.6003097500000045	0.17949999999999994	0.08736111111111111
-0.4448874999999999	0.4011997500000035	0.1617207031249998	0.10708333333333334
-0.4407249999999999	0.26548899999999875	0.16818359374999997	0.0951388888888889
-0.4716625	0.43055774999999485	0.17925976562499993	0.08666666666666667
-0.4757125	0.29601775000000075	0.156564453125	0.08041666666666666
-0.4656999999999999	0.5129860000000015	0.1755859375	0.08819444444444445
-0.47526250000000003	0.4396097499999989	0.16515234374999999	0.07944444444444444
-0.4411749999999999	0.48151100000000113	0.16178710937499988	0.0961111111111111
-0.45399999999999996	0.31840000000000046	0.16755664062499998	0.08708333333333333
-0.45906250000000004	0.6913437500000015	0.1743046874999999	0.09416666666666668
-0.44252499999999995	0.43127899999999997	0.16333984375000002	0.08583333333333333
-0.43735	0.4784439999999961	0.1680976562499999	0.09805555555555555
-0.464125	0.35152499999999876	0.16810546875000004	0.08444444444444445
-0.45265	0.3054939999999995	0.15399609374999984	0.09625
-0.4746999999999999	0.36627599999999916	0.18608984375000007	0.08402777777777778
-0.4723375000000001	0.38963774999999856	0.1522128906249999	0.08944444444444445
-0.43037499999999995	0.3880250000000025	0.17952734374999998	0.09875
-0.46142499999999986	0.584971000000003	0.1668222656250001	0.09236111111111112
-0.47020000000000006	0.6364059999999974	0.16500585937499998	0.08291666666666667
-0.41608750000000005	0.5118877499999961	0.17457421874999995	0.09222222222222223
-0.4501749999999999	0.27327100000000115	0.175896484375	0.09208333333333334
-0.4884249999999999	0.6548010000000026	0.18135351562500002	0.08763888888888889
-0.48178750000000004	0.23461775000000173	0.1803339843750001	0.08333333333333333
-0.45523749999999996	0.33047975000000207	0.173501953125	0.09000000000000001
-0.43656249999999985	0.4715937500000038	0.15452343750000003	0.1
-0.4628874999999999	0.3431297500000028	0.17669531249999998	0.08541666666666667
-0.49393750000000003	0.5746937499999945	0.16852343749999993	0.08138888888888889
-0.44713749999999997	0.2818597499999953	0.15110156249999995	0.09208333333333334
-0.4468	0.7134859999999996	0.18176562500000007	0.09152777777777779
-0.4564750000000001	0.37399899999999775	0.16823437500000016	0.09277777777777779
-0.47548749999999984	0.42768975000000253	0.17283398437500008	0.08236111111111111
-0.462325	0.5577709999999989	0.17832617187499997	0.08611111111111111
-0.5129499999999998	0.3727460000000029	0.19244531249999985	0.07902777777777778
-0.4871875	0.49559375000000117	0.18478320312500002	0.07958333333333333
-0.45208749999999986	0.5321577500000032	0.16922851562500002	0.07833333333333332
-0.4759375	0.45459374999999724	0.18156054687500003	0.09083333333333334
-0.43723749999999995	0.4203597500000029	0.18067382812499994	0.10097222222222223
-0.42441249999999997	0.30697774999999794	0.17661914062500003	0.08708333333333333
-0.462325	0.5410209999999971	0.16755273437499985	0.0940277777777778
-0.4607499999999999	0.49260000000000304	0.16434374999999996	0.0938888888888889
-0.47638749999999996	0.6147397500000018	0.17353320312500004	0.0825
-0.45591249999999994	0.4417477500000011	0.17005078124999978	0.09361111111111112
-0.46389999999999987	0.4035940000000018	0.1597617187499999	0.08861111111111111
-0.43284999999999996	0.48693400000000153	0.1754648437499999	0.1
-0.5127250000000001	0.670498999999996	0.1799042968750001	0.08625000000000001
-0.4262125	0.4876777499999996	0.17373437499999986	0.08847222222222223
-0.43937499999999996	0.4921250000000015	0.167982421875	0.08430555555555555
-0.45433750000000006	0.3424277499999988	0.17430859375000007	0.0926388888888889
-0.45366249999999997	0.5911177499999987	0.18083203124999997	0.10291666666666667
-0.4570374999999999	0.45123775000000066	0.171673828125	0.08236111111111111
-0.4558	0.5437459999999987	0.165708984375	0.09541666666666668
-0.4942749999999999	0.31318900000000127	0.17746484375000013	0.08750000000000001
-0.4741375	0.6926797499999999	0.168369140625	0.0951388888888889
-0.478075	0.32884099999999705	0.17719531249999992	0.08027777777777778
-0.46524999999999994	0.4926499999999976	0.17152539062500002	0.08888888888888889
-0.4613124999999999	0.37099375000000023	0.17762499999999998	0.07291666666666667
-0.4815624999999999	0.33984375	0.17298632812499998	0.07194444444444445
-0.46885	0.3926140000000018	0.18568554687500008	0.10194444444444445
-0.46120000000000005	0.4742659999999965	0.16005664062500002	0.08333333333333333
-0.42655	0.5038259999999966	0.1732792968750001	0.09555555555555555
-0.4681749999999999	0.6996910000000014	0.15817382812500008	0.08972222222222223
-0.4563624999999999	0.4187497499999999	0.17207226562500022	0.08638888888888889
-0.4591749999999999	0.4318310000000025	0.16246679687500007	0.08194444444444444
-0.45624999999999993	0.5097500000000004	0.1654082031249999	0.09166666666666667
-0.46986249999999996	0.4410897499999997	0.17480273437499988	0.08291666666666667
-0.42193749999999997	0.526993749999999	0.17118164062500005	0.08791666666666667
-0.46153750000000004	0.49344774999999785	0.1848378906250002	0.10097222222222223
-0.46772499999999995	0.24839899999999915	0.17778906249999996	0.08138888888888889
-0.4574874999999998	0.48646975000000126	0.17480859374999996	0.08583333333333333
-0.43779999999999997	0.40052599999999927	0.1563769531249999	0.10291666666666667
-0.4517500000000001	0.508349999999993	0.1777949218749999	0.08819444444444445
-0.49	0.583249999999996	0.1894257812500001	0.08486111111111111
-0.4570374999999999	0.5047377500000003	0.18661132812500006	0.09486111111111112
-0.4676125000000001	0.3219497499999946	0.18516992187500014	0.08986111111111111
-0.44184999999999997	0.3604040000000026	0.1678828125	0.08736111111111111
-0.46176249999999985	0.3501497499999999	0.16713671875000005	0.0825
-0.49449999999999994	0.3991000000000007	0.16583593750000006	0.08694444444444445
-0.46986249999999996	0.2968397500000002	0.175822265625	0.08819444444444445
-0.4921375	0.6010597499999939	0.17858398437500006	0.07819444444444444
-0.47076249999999986	0.6450897500000039	0.1799765625	0.08097222222222222
-0.4406125000000001	0.7114197499999975	0.18469335937499987	0.09500000000000001
-0.46682499999999993	0.4287910000000039	0.17427148437500006	0.09638888888888889
-0.4643499999999998	0.4097040000000014	0.16857812499999994	0.09361111111111112
-0.4902249999999999	0.22644900000000234	0.17620703124999992	0.08805555555555557
-0.47785	0.2542839999999984	0.16555468749999996	0.08541666666666667
-0.4382499999999999	0.511849999999999	0.16918164062500007	0.08833333333333333
-0.5162125	0.4912277500000002	0.17542382812500007	0.08861111111111111
-0.4512999999999999	0.4107660000000024	0.17457812499999997	0.08694444444444445
-0.4889875	0.5135797499999981	0.1743652343749999	0.07902777777777778
-0.4766124999999999	0.5465597500000037	0.17590624999999993	0.0798611111111111
-0.45624999999999993	0.5509999999999984	0.1777265625	0.09097222222222223
-0.4799875	0.29486975000000015	0.1876796874999999	0.08333333333333333
-0.45028749999999984	0.6325477500000041	0.17257031250000004	0.09486111111111112
-0.4565874999999999	0.6117477499999993	0.1842675781250001	0.09208333333333334
-0.4646874999999999	0.5230937500000046	0.17646874999999995	0.09722222222222222
-0.4604125	0.3676577499999958	0.18262304687499994	0.08277777777777778
-0.42981250000000004	0.40844374999999644	0.17691210937499988	0.08916666666666667
-0.4626625	0.3726877499999972	0.17362109374999998	0.09486111111111112
-0.4470249999999999	0.42056900000000397	0.163248046875	0.09347222222222223
-0.4716625	0.30155774999999707	0.17564648437499997	0.09722222222222222
-0.44635	0.6570639999999983	0.16550195312499993	0.08430555555555555
-0.4658125000000001	0.24219374999999488	0.17605468750000003	0.08569444444444445
-0.48673750000000005	0.5473897499999971	0.1778320312499999	0.08180555555555555
-0.45433750000000006	0.4174277499999981	0.17024999999999985	0.1076388888888889
-0.48696249999999996	0.4988677500000023	0.19525781250000013	0.08875000000000001
-0.4830249999999999	0.5428390000000007	0.18488867187500013	0.08888888888888889
-0.4622125	0.4010477499999965	0.17531640625000014	0.08069444444444444
-0.45433750000000006	0.4046777499999976	0.17117578125	0.08083333333333333
-0.4558	0.3177459999999961	0.17658203124999997	0.08777777777777779
-0.4454499999999999	0.40844599999999787	0.19275195312499993	0.08472222222222223
-0.4484874999999998	0.3903097500000037	0.17013671875	0.09027777777777779
-0.4199124999999999	0.47566775000000305	0.15765625000000003	0.09638888888888889
-0.452875	0.5547749999999958	0.17865625000000004	0.08263888888888889
-0.41428750000000003	0.31396774999999977	0.1621660156250001	0.10472222222222223
-0.4566999999999999	0.39074600000000004	0.15996679687499998	0.08625000000000001
-0.44556249999999986	0.4019937500000026	0.15944726562500006	0.08986111111111111
-0.46648749999999983	0.46392975000000547	0.16254492187499997	0.09444444444444446
-0.45186249999999994	0.3148697499999997	0.16547070312499992	0.08597222222222223
-0.4489375	0.5346937499999989	0.16856640625000013	0.08861111111111111
-0.48954999999999993	0.38659600000000083	0.1663789062499999	0.08875000000000001
-0.4849375	0.47249374999999816	0.1705390624999999	0.09097222222222223
-0.4607499999999999	0.38410000000000366	0.17080273437499982	0.09541666666666668
-0.45085	0.34667400000000015	0.17297460937499995	0.09541666666666668
-0.46209999999999996	0.6243240000000014	0.16476171874999998	0.09305555555555557
-0.45096249999999993	0.3876977500000045	0.19384179687499992	0.0952777777777778
-0.4529875	0.47278975000000045	0.15177539062500014	0.09416666666666668
-0.4212625	0.7140697499999966	0.17279296874999994	0.09958333333333333
-0.42733750000000004	0.4887377499999985	0.167244140625	0.08638888888888889
-0.42969999999999986	0.31432600000000477	0.1646386718750001	0.09319444444444445
-0.44781250000000006	0.4083437499999967	0.17448242187499996	0.08305555555555555
-0.45489999999999986	0.44996400000000136	0.16953515625000018	0.0913888888888889
-0.45906250000000004	0.3163437500000015	0.16509375	0.09652777777777778
-0.45928749999999985	0.5893177500000029	0.16664843749999997	0.09222222222222223
-0.4961875	0.6017437500000007	0.187783203125	0.09180555555555557
-0.49449999999999994	0.2903500000000001	0.18536914062499998	0.08652777777777779
-0.5032749999999999	0.4843190000000064	0.18083007812500004	0.08875000000000001
-0.45985	0.5982439999999976	0.15837304687499998	0.09430555555555557
-0.43386249999999993	0.3983497499999977	0.16898828125	0.08569444444444445
-0.47391249999999996	0.367587750000002	0.18329492187500007	0.08666666666666667
-0.4309375	0.44609374999999574	0.17787304687499994	0.08833333333333333
-0.42598749999999996	0.2761597499999979	0.17613281250000007	0.08722222222222223
-0.5132874999999999	0.3724877500000012	0.16660742187500005	0.08430555555555555
-0.45467500000000005	0.4034509999999969	0.16802929687500015	0.08694444444444445
-0.47740000000000005	0.47816399999999604	0.167375	0.09041666666666667
-0.4517500000000001	0.5995999999999952	0.17932226562500006	0.09333333333333334
-0.44601250000000003	0.41942974999999905	0.1573203125000001	0.08902777777777779
-0.44657499999999994	0.3779010000000014	0.17798046875000015	0.08305555555555555
-0.4227249999999999	0.6440490000000025	0.1582968750000002	0.08666666666666667
-0.453325	0.3763310000000004	0.18051367187500011	0.08513888888888889
-0.48606250000000006	0.5474437499999958	0.17834960937499994	0.10277777777777779
-0.4498374999999999	0.3131877500000009	0.17282031250000002	0.08888888888888889
-0.4632249999999999	0.6022890000000025	0.153361328125	0.10791666666666667
-0.47458749999999994	0.558357749999999	0.17478710937500003	0.08958333333333333
-0.47728749999999986	0.1697577500000058	0.17652734375	0.07055555555555557
-0.39865000000000006	0.346464000000001	0.14584570312499992	0.10152777777777779
-0.48460000000000003	0.25937399999999755	0.17532617187499994	0.08625000000000001
-0.45208749999999986	0.2791577500000031	0.1689882812499999	0.09944444444444445
-0.4937125	0.4267777499999994	0.18076757812499997	0.08472222222222223
-0.47863749999999994	0.39559975000000236	0.18246875000000007	0.09041666666666667
-0.45208749999999986	0.469407750000002	0.16640039062500023	0.09208333333333334
-0.44691249999999993	0.4820277500000003	0.17338476562500013	0.08680555555555555
-0.48111249999999994	0.2262897499999994	0.18649999999999997	0.09222222222222223
-0.49472499999999997	0.5387589999999989	0.17743554687500004	0.09083333333333334
-0.46806250000000005	0.5934937499999968	0.18062304687499992	0.09625
-0.4744750000000001	0.28743899999999556	0.17590234375000008	0.08722222222222223
-0.4744750000000001	0.3494389999999967	0.17326953124999986	0.0952777777777778
-0.4507375	0.2911497499999989	0.1819257812500001	0.09930555555555555
-0.46153750000000004	0.41519774999999726	0.17251562499999995	0.0825
-0.46772499999999995	0.4111489999999982	0.160375	0.08861111111111111
-0.44556249999999986	0.2259937500000042	0.16435546875	0.08180555555555555
-0.4504	0.49132399999999876	0.17346679687499986	0.10125
-0.4329624999999999	0.6115377500000037	0.17409960937499994	0.10166666666666667
-0.46840000000000004	0.3975839999999984	0.17429687500000007	0.09680555555555555
-0.4591749999999999	0.09658100000000047	0.15878710937500004	0.07652777777777779
-0.5042875	0.42016775000000095	0.18997070312500017	0.07305555555555557
-0.43903749999999986	0.6148977500000008	0.16692968749999987	0.09458333333333334
-0.4489375	0.5411937499999979	0.18163671875000015	0.0825
-0.46367500000000006	0.5151609999999955	0.1673222656249999	0.09180555555555557
-0.46963749999999993	0.4857097500000016	0.17102539062499994	0.09430555555555557
-0.45523749999999996	0.7579797500000005	0.18591406249999992	0.09111111111111111
-0.45118749999999996	0.3079937500000014	0.1754765624999998	0.08375
-0.46367500000000006	0.5036609999999975	0.18024023437500006	0.08069444444444444
-0.5201499999999999	0.28834400000000215	0.1843027343749999	0.07875
-0.4429749999999999	0.3580190000000023	0.18290429687500004	0.09833333333333333
-0.428125	0.3826250000000009	0.17604492187500004	0.09805555555555555
-0.4674999999999999	0.4845000000000006	0.18862695312500016	0.08666666666666667
-0.4768374999999999	0.4981277499999983	0.16532031249999987	0.0938888888888889
-0.4676125000000001	0.49019974999999505	0.17377734374999995	0.09597222222222222
-0.49112500000000003	0.4564749999999975	0.1688320312500001	0.08208333333333333
-0.466375	0.43197500000000133	0.17388867187500012	0.08972222222222223
-0.44308749999999986	0.46657775000000257	0.1663085937499999	0.08083333333333333
-0.46401250000000005	0.6278097499999973	0.16888867187500003	0.09222222222222223
-0.4771749999999999	0.2758509999999994	0.16648242187500004	0.09597222222222222
-0.471325	0.5125109999999964	0.18849804687500005	0.08305555555555555
-0.4059625	0.6030477499999982	0.1547910156249999	0.08694444444444445
-0.4566999999999999	0.5257460000000016	0.17579296875000003	0.09555555555555555
-0.4339749999999999	0.5629489999999997	0.18152734375000001	0.10111111111111111
-0.44567500000000004	0.3690409999999993	0.18874999999999995	0.09305555555555557
-0.42823749999999994	0.38549975000000103	0.16228125000000004	0.09819444444444445
-0.5017	0.43194599999999994	0.17736132812500022	0.08680555555555555
-0.482575	0.5618110000000023	0.17411718750000016	0.08902777777777779
-0.4466874999999999	0.15569375000000463	0.17125390624999992	0.0951388888888889
-0.42947500000000005	0.5750889999999949	0.1584667968750001	0.09486111111111112
-0.43948750000000003	0.4629497499999964	0.16352148437499991	0.0952777777777778
-0.44713749999999997	0.4673597499999964	0.16457226562499994	0.09125000000000001
-0.44972499999999993	0.656409	0.1562246093749999	0.08555555555555555
-0.4560249999999999	0.3612490000000008	0.16647460937500008	0.08763888888888889
-0.513625	0.5779750000000021	0.19338476562500007	0.08138888888888889
-0.47920000000000007	0.3738459999999968	0.1717890625000001	0.08625000000000001
-0.49821249999999984	0.5902177500000043	0.16793359375000008	0.07541666666666667
-0.4635624999999999	0.4994437500000011	0.1848593750000001	0.08277777777777778
-0.48358749999999995	0.58948775	0.19022070312499978	0.08388888888888889
-0.4908999999999999	0.36328400000000016	0.18438671874999998	0.09500000000000001
-0.45152499999999995	0.3910589999999985	0.1600761718750002	0.08819444444444445
-0.4793124999999999	0.25399374999999935	0.1774101562500001	0.09083333333333334
-0.46952499999999997	0.34751899999999836	0.18421289062499993	0.08125
-0.47796249999999996	0.6919377500000046	0.18206640624999992	0.09083333333333334
-0.484375	0.23812500000000014	0.15960351562499997	0.07472222222222223
-0.45456249999999987	0.5409437500000038	0.17391406250000002	0.08138888888888889
-0.44320000000000004	0.31413599999999775	0.16278515624999995	0.09125000000000001
-0.4650249999999999	0.48847900000000166	0.17565429687500014	0.08638888888888889
-0.4666	0.308133999999999	0.17135937499999998	0.09250000000000001
-0.43948750000000003	0.3934497499999985	0.15181445312499992	0.08694444444444445
-0.44803749999999987	0.46141774999999896	0.16050195312499993	0.09930555555555555
-0.45366249999999997	0.41561774999999557	0.17607812500000003	0.09166666666666667
-0.4757125	0.9642677500000012	0.17910351562499985	0.09444444444444446
-0.42452499999999993	0.4411190000000005	0.17354882812500008	0.09361111111111112
-0.4831375	0.3659697499999979	0.1639179687500001	0.07680555555555557
-0.48358749999999995	0.5264877500000011	0.17727734374999995	0.09958333333333333
-0.46277499999999994	0.30840900000000104	0.18038085937500004	0.085
-0.48640000000000005	0.4477939999999947	0.1864296875	0.08902777777777779
-0.4399375	0.6997437499999961	0.17418749999999994	0.08194444444444444
-0.45366249999999997	0.3361177499999961	0.17198046875000006	0.08694444444444445
-0.4588374999999999	0.5156177500000041	0.16831835937499992	0.09027777777777779
-0.47785	0.4390339999999995	0.190033203125	0.08625000000000001
-0.4715499999999999	0.34637600000000646	0.17440820312500005	0.08069444444444444
-0.5081125	0.6346197499999988	0.17577148437499984	0.08555555555555555
-0.4724499999999999	0.6128160000000022	0.16827929687500012	0.09375000000000001
-0.4667125	0.35708774999999804	0.17139453124999995	0.0901388888888889
-0.4658125000000001	0.6181937499999961	0.18281054687499984	0.08486111111111111
-0.47143749999999995	0.49094374999999957	0.1767656250000001	0.09180555555555557
-0.4165375	0.5850977499999992	0.177830078125	0.08625000000000001
-0.4674999999999999	0.360750000000003	0.17819140625000013	0.10250000000000001
-0.452875	0.5357749999999974	0.1665546874999999	0.08236111111111111
-0.45714999999999983	0.5539840000000034	0.16750390624999995	0.08361111111111111
-0.43903749999999986	0.48739775000000307	0.15958593750000002	0.08527777777777779
-0.46153750000000004	0.3586977499999975	0.17370117187499992	0.08750000000000001
-0.46165	0.4411740000000002	0.17142968749999998	0.10319444444444445
-0.4408374999999999	0.5190577500000018	0.15108398437500015	0.08791666666666667
-0.4570374999999999	0.4114877500000027	0.16983398437500005	0.09375000000000001
-0.4597375	0.5272597499999989	0.183826171875	0.07555555555555557
-0.4921375	0.28530974999999614	0.17137890624999996	0.07930555555555555
-0.44713749999999997	0.35835974999999465	0.153306640625	0.09458333333333334
-0.4634499999999999	0.3212260000000029	0.18047460937500007	0.09500000000000001
-0.45242499999999986	0.21596100000000362	0.17506054687499986	0.08333333333333333
-0.5011374999999998	0.5649497500000038	0.17121875000000003	0.07750000000000001
-0.4732375	0.6707997500000005	0.16666406250000015	0.09041666666666667
-0.45467500000000005	0.39945099999999556	0.16914843749999992	0.08958333333333333
-0.464125	0.5635249999999985	0.17834374999999994	0.08569444444444445
-0.4408374999999999	0.4525577500000004	0.1537636718750001	0.09722222222222222
-0.473125	0.3236249999999963	0.17038476562500002	0.08902777777777779
-0.4880874999999999	0.46722775000000283	0.18972851562499998	0.09430555555555557
-0.4255375	0.3981177499999973	0.16435742187499996	0.08763888888888889
-0.5014749999999999	0.638849000000004	0.1707246093750002	0.08597222222222223
-0.4466874999999999	0.3916937500000053	0.17457031250000005	0.09347222222222223
-0.4769499999999999	0.38553600000000543	0.17366210937500007	0.0825
-0.4658125000000001	0.4536937499999958	0.16420312499999992	0.10138888888888889
-0.49562499999999987	0.593625000000003	0.19097460937499994	0.09236111111111112
-0.4628874999999999	0.45362975000000105	0.1657363281250002	0.09458333333333334
-0.43813749999999996	0.3342697500000007	0.14756835937499996	0.09777777777777778
-0.462325	0.4502709999999972	0.16903710937499997	0.08569444444444445
-0.4732375	0.621799750000001	0.19071484374999997	0.08763888888888889
-0.4656999999999999	0.5027360000000023	0.17483203125000008	0.0913888888888889
-0.43667500000000004	0.3884309999999971	0.17403124999999992	0.08263888888888889
-0.46457499999999996	0.5053809999999999	0.16192578125000004	0.10250000000000001
-0.44623749999999995	0.45551975000000056	0.17208398437499994	0.08583333333333333
-0.5003499999999999	0.48358400000000046	0.17428710937499992	0.08583333333333333
-0.45096249999999993	0.5261977500000015	0.17159179687500004	0.08569444444444445
-0.4732375	0.43779974999999993	0.16897460937499995	0.09416666666666668
-0.4653624999999999	0.588859750000001	0.16138867187499992	0.08180555555555555
-0.47368749999999993	0.4572437500000035	0.17319531249999986	0.0961111111111111
-0.4824625	0.4286777499999985	0.1645156250000001	0.08875000000000001
-0.4902249999999999	0.2929490000000037	0.19414843750000005	0.08
-0.4609749999999999	0.37305900000000136	0.17040820312500002	0.09777777777777778
-0.466375	0.2714749999999988	0.171404296875	0.08402777777777778
-0.467275	0.48434899999999814	0.18175781249999995	0.08652777777777779
-0.4632249999999999	0.43603900000000095	0.17721289062499998	0.07611111111111112
-0.44995000000000007	0.6237159999999982	0.17563476562500008	0.09875
-0.475375	0.2305250000000001	0.16651367187499994	0.08819444444444445
-0.43633750000000004	0.4441677499999983	0.16316796875	0.08916666666666667
-0.481	0.530149999999999	0.166962890625	0.0938888888888889
-0.5081125	0.43486974999999717	0.18449609374999998	0.08416666666666667
-0.44252499999999995	0.6470289999999999	0.1671953125	0.09250000000000001
-0.47514999999999985	0.45894400000000246	0.16363867187500003	0.08736111111111111
-0.4277875	0.5182477500000005	0.17016796875000004	0.09236111111111112
-0.46187500000000004	0.525624999999998	0.19978515624999987	0.08763888888888889
-0.43498749999999997	0.5030697499999981	0.15459374999999997	0.09555555555555555
-0.4856124999999999	0.5047197500000031	0.17498046874999995	0.09166666666666667
-0.48268749999999994	0.549693750000003	0.17288281249999998	0.09458333333333334
-0.47211249999999993	0.4950297500000005	0.195822265625	0.08333333333333333
-0.4442125	0.3851377499999984	0.16593359374999994	0.09236111111111112
-0.4662625	0.7830197500000011	0.176927734375	0.09055555555555557
-0.4849375	0.4674937499999956	0.18464453124999985	0.07625000000000001
-0.4861749999999999	0.4075609999999976	0.15961914062500007	0.09180555555555557
-0.4771749999999999	0.3906010000000002	0.17492187500000006	0.09430555555555557
-0.5011374999999998	0.3671997500000046	0.17839062499999994	0.08430555555555555
-0.4507375	0.5438997499999978	0.1643574218749999	0.0938888888888889
-0.4523124999999999	0.47894375000000267	0.15807421875000027	0.09763888888888889
-0.49562499999999987	0.3316250000000025	0.17288476562499996	0.08625000000000001
-0.44376249999999984	0.540169750000004	0.17046679687500005	0.08361111111111111
-0.42846249999999997	0.3837477499999977	0.17013867187499995	0.08444444444444445
-0.4324	0.5065139999999992	0.17447851562500002	0.08750000000000001
-0.4212625	0.4465697499999983	0.16164062499999982	0.09597222222222222
-0.4563624999999999	0.35424975000000103	0.18490234374999992	0.08736111111111111
-0.4433124999999999	0.4161937499999979	0.16454687500000004	0.10152777777777779
-0.49562499999999987	0.39537500000000136	0.170478515625	0.08944444444444445
-0.45467500000000005	0.38170099999999607	0.172068359375	0.08694444444444445
-0.45501250000000004	0.4524697499999988	0.17033789062500013	0.09486111111111112
-0.45096249999999993	0.5449477500000022	0.163494140625	0.08652777777777779
-0.466375	0.3872250000000008	0.19062890625	0.08930555555555557
-0.4656999999999999	0.2794860000000021	0.16493554687499998	0.09041666666666667
-0.4563624999999999	0.30999974999999935	0.1671640625000001	0.08583333333333333
-0.4542249999999999	0.597919000000001	0.14546874999999998	0.10152777777777779
-0.46176249999999985	0.5288997500000008	0.16854492187499998	0.09222222222222223
-0.4656999999999999	0.4099860000000035	0.18130859375000025	0.09555555555555555
-0.4379124999999999	0.3356077500000012	0.18392578124999998	0.09069444444444445
-0.44038749999999993	0.29152975000000225	0.17246679687499997	0.08750000000000001
-0.4628874999999999	0.5226297500000001	0.19716406249999985	0.07722222222222223
-0.4581624999999999	0.41442775000000154	0.17096679687499994	0.10125
-0.4466874999999999	0.23894375000000423	0.17827734375000004	0.08277777777777778
-0.4417375	0.3483397499999974	0.15653124999999984	0.09652777777777778
-0.4451124999999999	0.5062997500000002	0.1629531249999999	0.08388888888888889
-0.4740249999999999	0.6827590000000008	0.18068359375000018	0.09416666666666668
-0.4808874999999999	0.6452597500000046	0.1854882812500001	0.08027777777777778
-0.4697499999999999	0.5221500000000034	0.18627148437500013	0.08611111111111111
-0.4507375	0.45389974999999794	0.15244726562500005	0.08625000000000001
-0.43723749999999995	0.547609750000003	0.172673828125	0.07944444444444444
-0.5058625000000001	0.413879749999996	0.19664648437500004	0.07875
-0.46120000000000005	0.31476599999999877	0.17577148437500006	0.0973611111111111
-0.4414	0.4201440000000005	0.1826992187500001	0.07444444444444445
-0.45523749999999996	0.42647975000000216	0.1654140625000001	0.08444444444444445
-0.45489999999999986	0.2962139999999991	0.1787812500000001	0.085
-0.46558749999999993	0.29477774999999795	0.1659765624999999	0.08611111111111111
-0.4660374999999999	0.4686077500000003	0.16882617187500007	0.09111111111111111
-0.457375	0.6552250000000015	0.16756054687500005	0.08555555555555555
-0.47368749999999993	0.5952437500000052	0.18373242187500005	0.09541666666666668
-0.45523749999999996	0.48147975000000187	0.181552734375	0.08819444444444445
-0.4541124999999999	0.3566597499999986	0.16839257812499997	0.0913888888888889
-0.510025	0.4343790000000034	0.18274414062499997	0.08986111111111111
-0.420925	0.5276010000000007	0.16888867187499987	0.08958333333333333
-0.46299999999999997	0.43234999999999957	0.15784570312500004	0.10138888888888889
-0.44972499999999993	0.17265899999999945	0.1629687499999999	0.09333333333333334
-0.4656999999999999	0.4764860000000013	0.17477734375000006	0.08444444444444445
-0.427675	0.37762099999999776	0.16830859375000007	0.08861111111111111
-0.4671624999999999	0.5003977500000012	0.17788476562500005	0.08652777777777779
-0.43937499999999996	0.4303750000000015	0.17431445312499982	0.09250000000000001
-0.46086249999999995	0.5670797499999978	0.16654296874999996	0.09277777777777779
-0.5001249999999999	0.3257249999999985	0.18427539062500015	0.08444444444444445
-0.45489999999999986	0.564464000000001	0.170537109375	0.07833333333333332
-0.4514125	0.5800377499999989	0.18321484375000013	0.07097222222222223
-0.4699749999999999	0.2882789999999993	0.17068164062500002	0.09152777777777779
-0.45557499999999995	0.5299910000000025	0.15942382812499997	0.10388888888888889
-0.44657499999999994	0.36265100000000317	0.16959960937500015	0.09694444444444444
-0.49877499999999997	0.36227899999999735	0.17606250000000007	0.09000000000000001
-0.46277499999999994	0.5679090000000038	0.16810546874999993	0.07611111111111112
-0.48358749999999995	0.34723775000000145	0.17886132812500022	0.08930555555555557
-0.43498749999999997	0.41856974999999963	0.16441601562499997	0.08708333333333333
-0.4489375	0.39319374999999823	0.174783203125	0.08569444444444445
-0.46704999999999997	0.42344599999999843	0.17632421874999996	0.08861111111111111
-0.47109999999999996	0.3296440000000018	0.1823222656250001	0.08388888888888889
-0.47357499999999997	0.43157099999999815	0.17293945312499995	0.10027777777777779
-0.45624999999999993	0.38725000000000165	0.17203124999999986	0.09625
-0.39651250000000005	0.3442597499999991	0.18019140625000002	0.09597222222222222
-0.5011374999999998	0.37619975000000494	0.18021484375	0.08666666666666667
-0.42542500000000005	0.46673099999999934	0.16676171874999995	0.09305555555555557
-0.5052999999999999	0.8302260000000032	0.19457226562499988	0.07722222222222223
-0.45096249999999993	0.48694775000000234	0.15592578125000003	0.0786111111111111
-0.44320000000000004	0.5256359999999987	0.1713964843750001	0.10541666666666667
-0.45152499999999995	0.5320589999999967	0.16519140624999995	0.09291666666666668
-0.5139624999999999	0.37195775	0.17632031250000002	0.08611111111111111
-0.4320625	0.41694374999999795	0.163994140625	0.09097222222222223
-0.47301249999999984	0.7081997500000057	0.17327343750000002	0.09000000000000001
-0.45399999999999996	0.5453999999999972	0.17355664062499987	0.09250000000000001
-0.48324999999999996	0.43909999999999627	0.181	0.08722222222222223
-0.45006250000000003	0.3669937499999989	0.17514843750000003	0.08430555555555555
-0.4570374999999999	0.4697377500000002	0.16640429687500002	0.08722222222222223
-0.48358749999999995	0.32598774999999947	0.18642773437499985	0.09583333333333333
-0.4646874999999999	0.6220937500000048	0.16674609374999996	0.09777777777777778
-0.4442125	0.31238774999999563	0.16979687499999987	0.09083333333333334
-0.449275	0.581038999999997	0.16335351562500014	0.09430555555555557
-0.4588374999999999	0.5521177500000043	0.17842578125000005	0.07791666666666668
-0.4861749999999999	0.2223109999999977	0.18941015625000007	0.08583333333333333
-0.4343124999999999	0.4162437499999996	0.16775000000000007	0.09375000000000001
-0.4457875	0.40508774999999986	0.15670117187500004	0.08569444444444445
-0.4607499999999999	0.41560000000000485	0.17897656250000019	0.085
-0.4628874999999999	0.5751297500000021	0.19021484375000014	0.08125
-0.4496125000000001	0.5118797499999985	0.16487890625000015	0.09597222222222222
-0.464125	0.4935249999999982	0.1821874999999999	0.0913888888888889
-0.47492500000000004	0.4876109999999976	0.18114257812500006	0.09277777777777779
-0.45557499999999995	0.28599100000000277	0.16781250000000003	0.09319444444444445
-0.47728749999999986	0.28375775000000303	0.17168359374999997	0.0951388888888889
-0.4385874999999999	0.26758775000000057	0.16901953125000008	0.09027777777777779
-0.47762499999999986	0.3072250000000025	0.16475195312499996	0.08319444444444445
-0.46401250000000005	0.46255974999999694	0.17107617187500002	0.09236111111111112
-0.4595125	0.2387897499999987	0.16718164062500002	0.08763888888888889
-0.48505	0.2156160000000007	0.18299414062500002	0.08
-0.4870749999999998	0.3629810000000049	0.17751953125000014	0.08791666666666667
-0.4830249999999999	0.3848389999999995	0.16633593749999992	0.09069444444444445
-0.464125	0.35677499999999895	0.17755664062499998	0.09472222222222224
-0.4771749999999999	0.45160100000000014	0.17225976562499998	0.09069444444444445
-0.46423749999999997	0.33698975000000075	0.16283398437499996	0.08847222222222223
-0.451075	0.4627209999999984	0.17584375	0.08680555555555555
-0.4898874999999999	0.5388997500000023	0.176494140625	0.09180555555555557
-0.4740249999999999	0.604258999999999	0.1630703125000002	0.09430555555555557
-0.4694125	0.5593277499999978	0.171470703125	0.08888888888888889
-0.4732375	0.5137997500000004	0.18063085937499995	0.08805555555555557
-0.4475874999999999	0.4667677499999989	0.17343945312500006	0.08430555555555555
-0.48673750000000005	0.36888974999999746	0.17985156250000012	0.08861111111111111
-0.44589999999999985	0.40113400000000254	0.18353125000000003	0.09250000000000001
-0.5004625	0.5431377499999961	0.18921679687500012	0.09055555555555557
-0.4529875	0.24353975000000005	0.17608984375000017	0.09444444444444446
-0.46648749999999983	0.3474297500000034	0.16986718749999996	0.09250000000000001
-0.45804999999999996	0.43368600000000157	0.15860937499999989	0.08861111111111111
-0.4828	0.44957599999999687	0.1733828125	0.0938888888888889
-0.46120000000000005	0.4070159999999987	0.18019335937500014	0.09458333333333334
-0.4523124999999999	0.3879437500000016	0.16559374999999996	0.08402777777777778
-0.48696249999999996	0.5421177500000027	0.16283984374999994	0.08527777777777779
-0.4424125	0.4722177499999951	0.173263671875	0.09833333333333333
-0.4628874999999999	0.5873797500000002	0.15921093749999993	0.09791666666666667
-0.4517500000000001	0.5288499999999949	0.18001171875000005	0.08819444444444445
-0.45985	0.3812439999999988	0.18406054687499998	0.09000000000000001
-0.4498374999999999	0.3994377500000006	0.1763437499999999	0.08166666666666667
-0.4272250000000001	0.3858589999999964	0.1631347656250001	0.09097222222222223
-0.45355	0.3911059999999935	0.15976171874999992	0.09861111111111111
-0.43937499999999996	0.3028750000000002	0.1817285156250001	0.08986111111111111
-0.45276249999999985	0.3272597500000032	0.18185742187500006	0.09361111111111112
-0.420925	0.530851000000002	0.160673828125	0.09916666666666667
-0.44376249999999984	0.4176697500000017	0.18826757812499995	0.07680555555555557
-0.4544499999999999	0.28868599999999844	0.17090820312499982	0.0913888888888889
-0.4609749999999999	0.5538090000000011	0.15913085937500004	0.09000000000000001
-0.4504	0.4335739999999966	0.1682539062499999	0.10097222222222223
-0.49067499999999986	0.5838410000000067	0.18347656250000022	0.08083333333333333
-0.44409999999999994	0.6410840000000029	0.17118359374999997	0.10152777777777779
-0.4563624999999999	0.35399974999999984	0.1688378906250001	0.08305555555555555
-0.43195000000000006	0.19333599999999862	0.16795507812499993	0.09069444444444445
-0.46524999999999994	0.32539999999999836	0.16261132812499984	0.09486111111111112
-0.478525	0.2764489999999995	0.17765625000000013	0.10236111111111111
-0.4470249999999999	0.6613190000000024	0.1568496093749998	0.0975
-0.46828749999999986	0.4618877500000025	0.16403710937499988	0.08819444444444445
-0.4529875	0.6502897499999989	0.18041210937500007	0.08944444444444445
-0.45467500000000005	0.4159509999999962	0.1580175781250001	0.08958333333333333
-0.4902249999999999	0.4259490000000028	0.17791796875000018	0.08805555555555557
-0.47053750000000005	0.5154677499999956	0.16784960937499993	0.08472222222222223
-0.45940000000000003	0.6853039999999986	0.1727304687499999	0.08402777777777778
-0.4651375	0.42368974999999764	0.16959765625	0.09486111111111112
-0.42913749999999995	0.5767297499999984	0.17844726562500002	0.09819444444444445
-0.4824625	0.46267774999999745	0.17603710937500006	0.10333333333333333
-0.4646874999999999	0.373843750000006	0.17747851562500006	0.08180555555555555
-0.44353750000000003	0.49055774999999713	0.16852148437500003	0.09222222222222223
-0.4336374999999999	0.36964975000000067	0.17028906250000006	0.08805555555555557
-0.42733750000000004	0.4274877499999974	0.18042578125000003	0.10138888888888889
-0.43881250000000005	0.5589937499999955	0.16510546875000004	0.09180555555555557
-0.4756	0.48910399999999754	0.16979492187499984	0.09055555555555557
-0.46738749999999996	0.22004975000000115	0.16842578124999985	0.09458333333333334
-0.45208749999999986	0.5309077500000043	0.16406054687499996	0.07777777777777779
-0.4667125	0.43333774999999974	0.1624531250000001	0.10375000000000001
-0.4396	0.46202399999999955	0.18263085937500012	0.09000000000000001
-0.49483749999999993	0.5175877500000006	0.18274999999999997	0.08736111111111111
-0.44567500000000004	0.3382909999999981	0.15485742187499996	0.0926388888888889
-0.4799875	0.5633697499999997	0.17836718749999997	0.09152777777777779
-0.484375	0.41837500000000105	0.17631250000000004	0.0926388888888889
-0.47953750000000006	0.41428774999999973	0.17109375000000004	0.08277777777777778
-0.4505125	0.37434975000000037	0.17141992187500008	0.09111111111111111
-0.4448874999999999	0.36594975000000574	0.1703281249999999	0.08555555555555555
-0.4644625	0.399667749999999	0.18678906250000005	0.08458333333333333
-0.4429749999999999	0.3552690000000034	0.18595117187500004	0.08791666666666667
-0.4952874999999999	0.4723977500000025	0.18320898437499997	0.09888888888888889
-0.4398249999999999	0.49967100000000286	0.1733886718749999	0.09722222222222222
-0.4625499999999999	0.25246600000000186	0.17096875000000009	0.08166666666666667
-0.4984375	0.22084375000000023	0.1968632812499999	0.09027777777777779
-0.4898874999999999	0.4753997500000011	0.17427734374999998	0.09055555555555557
-0.44635	0.47856399999999866	0.1540644531249999	0.10208333333333333
-0.4578249999999999	0.26420100000000346	0.185611328125	0.09166666666666667
-0.4220499999999999	0.32764600000000144	0.16677539062499994	0.09666666666666666
-0.45771249999999997	0.4774577500000028	0.16861328125000008	0.08291666666666667
-0.43813749999999996	0.4820197499999992	0.17872265624999994	0.09305555555555557
-0.45399999999999996	0.33889999999999887	0.16935351562500003	0.08291666666666667
-0.46862499999999985	0.33422500000000355	0.16448632812499994	0.08444444444444445
-0.4607499999999999	0.5688500000000047	0.17364843750000009	0.08944444444444445
-0.47020000000000006	0.6016559999999984	0.16323632812499994	0.08263888888888889
-0.45467500000000005	0.312700999999997	0.17492578125000008	0.08833333333333333
-0.4304875	0.5196397499999996	0.1790371093749999	0.09000000000000001
-0.4681749999999999	0.324190999999999	0.1704453125000001	0.08652777777777779
-0.4484874999999998	0.4480597500000023	0.16811328124999989	0.10041666666666667
-0.45681250000000007	0.4759937499999971	0.1749453125000001	0.09375000000000001
-0.41698749999999996	0.41129974999999774	0.17218554687499998	0.09902777777777778
-0.4738	0.3711659999999988	0.1746660156250001	0.0901388888888889
-0.46333750000000007	0.5185077499999977	0.17900000000000002	0.08430555555555555
-0.45928749999999985	0.536317750000002	0.17849023437500006	0.09472222222222224
-0.46457499999999996	0.45538099999999915	0.17206445312500004	0.09291666666666668
-0.4439875	0.4037797499999982	0.17853710937499995	0.08902777777777779
-0.46367500000000006	0.209660999999997	0.17897265624999995	0.10555555555555556
-0.47481249999999986	0.5421937500000027	0.17784179687499999	0.08763888888888889
-0.4634499999999999	0.49347600000000114	0.17301757812500007	0.08291666666666667
-0.44556249999999986	0.3134937500000028	0.15912695312499986	0.08666666666666667
-0.45804999999999996	0.3691860000000027	0.171708984375	0.09597222222222222
-0.47109999999999996	0.23914400000000313	0.16360546874999995	0.08402777777777778
-0.4919125	0.21262774999999934	0.17537304687500016	0.08486111111111111
-0.4570374999999999	0.4997377500000013	0.17549999999999993	0.08861111111111111
-0.46389999999999987	0.3965940000000039	0.17896874999999982	0.09222222222222223
-0.4489375	0.4656937499999998	0.18540429687500007	0.08986111111111111
-0.4694125	0.3258277499999984	0.1634570312500001	0.10583333333333333
-0.4861749999999999	0.6768110000000007	0.1848261718750001	0.08555555555555555
-0.43937499999999996	0.41437500000000327	0.15699023437500004	0.0938888888888889
-0.47605	0.4880059999999986	0.1873554687500001	0.08555555555555555
-0.46828749999999986	0.3838877500000031	0.1601757812500001	0.08125
-0.49168749999999994	0.5339437500000024	0.17535546875000005	0.08861111111111111
-0.4308249999999999	0.2857310000000055	0.16728125000000005	0.08791666666666667
-0.4401624999999999	0.20688775000000348	0.16065625000000003	0.08513888888888889
-0.46828749999999986	0.4496377500000044	0.16730078124999992	0.09666666666666666
-0.469075	0.4597509999999936	0.16980859375000007	0.08819444444444445
-0.45208749999999986	0.4561577500000027	0.17858984375000006	0.08013888888888888
-0.4610874999999999	0.5037877500000008	0.17137304687500005	0.08541666666666667
-0.42969999999999986	0.4155760000000015	0.15555468750000018	0.08875000000000001
-0.45208749999999986	0.6174077500000017	0.17814843750000003	0.08694444444444445
-0.4824625	0.44792774999999807	0.17567773437499995	0.08861111111111111
-0.4314999999999999	0.5326500000000003	0.180359375	0.09055555555555557
-0.4516374999999999	0.4308297500000009	0.16439453125000006	0.09597222222222222
-0.45804999999999996	0.2771860000000004	0.1769316406250001	0.08625000000000001
-0.46277499999999994	0.4809090000000005	0.1722578125000002	0.08680555555555555
-0.4951749999999999	0.41632099999999994	0.17221679687500013	0.0951388888888889
-0.447925	0.5286310000000007	0.1689140624999999	0.09222222222222223
-0.48077499999999995	0.44886900000000196	0.18203320312500015	0.08861111111111111
-0.47267500000000007	0.27567099999999556	0.18876367187500007	0.08888888888888889
-0.4662625	0.5230197499999996	0.16464257812500013	0.09500000000000001
-0.46401250000000005	0.36430974999999677	0.1788046875	0.08152777777777778
-0.4691875	0.33594374999999843	0.17513476562500002	0.07652777777777779
-0.42598749999999996	0.4319097499999991	0.16665429687499997	0.08666666666666667
-0.4267749999999999	0.37158900000000017	0.1706328125	0.10972222222222223
-0.4482625	0.5194897500000017	0.15602148437500005	0.09277777777777779
-0.4496125000000001	0.6526297499999991	0.1617089843750001	0.0913888888888889
-0.4292499999999999	0.46110000000000184	0.1641503906249999	0.09291666666666668
-0.4274499999999999	0.490116000000004	0.17739843750000003	0.08375
-0.45714999999999983	0.3939840000000032	0.17828124999999984	0.07916666666666666
-0.45804999999999996	0.6496860000000027	0.16881640625	0.09333333333333334
-0.4746999999999999	0.3672760000000004	0.1700117187500001	0.08513888888888889
-0.4831375	0.49621974999999807	0.18659765625000002	0.08055555555555555
-0.466375	0.45222499999999854	0.18564062500000003	0.08277777777777778
-0.47728749999999986	0.7140077500000039	0.1734609375	0.09222222222222223
-0.43161250000000007	0.4067597499999991	0.16159570312500007	0.10166666666666667
-0.47492500000000004	0.31611099999999936	0.19563671874999988	0.09152777777777779
-0.4756	0.3273539999999997	0.16385937500000003	0.08833333333333333
-0.44938749999999994	0.6043197499999984	0.18182226562499998	0.09861111111111111
-0.45467500000000005	0.5387009999999961	0.1836757812499999	0.08722222222222223
-0.4416249999999998	0.45527500000000387	0.17742968750000007	0.09986111111111111
-0.4167624999999998	0.5141997500000031	0.168173828125	0.09347222222222223
-0.47785	0.38503399999999743	0.1704687500000001	0.08166666666666667
-0.5059750000000001	0.30940900000000227	0.18339453124999996	0.08361111111111111
-0.46558749999999993	0.3355277500000007	0.17883007812500004	0.08888888888888889
-0.4523124999999999	0.3286937500000029	0.15872070312500006	0.09625
-0.4858374999999999	0.2554577500000015	0.1599238281249999	0.08444444444444445
-0.4496125000000001	0.27587974999999787	0.1613496093750001	0.0952777777777778
-0.45996249999999994	0.3839777500000032	0.16191796875000009	0.09833333333333333
-0.45276249999999985	0.3492597500000052	0.16841210937499998	0.09805555555555555
-0.42655	0.5368259999999943	0.17098046874999992	0.08666666666666667
-0.4541124999999999	0.5196597499999989	0.17172265624999994	0.08833333333333333
-0.46738749999999996	0.33779975000000206	0.18124218749999998	0.08
-0.45265	0.19999400000000023	0.174435546875	0.09597222222222222
-0.48696249999999996	0.6588677500000024	0.18037500000000004	0.08027777777777778
-0.49697499999999994	0.578989	0.169654296875	0.08291666666666667
-0.4653624999999999	0.5118597500000028	0.16645117187499991	0.09097222222222223
-0.4357749999999999	0.5429689999999994	0.16979296875	0.09972222222222223
-0.4607499999999999	0.4211000000000027	0.15942773437500007	0.09347222222222223
-0.4790874999999999	0.3916977500000023	0.16881835937499992	0.08708333333333333
-0.4662625	0.4912697500000007	0.17758007812499998	0.08388888888888889
-0.48685	0.5885040000000004	0.17406640625000006	0.07958333333333333
-0.44095000000000006	0.3483759999999947	0.18469335937499998	0.08625000000000001
-0.46558749999999993	0.218777750000001	0.16825390624999995	0.09194444444444445
-0.4115874999999999	0.4963477499999982	0.16368359375000002	0.09958333333333333
-0.4470249999999999	0.5053190000000036	0.155978515625	0.10111111111111111
-0.4451124999999999	0.33504975000000314	0.17904296875000003	0.09208333333333334
-0.4685125	0.57602975	0.1798281250000001	0.08833333333333333
-0.4318374999999999	0.3702277500000051	0.161267578125	0.08402777777777778
-0.42632499999999995	0.3740610000000011	0.16331250000000014	0.09694444444444444
-0.4407249999999999	0.34623900000000063	0.1757089843749999	0.08930555555555557
-0.47953750000000006	0.4750377499999985	0.18723242187500005	0.08513888888888889
-0.4650249999999999	0.38622900000000016	0.19762304687500007	0.08458333333333333
-0.43633750000000004	0.36141774999999754	0.19127148437500002	0.0811111111111111
-0.4563624999999999	0.5264997500000028	0.1904589843749999	0.09319444444444445
-0.49348749999999986	0.6121097500000019	0.1712753906250001	0.08444444444444445
-0.4889875	0.2428297499999985	0.1862812500000001	0.08597222222222223
-0.4324	0.3620139999999985	0.18123046874999993	0.09541666666666668
-0.45523749999999996	0.6787297500000022	0.16299023437500001	0.08638888888888889
-0.44353750000000003	0.25930774999999784	0.17036718750000007	0.1
-0.45928749999999985	0.4160677500000034	0.1757949218750002	0.08291666666666667
-0.469075	0.37925099999999645	0.16863085937500008	0.08555555555555555
-0.452875	0.4467749999999988	0.16291601562500016	0.10222222222222223
-0.4859499999999999	0.7185760000000023	0.16583203125	0.07736111111111112
-0.4728999999999999	0.4407740000000011	0.17425781250000008	0.08138888888888889
-0.4852749999999999	0.4851090000000049	0.18661328125000012	0.09416666666666668
-0.46277499999999994	0.5374090000000038	0.16174218750000013	0.0975
-0.49967499999999987	0.6182510000000008	0.17827148437499998	0.0975
-0.43903749999999986	0.34289775000000233	0.17332421874999995	0.08833333333333333
-0.46153750000000004	0.6504477499999979	0.17441796875000004	0.08541666666666667
-0.4588374999999999	0.549617750000003	0.17550585937500007	0.09083333333333334
-0.46029999999999993	0.4749260000000035	0.17630664062500004	0.08638888888888889
-0.48178750000000004	0.43436774999999983	0.1808476562500001	0.0901388888888889
-0.45467500000000005	0.4617009999999979	0.16146679687499998	0.09541666666666668
-0.4757125	0.3747677500000002	0.1799902343750001	0.08569444444444445
-0.442075	0.5695309999999978	0.17383984375000003	0.09180555555555557
-0.45265	0.4024940000000008	0.18354101562500003	0.08791666666666667
-0.4650249999999999	0.19347899999999996	0.16946679687499988	0.08555555555555555
-0.4676125000000001	0.5966997499999955	0.17227734374999998	0.09458333333333334
-0.4609749999999999	0.5428090000000019	0.15247460937500007	0.09250000000000001
-0.4473624999999999	0.3166897500000019	0.16962500000000003	0.08750000000000001
-0.4667125	0.36233774999999824	0.15788085937500004	0.09319444444444445
-0.4451124999999999	0.3595497500000029	0.16895507812499996	0.08236111111111111
-0.4383624999999999	0.3869297500000002	0.16017187500000013	0.09125000000000001
-0.46423749999999997	0.5827397500000018	0.182421875	0.08875000000000001
-0.47042499999999987	0.5000310000000034	0.1886230468750002	0.08736111111111111
-0.48358749999999995	0.36723775000000103	0.1695058593749999	0.09430555555555557
-0.4223874999999999	0.38759975000000324	0.1695156249999999	0.10513888888888889
-0.4514125	0.31178774999999703	0.16296484374999998	0.0811111111111111
-0.45714999999999983	0.5082340000000052	0.1649218749999999	0.09555555555555555
-0.47211249999999993	0.3960297500000003	0.17128320312500012	0.08291666666666667
-0.4766124999999999	0.45730975000000385	0.17445898437499996	0.09097222222222223
-0.48865000000000003	0.7140139999999988	0.17112304687499996	0.08861111111111111
-0.43847500000000006	0.3927589999999981	0.1635566406250002	0.09680555555555555
-0.45062499999999983	0.7553750000000043	0.1729140625000002	0.09236111111111112
-0.4237375	0.38486975	0.16157031249999998	0.09680555555555555
-0.45624999999999993	0.22650000000000148	0.16419921875000004	0.08375
-0.42565	0.2650040000000011	0.15903710937499999	0.09555555555555555
-0.4561375	0.3579997499999976	0.18457226562500004	0.09027777777777779
-0.4588374999999999	0.3618677500000018	0.17340234375000002	0.08708333333333333
-0.47357499999999997	0.24632099999999824	0.17615039062500004	0.10013888888888889
-0.47987500000000005	0.6802249999999965	0.161216796875	0.08694444444444445
-0.4650249999999999	0.4534790000000015	0.17733789062500013	0.10055555555555555
-0.45096249999999993	0.5844477500000025	0.15754296875000015	0.10375000000000001
-0.4653624999999999	0.33735975000000096	0.1689082031249999	0.09083333333333334
-0.4306	0.24225399999999908	0.16020117187500013	0.10402777777777779
-0.4249749999999999	0.3189290000000007	0.15905273437500006	0.08277777777777778
-0.46558749999999993	0.7035277499999992	0.18095898437500008	0.08
-0.4660374999999999	0.4178577499999996	0.16927343750000007	0.09444444444444446
-0.4357749999999999	0.40696900000000014	0.1692871093750002	0.09444444444444446
-0.48234999999999983	0.5555440000000011	0.17150390624999998	0.08527777777777779
-0.45523749999999996	0.39222975000000204	0.17373632812499998	0.09208333333333334
-0.47886249999999997	0.6211497499999972	0.16436328125000002	0.09111111111111111
-0.4757125	0.5297677500000013	0.1740996093749999	0.0901388888888889
-0.45804999999999996	0.27143600000000134	0.18004101562499997	0.08805555555555557
-0.4482625	0.11723974999999953	0.17328710937500003	0.08444444444444445
-0.4541124999999999	0.44365974999999835	0.1822792968749999	0.08833333333333333
-0.418675	0.46086099999999774	0.16880859375000007	0.07833333333333332
-0.47481249999999986	0.5004437500000023	0.16836718749999996	0.09708333333333333
-0.46018749999999997	0.41919374999999803	0.17511914062500006	0.09111111111111111
-0.46187500000000004	0.5798749999999977	0.18266210937499988	0.08
-0.4919125	0.4993777499999972	0.17692382812500007	0.07888888888888888
-0.4379124999999999	0.4328577500000037	0.16033789062499998	0.10555555555555556
-0.43723749999999995	0.4486097500000028	0.17489453125000007	0.09944444444444445
-0.42475000000000007	0.6628999999999969	0.1774160156250001	0.10097222222222223
-0.5465875	0.26654774999999375	0.18545898437500005	0.08902777777777779
-0.4595125	0.3230397499999995	0.18777929687499995	0.09027777777777779
-0.4578249999999999	0.36920100000000033	0.17604492187499987	0.08152777777777778
-0.433075	0.43714100000000045	0.173533203125	0.08972222222222223
-0.4723375000000001	0.6578877499999969	0.174205078125	0.0952777777777778
-0.48538749999999997	0.39722975000000105	0.16728320312499995	0.08958333333333333
-0.44184999999999997	0.5269040000000018	0.17440624999999996	0.08388888888888889
-0.4519749999999999	0.3028890000000004	0.16918945312500003	0.09486111111111112
-0.45771249999999997	0.5349577500000038	0.17131835937499992	0.09305555555555557
-0.43667500000000004	0.5731809999999982	0.16253515624999992	0.08902777777777779
-0.47616249999999993	0.4679177500000016	0.1699628906250001	0.08486111111111111
-0.4339749999999999	0.467449000000002	0.16858007812499984	0.0951388888888889
-0.4676125000000001	0.3854497499999958	0.16883203124999982	0.08819444444444445
-0.4656999999999999	0.31998600000000366	0.1665078125000001	0.08055555555555555
-0.4766124999999999	0.4195597500000048	0.17809375000000005	0.09291666666666668
-0.48606250000000006	0.4476937499999991	0.16881445312499999	0.08847222222222223
-0.49663749999999995	0.34927974999999734	0.17268164062500013	0.08083333333333333
-0.4289124999999999	0.4607377500000034	0.16999999999999998	0.09986111111111111
-0.4882000000000001	0.5508359999999968	0.18282226562499995	0.09916666666666667
-0.45433750000000006	0.22592774999999676	0.15939843750000007	0.08402777777777778
-0.47065	0.49840400000000074	0.18048242187499994	0.09416666666666668
-0.4666	0.4431340000000006	0.1766367187499999	0.08513888888888889
-0.489325	0.4881409999999988	0.17691992187500008	0.08777777777777779
-0.49393750000000003	0.4176937499999944	0.18739453124999997	0.08
-0.46333750000000007	0.3780077499999983	0.16834179687499992	0.08972222222222223
-0.46401250000000005	0.5395597499999987	0.18666015624999993	0.0938888888888889
-0.5094624999999999	0.465317749999997	0.19196875000000002	0.08402777777777778
-0.48662499999999986	0.4845250000000014	0.17212304687500002	0.08416666666666667
-0.4496125000000001	0.367629749999999	0.17695507812500014	0.09652777777777778
-0.5135125	0.2129797499999988	0.18957812500000004	0.07458333333333333
-0.47965	0.4086839999999974	0.18350585937499997	0.08736111111111111
-0.48606250000000006	0.5381937499999978	0.16842578125	0.09083333333333334
-0.43420000000000003	0.4036459999999984	0.17396484375000001	0.09250000000000001
-0.45208749999999986	0.3226577500000012	0.17968554687500007	0.09222222222222223
-0.49506250000000007	0.34374374999999446	0.17645312500000004	0.08527777777777779
-0.46052499999999996	0.46788899999999956	0.17039453125000012	0.09083333333333334
-0.46209999999999996	0.5015740000000015	0.1677890625	0.08097222222222222
-0.48426250000000004	0.47349974999999844	0.16830664062499998	0.08333333333333333
-0.4949499999999999	0.425416000000002	0.19028125000000015	0.08194444444444444
-0.45062499999999983	0.3391250000000028	0.17885937499999996	0.09791666666666667
-0.46052499999999996	0.4901389999999992	0.16000585937500011	0.09944444444444445
-0.45265	0.33624400000000065	0.172015625	0.08361111111111111
-0.47177499999999994	0.5204890000000013	0.18041210937500007	0.09486111111111112
-0.44443749999999993	0.6299937500000006	0.17381249999999998	0.08916666666666667
-0.4632249999999999	0.6385390000000015	0.16235742187499994	0.09430555555555557
-0.44803749999999987	0.3319177499999988	0.17167578125000008	0.09208333333333334
-0.44601250000000003	0.3339297499999958	0.17500781249999992	0.08805555555555557
-0.4955125	0.48529974999999936	0.17996484374999996	0.08027777777777778
-0.46794999999999987	0.232796000000004	0.1701464843750002	0.08902777777777779
-0.46176249999999985	0.5756497500000002	0.17331640625000008	0.0973611111111111
-0.49967499999999987	0.28750100000000245	0.15380468749999998	0.09208333333333334
-0.4967499999999999	0.5938500000000033	0.180068359375	0.09083333333333334
-0.48538749999999997	0.5859797499999999	0.18192382812500002	0.07083333333333333
-0.4943875	0.6035197499999967	0.18135351562499996	0.08277777777777778
-0.43599999999999994	0.471899999999998	0.17028906250000017	0.0973611111111111
-0.48043749999999996	0.5191937499999995	0.16109179687500005	0.09722222222222222
-0.43251249999999997	0.6641197500000011	0.16971289062499995	0.08777777777777779
-0.4836999999999999	0.5976160000000021	0.17652343749999994	0.07611111111111112
-0.48572499999999996	0.42008899999999727	0.18310937500000002	0.08194444444444444
-0.4831375	0.44621974999999736	0.1643242187499999	0.0913888888888889
-0.46333750000000007	0.3490077499999984	0.16900781249999997	0.10083333333333333
-0.4613124999999999	0.5487437499999999	0.17218164062500002	0.08888888888888889
-0.46648749999999983	0.5189297500000052	0.17131249999999995	0.08166666666666667
-0.4581624999999999	0.4104277500000002	0.18079296875000006	0.08722222222222223
-0.4422999999999999	0.3924060000000047	0.166697265625	0.0926388888888889
-0.4248624999999999	0.5477897499999997	0.1672636718749999	0.09500000000000001
-0.4870749999999998	0.5134810000000058	0.18608984374999993	0.08305555555555555
-0.48853750000000007	0.5534077499999981	0.16705468749999997	0.0763888888888889
-0.4581624999999999	0.7609277500000005	0.17933203125000005	0.09333333333333334
-0.4165375	0.5403477500000022	0.172126953125	0.0973611111111111
-0.4746999999999999	0.37677599999999956	0.1729609374999999	0.0811111111111111
-0.4566999999999999	0.36049600000000126	0.16523242187499998	0.08222222222222222
-0.4239624999999999	0.5399077500000011	0.15736718749999995	0.09791666666666667
-0.45208749999999986	0.29365775000000127	0.17154687500000004	0.10611111111111111
-0.48144999999999993	0.6979559999999978	0.17447656250000007	0.085
-0.4727875	0.5083477499999987	0.1764648437499999	0.08458333333333333
-0.4757125	0.4202677500000007	0.1806894531250001	0.07347222222222223
-0.4566999999999999	0.510746000000001	0.16871679687500002	0.08597222222222223
-0.46614999999999984	0.5698140000000045	0.16993945312500003	0.08875000000000001
-0.5059750000000001	0.5809090000000019	0.17032421874999998	0.08791666666666667
-0.4077625	0.4630597499999993	0.17726757812500007	0.0938888888888889
-0.4787499999999999	0.25500000000000256	0.18077734374999987	0.09625
-0.4468	0.42248599999999925	0.18045898437499988	0.08208333333333333
-0.451075	0.45347099999999685	0.16282812500000005	0.08763888888888889
-0.4637875	0.39787774999999925	0.18248632812499999	0.09583333333333333
-0.47526250000000003	0.49260974999999974	0.16514257812499994	0.09000000000000001
-0.4722249999999999	0.3284590000000023	0.17583398437499992	0.08805555555555557
-0.4840374999999999	0.3027477499999982	0.15836523437499989	0.09305555555555557
-0.46738749999999996	0.4277997500000019	0.16514257812500008	0.09055555555555557
-0.4667125	0.4428377499999989	0.16690234374999996	0.085
-0.4541124999999999	0.4561597500000012	0.17379687499999996	0.08388888888888889
-0.45996249999999994	0.40972775000000183	0.1620839843749999	0.0938888888888889
-0.4669375	0.6577437499999945	0.1773300781249999	0.09347222222222223
-0.4532125	0.17556774999999902	0.18739453124999994	0.07611111111111112
-0.47706250000000006	0.4419437500000001	0.15973046874999994	0.085
-0.456925	0.35999100000000084	0.1765976562500001	0.08902777777777779
-0.46142499999999986	0.5442210000000003	0.17343554687500004	0.09027777777777779
-0.48291249999999997	0.6749577499999972	0.17602734374999995	0.09083333333333334
-0.4380249999999999	0.5596890000000059	0.16979687499999999	0.09375000000000001
-0.4271124999999999	0.6609797500000028	0.1635253906249999	0.08208333333333333
-0.47773750000000004	0.5681297499999971	0.178962890625	0.08888888888888889
-0.4591749999999999	0.402080999999999	0.1775683593750001	0.08125
-0.4802124999999998	0.42765775000000517	0.166482421875	0.08361111111111111
-0.44713749999999997	0.5348597499999954	0.16444140625000003	0.08944444444444445
-0.4396	0.6072740000000003	0.16289843750000027	0.08819444444444445
-0.48392500000000005	0.4698709999999977	0.18382031249999992	0.08041666666666666
-0.4595125	0.3480397499999981	0.16783203125000015	0.07833333333333332
-0.44815000000000005	0.6409539999999971	0.16348242187499995	0.09041666666666667
-0.4952874999999999	0.5901477500000034	0.17728320312499996	0.0952777777777778
-0.4563624999999999	0.44599975000000214	0.16998242187500015	0.08416666666666667
-0.4732375	0.45679975000000184	0.1765312500000001	0.08819444444444445
-0.4926999999999999	0.29175599999999946	0.168591796875	0.08152777777777778
-0.4504	0.4623239999999953	0.16538085937499994	0.08569444444444445
-0.46524999999999994	0.6458999999999975	0.16996679687499988	0.09902777777777778
-0.5086749999999998	0.6122110000000021	0.182845703125	0.08680555555555555
-0.4784124999999999	0.38679775000000305	0.18368750000000011	0.08791666666666667
-0.4199124999999999	0.3721677500000027	0.15750976562499988	0.09541666666666668
-0.42317499999999986	0.3273910000000022	0.16402148437499992	0.09041666666666667
-0.4870749999999998	0.5857310000000027	0.18301367187499992	0.07875
-0.46738749999999996	0.4547997499999994	0.17042968749999993	0.08638888888888889
-0.4313874999999999	0.4057897500000003	0.17024023437499994	0.09305555555555557
-0.509125	0.5060249999999975	0.20507031250000013	0.08444444444444445
-0.47143749999999995	0.35594375000000156	0.17075390624999995	0.09444444444444446
-0.4115874999999999	0.4798477499999976	0.16954492187499987	0.11541666666666667
-0.4597375	0.2375097499999974	0.1632734375	0.0952777777777778
-0.4818999999999999	0.38450399999999973	0.16438671875	0.0901388888888889
-0.47357499999999997	0.31932099999999863	0.16310937500000006	0.08847222222222223
-0.476275	0.5710789999999939	0.17965234374999992	0.09500000000000001
-0.4308249999999999	0.3707310000000028	0.16133203125	0.09250000000000001
-0.4784124999999999	0.48779775000000214	0.17485156250000006	0.09430555555555557
-0.4529875	0.4190397499999996	0.180412109375	0.09319444444444445
-0.45894999999999986	0.4343560000000046	0.17893554687500005	0.08430555555555555
-0.45096249999999993	0.30669775000000143	0.18240234374999997	0.08597222222222223
-0.45096249999999993	0.4966977500000027	0.16766406250000004	0.09333333333333334
-0.44938749999999994	0.4623197499999989	0.18353320312500015	0.08416666666666667
-0.4604125	0.5139077499999942	0.16638671875	0.09125000000000001
-0.47492500000000004	0.30986099999999794	0.17645703125000006	0.08291666666666667
-0.4793124999999999	0.577993750000001	0.16955468749999994	0.08583333333333333
-0.45838749999999995	0.5484097499999976	0.17161328124999992	0.08930555555555557
-0.4507375	0.5926497499999996	0.1815000000000001	0.08930555555555557
-0.4519749999999999	0.2891389999999987	0.17365429687500006	0.08805555555555557
-0.4422999999999999	0.7294060000000044	0.19463476562499996	0.09694444444444444
-0.43566249999999995	0.45487774999999786	0.1666210937499999	0.08152777777777778
-0.4494999999999999	0.4311000000000007	0.172908203125	0.10500000000000001
-0.481	0.5738999999999983	0.17157226562500005	0.08902777777777779
-0.46277499999999994	0.22740900000000153	0.15705078124999994	0.09972222222222223
-0.4516374999999999	0.5733297500000027	0.1731718750000001	0.08958333333333333
-0.46524999999999994	0.4153999999999982	0.1704375	0.09111111111111111
-0.43465	0.5612840000000006	0.16290624999999995	0.09791666666666667
-0.4676125000000001	0.5286997499999941	0.18253125000000006	0.08277777777777778
-0.489325	0.466390999999998	0.17794140625	0.08694444444444445
-0.47616249999999993	0.27716775000000027	0.18327734374999993	0.08472222222222223
-0.45894999999999986	0.28185600000000477	0.16721679687500002	0.08611111111111111
-0.47053750000000005	0.5297177499999961	0.1705351562499999	0.09277777777777779
-0.44004999999999994	0.43406599999999784	0.1563945312500001	0.08263888888888889
-0.46086249999999995	0.578829749999997	0.1643105468750002	0.08652777777777779
-0.4781875	0.2432437500000013	0.19070507812499976	0.09708333333333333
-0.447925	0.5006309999999985	0.1774140625000001	0.09652777777777778
-0.4622125	0.4277977499999963	0.1760546875	0.08597222222222223
-0.46142499999999986	0.536721	0.17186718750000002	0.09944444444444445
-0.4643499999999998	0.3319540000000032	0.17522460937499995	0.08569444444444445
-0.44803749999999987	0.3454177499999993	0.15935742187500004	0.08458333333333333
-0.4382499999999999	0.42435000000000045	0.16088476562500004	0.11402777777777777
-0.48549999999999993	0.5196000000000005	0.17665429687499995	0.08805555555555557
-0.5223999999999998	0.32631400000000355	0.17941406249999994	0.0798611111111111
-0.49044999999999994	0.4316459999999971	0.17206640625000005	0.08750000000000001
-0.42565	0.40875400000000184	0.16087890625	0.09111111111111111
-0.4264374999999999	0.5829437500000019	0.17025781250000002	0.09847222222222222
-0.4676125000000001	0.31319974999999545	0.17339453125000007	0.08569444444444445
-0.4691875	0.29919374999999704	0.17856054687500017	0.0811111111111111
-0.45804999999999996	0.3664360000000002	0.1751269531250001	0.07972222222222222
-0.44837499999999997	0.499525000000002	0.16917773437500006	0.09847222222222222
-0.4891	0.5159340000000014	0.17726562499999987	0.08333333333333333
-0.4498374999999999	0.3221877500000012	0.17445312500000001	0.09361111111111112
-0.4422999999999999	0.4849060000000023	0.17300390624999995	0.08680555555555555
-0.4115874999999999	0.6253477499999995	0.16621289062499991	0.08777777777777779
-0.43903749999999986	0.3136477500000012	0.1667089843750001	0.08819444444444445
-0.46491249999999995	0.49026774999999745	0.167994140625	0.08861111111111111
-0.4354374999999999	0.21644374999999982	0.15995898437500003	0.09472222222222224
-0.4653624999999999	0.6033597500000027	0.18035156249999998	0.09416666666666668
-0.44972499999999993	0.5104089999999992	0.16919726562500004	0.08555555555555555
-0.46491249999999995	0.3835177499999993	0.1889589843750002	0.09305555555555557
-0.46401250000000005	0.5793097499999966	0.17869726562500005	0.08222222222222222
-0.45681250000000007	0.37799374999999813	0.17310546874999996	0.08027777777777778
-0.48977499999999996	0.44279900000000083	0.17900781249999997	0.08444444444444445
-0.47548749999999984	0.5229397500000026	0.16683398437499997	0.08597222222222223
-0.446125	0.2694749999999999	0.18106249999999985	0.09180555555555557
-0.47762499999999986	0.26597500000000096	0.16444335937499996	0.08638888888888889
-0.487525	0.32692899999999625	0.1870058593749999	0.08513888888888889
-0.48516249999999994	0.6544877500000013	0.173572265625	0.09152777777777779
-0.4364499999999999	0.5450060000000008	0.16503320312499992	0.09625
-0.487525	0.3681789999999978	0.18733203125000003	0.07597222222222223
-0.44522499999999987	0.5693490000000025	0.1715820312499999	0.09319444444444445
-0.4666	0.5428840000000008	0.15970703125000008	0.08736111111111111
-0.44308749999999986	0.5465777500000044	0.1642070312499999	0.09722222222222222
-0.45838749999999995	0.6579097499999982	0.16903320312500003	0.08763888888888889
-0.4308249999999999	0.40098100000000514	0.17827929687500008	0.08611111111111111
-0.46457499999999996	0.6533809999999995	0.16902343750000004	0.08888888888888889
-0.46176249999999985	0.45539975000000155	0.1778242187499999	0.08611111111111111
-0.43465	0.41878400000000227	0.15863476562500015	0.09958333333333333
-0.47706250000000006	0.5891937499999997	0.17635546875000002	0.08388888888888889
-0.447925	0.6336310000000012	0.16871875	0.09305555555555557
-0.5052999999999999	0.4399760000000015	0.17295703125000012	0.08527777777777779
-0.4937125	0.4257777499999982	0.17931250000000015	0.08680555555555555
-0.43881250000000005	0.3194937499999959	0.16051367187500004	0.08833333333333333
-0.46491249999999995	0.29026774999999816	0.15174609375000003	0.09902777777777778
-0.46052499999999996	0.3783890000000021	0.16627734375000003	0.08847222222222223
-0.4558	0.4874959999999966	0.179185546875	0.08625000000000001
-0.45557499999999995	0.386491000000003	0.16673242187500015	0.09722222222222222
-0.45355	0.5513559999999949	0.17229492187499992	0.10402777777777779
-0.44938749999999994	0.3728197499999979	0.151236328125	0.08638888888888889
-0.4856124999999999	0.38496975000000333	0.16536132812499996	0.09625
-0.4769499999999999	0.46078600000000236	0.182818359375	0.07708333333333334
