-0.6107499999999999	0.761224999999996	0.26356014554794543	0.06708333333333334
-0.6153249999999999	0.5460897500000002	0.23297517123287675	0.0825
-0.6166	0.38761399999999924	0.23662981592465776	0.080625
-0.6013	0.4047860000000014	0.2360133775684931	0.08479166666666667
-0.610825	0.28006975000000267	0.2519101027397259	0.0775
-0.6395500000000001	0.32534099999999455	0.23197795376712332	0.06125
-0.6334	-0.15088600000000696	0.24663249143835622	0.07708333333333334
-0.6198999999999999	0.42684399999999556	0.2342202482876714	0.07708333333333334
-0.6240999999999999	0.6559640000000044	0.2394089255136989	0.06979166666666667
-0.592525	0.5718777499999987	0.2520253638698632	0.078125
-0.61015	0.555449000000003	0.23495836900684924	0.079375
-0.6283749999999999	0.6067437499999997	0.23016780821917815	0.0675
-0.6096999999999999	0.44709600000000904	0.2595565068493149	0.07083333333333335
-0.6110499999999999	0.389600999999999	0.24372559931506876	0.08416666666666668
-0.6039249999999998	0.5322597500000015	0.24952461472602752	0.07625
-0.609175	0.5986197500000046	0.23868685787671245	0.08875
-0.6269499999999999	0.44808100000000195	0.24157448630136996	0.06583333333333334
-0.5947749999999998	0.475147750000005	0.23692968750000012	0.09020833333333333
-0.595075	0.4979497499999965	0.2543106806506849	0.06770833333333334
-0.6265750000000001	0.45763974999999135	0.2699399614726027	0.07270833333333333
-0.6167499999999999	0.38972499999999854	0.25778167808219193	0.07333333333333333
-0.5948500000000001	0.8168489999999977	0.2315011772260272	0.074375
-0.6127749999999998	0.2801077499999991	0.2564855522260274	0.07229166666666667
-0.611875	0.28234375000000256	0.2553072559931507	0.08604166666666667
-0.6245499999999999	0.5412409999999994	0.23703499571917813	0.06104166666666667
-0.5857749999999999	0.49961774999999875	0.22137746147260268	0.07104166666666667
-0.59185	0.49115900000000323	0.25280875428082217	0.068125
-0.582625	0.45994375000000076	0.2438302654109591	0.07541666666666667
-0.6208	0.7359659999999977	0.2438578767123289	0.08
-0.6044499999999999	0.741230999999992	0.25038313356164393	0.07166666666666667
-0.636625	0.45974375000000123	0.2617628424657534	0.07666666666666667
-0.5895999999999999	0.5810540000000017	0.2140906464041095	0.09604166666666668
-0.5993499999999998	0.24050900000000297	0.23791470462328773	0.076875
-0.612025	0.35251774999999697	0.23910423801369857	0.08208333333333334
-0.6070749999999998	0.22121975000001015	0.25549026113013673	0.06895833333333334
-0.610225	0.5120477499999936	0.23073576626712344	0.08354166666666668
-0.5891500000000001	0.3136289999999988	0.23253660102739698	0.08208333333333334
-0.6070749999999998	0.6127197500000108	0.22417230308219183	0.07875
-0.607	0.2888500000000036	0.2264508775684933	0.07979166666666668
-0.603775	0.31922774999999604	0.24703831335616405	0.08041666666666668
-0.6184000000000001	0.40206399999998865	0.24181592465753426	0.06833333333333334
-0.6004749999999999	0.5105177499999982	0.23548234160958892	0.069375
-0.63385	0.45801899999999307	0.2520696703767121	0.06770833333333334
-0.604975	0.3564277499999946	0.23368696489726046	0.06104166666666667
-0.6148750000000001	0.3546937500000027	0.24517776113013712	0.08229166666666668
-0.6138999999999999	-0.022475999999997498	0.23299636130136997	0.07041666666666667
-0.623575	0.7496597499999993	0.24394103167808226	0.07395833333333333
-0.6258999999999999	0.3649639999999934	0.25943193493150696	0.0775
-0.5902750000000001	0.344657749999989	0.2335055650684933	0.07333333333333333
-0.6234999999999999	0.8081499999999977	0.24680265410958901	0.06333333333333334
-0.59605	0.22550099999999418	0.2463213827054796	0.06770833333333334
-0.624325	0.29597975000000787	0.24459728167808226	0.075625
-0.6057250000000001	0.30423774999999864	0.2628345462328765	0.07625
-0.6237250000000001	0.1306777499999967	0.24829270119863023	0.07270833333333333
-0.5848	0.6681759999999954	0.23728927654109583	0.08520833333333333
-0.6107499999999999	0.525474999999993	0.22898919092465758	0.076875
-0.6040000000000001	0.3991499999999917	0.24812510702054752	0.06979166666666667
-0.5857749999999999	0.6771177499999936	0.22882705479452042	0.08333333333333334
-0.607375	0.2819437499999964	0.23680639982876692	0.06770833333333334
-0.592525	0.8016277500000015	0.2273190282534246	0.09229166666666667
-0.6127749999999998	0.5558577500000013	0.24205832619862994	0.07979166666666668
-0.6304749999999999	0.17266775000000223	0.25060402397260273	0.0775
-0.60175	0.41097500000000053	0.24741395547945189	0.0775
-0.6153249999999999	0.21033974999999572	0.22771168664383556	0.07708333333333334
-0.611275	0.27337775000000164	0.2513684717465752	0.074375
-0.61435	0.6189589999999967	0.23561750856164396	0.07875
-0.6084999999999998	0.6334000000000088	0.22846907106164388	0.07604166666666667
-0.60205	0.5005909999999929	0.25389330051369874	0.08020833333333334
-0.6170499999999999	0.16719100000000253	0.25830147688356153	0.06645833333333334
-0.604825	0.4676597499999957	0.240261344178082	0.08125
-0.6270249999999999	0.4990677500000089	0.2528257705479453	0.06083333333333333
-0.6100000000000001	0.4312499999999915	0.2364625428082192	0.07375
-0.5955249999999999	0.39013775000000095	0.22216309931506828	0.08
-0.62215	0.8933889999999991	0.2460696703767123	0.07354166666666667
-0.6040749999999999	0.3512897499999994	0.2285124143835617	0.08416666666666668
-0.63655	0.43107099999999576	0.25374272260273967	0.0625
-0.6368499999999999	0.4575090000000088	0.24664116010273995	0.06604166666666667
-0.6254500000000001	0.5614909999999966	0.23008112157534238	0.07708333333333334
-0.5743	0.6657560000000018	0.23287564212328746	0.07958333333333334
-0.5944749999999999	0.38833774999999804	0.251285316780822	0.08375
-0.5970249999999999	0.6387177499999908	0.2201099101027399	0.084375
-0.610525	0.5851877499999958	0.25009867294520516	0.08791666666666667
-0.6040000000000001	0.1731499999999926	0.2409741010273973	0.07291666666666667
-0.575275	0.5103577500000043	0.22052953767123287	0.07083333333333335
-0.63025	0.4317749999999947	0.2474425299657535	0.07854166666666668
-0.61435	0.6447089999999989	0.2464433861301368	0.076875
-0.57955	0.390940999999998	0.23880019263698649	0.078125
-0.6279249999999998	0.3358697500000076	0.255201305650685	0.07145833333333335
-0.6000999999999999	0.7019440000000046	0.23979323630136978	0.07083333333333335
-0.6138250000000001	0.6229497499999965	0.26211697345890406	0.06395833333333334
-0.58525	0.7625249999999966	0.2406347388698631	0.071875
-0.6430749999999998	0.3707297500000024	0.2372491438356164	0.06666666666666667
-0.59365	0.3785689999999917	0.2248962970890411	0.07770833333333334
-0.569725	0.3429577499999965	0.2565478381849315	0.074375
-0.5932	0.41230599999999384	0.23281046660958898	0.06895833333333334
-0.6387999999999998	0.3612860000000069	0.2528248073630137	0.06604166666666667
-0.6339999999999999	0.3406500000000108	0.23933636558219176	0.07854166666666668
-0.6054250000000001	0.5269697499999921	0.23853949058219162	0.083125
-0.6090249999999999	0.43940774999999377	0.22070997431506845	0.06875
-0.6039249999999998	0.34500975000000267	0.23654312928082183	0.07020833333333334
-0.604825	0.3944097500000012	0.22874839469178088	0.083125
-0.6139749999999999	0.16759774999999877	0.24449004708904098	0.069375
-0.6050499999999999	0.4765610000000038	0.235760059931507	0.08041666666666668
-0.5627499999999999	0.2965250000000026	0.2253576626712328	0.07125000000000001
-0.63385	0.28926899999999733	0.24270687071917796	0.068125
-0.6297999999999999	0.2169760000000025	0.2693238441780822	0.06625
-0.5997250000000001	0.2868577499999958	0.24257363013698635	0.075
-0.59365	0.37481899999999513	0.23145526541095873	0.09041666666666667
-0.599575	0.2812697499999999	0.22149850171232904	0.07625
-0.5892249999999999	0.6878677500000023	0.22753189212328762	0.08541666666666667
-0.61195	0.5646809999999931	0.2361459760273973	0.07583333333333334
-0.59365	0.30481899999999484	0.24425117722602732	0.079375
-0.654175	0.5036697500000002	0.24953617294520544	0.06375
-0.614725	0.5583077500000044	0.2191297089041096	0.0775
-0.6044499999999999	0.4724809999999948	0.22911536815068503	0.07458333333333333
-0.6213249999999999	0.7981497500000003	0.257552761130137	0.06479166666666666
-0.6113499999999998	0.23021899999999818	0.2299167380136988	0.07791666666666668
-0.6117999999999999	0.2865060000000028	0.244614940068493	0.08458333333333334
-0.6336999999999999	0.42163599999999946	0.2573196703767123	0.06520833333333334
-0.6043749999999999	0.3020937500000045	0.25008711472602757	0.08208333333333334
-0.5701	0.4655439999999942	0.2409750642123288	0.08604166666666667
-0.6128499999999999	0.34143900000000116	0.22637767551369847	0.08895833333333333
-0.6212499999999999	0.3798750000000055	0.23853660102739715	0.06625
-0.618325	0.5532697499999983	0.2303020119863015	0.06291666666666666
-0.620425	0.4630697499999954	0.2524369648972602	0.061875
-0.621775	0.32978774999999416	0.24761622431506847	0.07625
-0.5966499999999999	0.5040290000000027	0.22995012842465745	0.09458333333333334
-0.596875	0.2703437500000021	0.28095847602739743	0.06916666666666667
-0.586225	0.7226777499999955	0.23215582191780798	0.0775
-0.6244000000000001	0.3622339999999937	0.2457261344178081	0.07395833333333333
-0.625675	0.04222974999999707	0.251411815068493	0.07083333333333335
-0.600625	0.584093750000001	0.22628199914383582	0.08604166666666667
-0.6258999999999999	0.452463999999992	0.23995601455479454	0.07395833333333333
-0.6107499999999999	0.45472499999999627	0.23549101027397285	0.0775
-0.607675	0.15415975000000515	0.2219823416095889	0.084375
-0.6274	0.15224400000000315	0.2242760059931505	0.06770833333333334
-0.597775	0.34930775000000125	0.24682512842465754	0.07208333333333333
-0.6043749999999999	0.3095937500000048	0.25131389126712333	0.07229166666666667
-0.6346	0.5919039999999995	0.24337082619863024	0.07895833333333334
-0.60745	0.3308110000000042	0.23734995719178095	0.08291666666666668
-0.619375	0.4028437499999953	0.23814779537671207	0.07479166666666667
-0.5785750000000001	0.4672097500000021	0.2394034674657538	0.08791666666666667
-0.63175	0.5154750000000021	0.24779955051369842	0.069375
-0.62185	0.15930900000000037	0.2484362157534249	0.07166666666666667
-0.5835999999999999	0.39807400000000115	0.22820226883561645	0.07375
-0.6106749999999999	0.4673797500000063	0.2543553082191784	0.07333333333333333
-0.62155	0.6864709999999974	0.259828446061644	0.06729166666666667
-0.5984499999999999	0.7214209999999923	0.23623041523972632	0.06729166666666667
-0.6152499999999999	0.6077750000000037	0.2536065924657534	0.08
-0.63415	0.46152899999999875	0.23338901969178086	0.07770833333333334
-0.5751999999999999	0.553525999999998	0.225257491438356	0.08375
-0.6555249999999999	0.4103377499999965	0.2625549015410959	0.060625
-0.62245	0.3442110000000085	0.2553210616438355	0.06833333333333334
-0.6181749999999999	0.4446797499999988	0.235605308219178	0.07083333333333335
-0.607	0.5971000000000046	0.24169713184931507	0.07458333333333333
-0.6004	0.30860399999999544	0.26754098886986283	0.08270833333333334
-0.5919249999999998	0.22312975000000534	0.23493589469178094	0.073125
-0.633775	0.37482774999999435	0.2506569991438357	0.069375
-0.6138250000000001	0.477449749999991	0.26597292380137005	0.06354166666666666
-0.625	0.6837500000000034	0.24552033390410977	0.07208333333333333
-0.60415	0.21092900000000725	0.26731335616438345	0.08416666666666668
-0.6209499999999999	0.2742710000000059	0.22223854880136992	0.083125
-0.5740000000000001	0.7421499999999952	0.23600952482876691	0.08895833333333333
-0.5863749999999999	0.6806937500000032	0.24337596318493143	0.07979166666666668
-0.578425	0.6105897500000026	0.24199989297945185	0.066875
-0.6184000000000001	0.41206399999999377	0.22973854880136974	0.07645833333333334
-0.64225	0.13927499999999782	0.2531458690068492	0.066875
-0.6148	0.2651259999999951	0.2482833904109591	0.07166666666666667
-0.599575	0.4647697500000021	0.2369794520547943	0.06916666666666667
-0.5845750000000001	0.434619749999996	0.21094905821917803	0.095
-0.5888500000000001	0.5491689999999991	0.2563728595890408	0.07583333333333334
-0.599275	0.6120877500000006	0.24500695633561648	0.07645833333333334
-0.6007749999999998	0.2991677500000023	0.24884011130136974	0.06958333333333334
-0.6180999999999999	0.25063400000000513	0.2424846960616439	0.06729166666666667
-0.635575	0.18452975000000293	0.22991256421232897	0.08770833333333333
-0.62635	0.6339189999999988	0.2537558861301373	0.06520833333333334
-0.616825	0.6487797500000028	0.24010081335616412	0.07458333333333333
-0.6264999999999998	0.11214999999999975	0.25532459332191804	0.07729166666666668
-0.626125	0.6574437499999988	0.2560492294520547	0.06666666666666667
-0.6220000000000001	0.36384999999999224	0.23042305222602716	0.08895833333333333
-0.5789499999999999	0.7045010000000005	0.24828692208904118	0.08229166666666668
-0.62635	0.28041899999999487	0.24136130136986295	0.0675
-0.6289	0.5403240000000054	0.24603306934931496	0.06229166666666667
-0.6007749999999998	0.5179177500000023	0.23577482876712305	0.08166666666666668
-0.595375	0.7462437499999979	0.2400651755136985	0.08479166666666667
-0.6304749999999999	0.3539177500000008	0.23741898544520554	0.091875
-0.625375	0.2169937499999932	0.2556629922945205	0.066875
-0.610225	0.5485477499999973	0.24514790239726042	0.07208333333333333
-0.5803	0.3026960000000045	0.24113623715753396	0.075625
-0.575725	0.40583775000000344	0.24443161386986312	0.08562499999999999
-0.5969499999999999	0.21378100000000444	0.24568279109589036	0.08083333333333334
-0.614725	0.46080775000000784	0.22665089897260254	0.08041666666666668
-0.6202749999999999	0.4090077500000078	0.23188998287671225	0.07166666666666667
-0.601	0.40315000000000367	0.24351594606164387	0.068125
-0.616975	0.5561377499999907	0.23206303510273996	0.07729166666666668
-0.6112	0.4512859999999961	0.23125171232876696	0.08583333333333333
-0.6402249999999998	0.427447750000006	0.26895141267123274	0.07208333333333333
-0.5926750000000001	0.37905974999999614	0.23117465753424643	0.08
-0.6427749999999999	0.32695774999999827	0.2333723244863016	0.06770833333333334
-0.6089499999999999	0.7870510000000053	0.23600824058219186	0.07395833333333333
-0.6367	0.527165999999994	0.24623630136986321	0.07166666666666667
-0.606025	0.3984977499999971	0.2253098244863014	0.06854166666666667
-0.571	0.31340000000000856	0.24209556934931523	0.07062500000000001
-0.6160749999999999	0.4914597500000042	0.24077375856164357	0.06958333333333334
-0.6043749999999999	0.6310937500000051	0.24592904537671212	0.07895833333333334
-0.6265750000000001	0.5981397499999943	0.2535086686643838	0.06145833333333333
-0.61195	0.5314309999999907	0.2673229880136986	0.08125
-0.62185	0.3673089999999988	0.25106795804794524	0.07020833333333334
-0.607	0.56935	0.2177998715753423	0.07541666666666667
-0.5952249999999999	0.23059775000000116	0.22962938784246548	0.073125
-0.620725	0.5284377500000019	0.2475237585616441	0.07791666666666668
-0.6378999999999999	0.5653539999999992	0.22631699486301365	0.07541666666666667
-0.607	0.30485000000000184	0.24156581763698626	0.084375
-0.599275	0.39183775000000054	0.23776155821917805	0.08166666666666668
-0.6110499999999999	0.1913510000000045	0.24697410102739703	0.07291666666666667
-0.6213249999999999	0.7136497500000019	0.2305068493150686	0.0775
-0.6061749999999999	0.5619997499999911	0.23652771832191774	0.08354166666666668
-0.607675	0.43165975000000145	0.23848330479452068	0.0725
-0.6019749999999999	0.32693775000000613	0.2147664811643834	0.07208333333333333
-0.633475	0.469557750000007	0.25819424229452065	0.07770833333333334
-0.6373	0.07777600000000007	0.23588495291095884	0.06645833333333334
-0.6169	0.44633400000000023	0.23136344178082202	0.07833333333333334
-0.624925	0.7649997500000012	0.24302696917808186	0.07416666666666667
-0.5933499999999998	0.4479790000000037	0.21835113441780818	0.075625
-0.6081999999999999	0.22495599999999882	0.24016085188356157	0.08020833333333334
-0.6113499999999998	0.4904689999999974	0.2304670376712327	0.07333333333333333
-0.6361749999999999	0.3081997500000071	0.25377643407534256	0.05604166666666667
-0.5964999999999998	0.31315000000000026	0.22623544520547934	0.07333333333333333
-0.582025	0.9589177500000048	0.2446621361301368	0.06854166666666667
-0.630925	0.535689749999996	0.22547292380136996	0.07104166666666667
-0.6176499999999998	0.44484900000001204	0.25559492722602706	0.07604166666666667
-0.610975	0.20050774999999277	0.23534107448630126	0.07604166666666667
-0.6139749999999999	0.3160977500000044	0.2481723030821919	0.07041666666666667
-0.6241749999999999	0.42996974999999793	0.23410338184931523	0.06625
-0.6033249999999999	0.5278697500000007	0.24099304366438323	0.08104166666666668
-0.6125499999999999	0.6841110000000015	0.23125973886986315	0.081875
-0.6127	0.4445259999999962	0.22904023972602738	0.0675
-0.60745	0.29081099999999793	0.26001241438356204	0.07583333333333334
-0.621175	0.6068497500000021	0.24792508561643836	0.06583333333333334
-0.5887749999999998	0.7284277500000087	0.22545943921232886	0.07729166666666668
-0.5993499999999998	0.5592590000000044	0.25099539811643845	0.07062500000000001
-0.6100749999999999	0.34659975000000287	0.23440550085616432	0.090625
-0.6150249999999999	0.2558277499999946	0.24958240582191762	0.06791666666666667
-0.6139749999999999	0.5860977500000004	0.25124389982876694	0.081875
-0.5661999999999998	0.3205860000000058	0.22296703767123316	0.095
-0.6149499999999999	0.28151100000000184	0.22722592037671224	0.07020833333333334
-0.599575	0.5040197500000048	0.2468299443493151	0.079375
-0.6110499999999999	0.47060100000000205	0.25443942636986305	0.07458333333333333
-0.6040749999999999	0.47428974999999696	0.23951102311643815	0.07520833333333334
-0.6166	0.7511140000000012	0.22196307791095865	0.069375
-0.6073	0.16157600000000372	0.24872485017123275	0.068125
-0.607375	0.646443749999996	0.22618343321917816	0.09125
-0.6004	0.397354	0.2714723886986302	0.07125000000000001
-0.6274	0.6802440000000018	0.24964726027397255	0.07083333333333335
-0.6415	0.3428999999999931	0.21586419092465767	0.074375
-0.5920000000000001	0.23809999999999576	0.2508050085616438	0.07541666666666667
-0.6382749999999999	0.5986677500000042	0.22452322345890408	0.063125
-0.6268750000000001	0.4195937499999971	0.23799208047945197	0.06958333333333334
-0.5966499999999999	0.699029000000003	0.2414630779109589	0.064375
-0.6194500000000001	0.5386309999999952	0.2427868150684932	0.07833333333333334
-0.595075	0.3566997499999971	0.23161740154109567	0.07979166666666668
-0.6174999999999999	0.18799999999999528	0.24845612157534264	0.07625
-0.6031	0.4921839999999946	0.23484310787671236	0.07291666666666667
-0.619675	0.43798974999999984	0.2466382705479451	0.07416666666666667
-0.608425	0.40878975000000395	0.23593214897260273	0.07708333333333334
-0.59605	0.4820009999999968	0.2382165025684932	0.074375
-0.5931249999999999	0.6395937500000031	0.23381538955479464	0.084375
-0.6061749999999999	0.26374974999999523	0.25034813784246546	0.07229166666666667
-0.6230499999999999	0.475081000000003	0.24929987157534234	0.07291666666666667
-0.6227499999999999	0.27277499999999577	0.2567796446917807	0.06895833333333334
-0.610975	0.2867577499999925	0.23583005136986307	0.07666666666666667
-0.6163749999999999	0.5259437500000033	0.257585830479452	0.05958333333333333
-0.6474249999999999	0.7538997500000022	0.23659449914383568	0.079375
-0.6072249999999999	0.42470775000000316	0.2361472602739726	0.07
-0.5955249999999999	0.43463775000000027	0.24259000428082217	0.07895833333333334
-0.6052	0.6283259999999942	0.2554523758561644	0.074375
-0.5856249999999998	0.6683437499999982	0.23745976027397242	0.08416666666666668
-0.5980749999999999	0.7517797499999972	0.23516866438356177	0.09083333333333334
-0.6332499999999999	0.5139750000000021	0.24744188784246593	0.075625
-0.622525	0.2867277499999972	0.22695044948630133	0.07645833333333334
-0.6261999999999999	0.4226859999999988	0.23623651541095886	0.08541666666666667
-0.6005499999999999	0.3454309999999978	0.22961140839041105	0.08479166666666667
-0.6005499999999999	0.4374310000000037	0.2302474315068493	0.07
-0.6021999999999998	0.5526460000000029	0.21407363013698646	0.07583333333333334
-0.5782750000000001	0.6044677499999906	0.23754419948630134	0.07979166666666668
-0.6208	0.7367159999999942	0.24486440496575365	0.075625
-0.592975	0.6991677499999938	0.24325813356164394	0.07333333333333333
-0.6232	0.4291059999999973	0.24435520119863008	0.08104166666666668
-0.6093249999999999	0.5158297499999946	0.23765817636986308	0.07625
-0.6166	0.4721140000000048	0.25531688784246537	0.07979166666666668
-0.600325	0.49493975000000745	0.23350395976027388	0.07645833333333334
-0.6195999999999999	0.36720399999999387	0.24851648116438357	0.07458333333333333
-0.6053499999999998	0.5563390000000012	0.2292043022260276	0.07062500000000001
-0.58615	1.1874190000000056	0.2361706977739727	0.09020833333333333
-0.610225	0.2712977499999951	0.25197206763698615	0.08520833333333333
-0.5969499999999999	0.5665310000000048	0.2336449058219178	0.07125000000000001
-0.6213249999999999	0.8101497500000008	0.24543846318493173	0.07479166666666667
-0.6308499999999999	0.047479000000002713	0.23987157534246578	0.07333333333333333
-0.619	0.17390000000000327	0.2245148758561647	0.069375
-0.6234999999999999	0.3331500000000034	0.23936108732876699	0.07791666666666668
-0.5926750000000001	0.30930974999999705	0.229353595890411	0.09416666666666668
-0.5871249999999999	0.641243750000001	0.2374055008561644	0.08145833333333334
-0.6117250000000001	0.4031677499999944	0.25116588184931476	0.07041666666666667
-0.5870499999999998	0.4684910000000002	0.2500168022260274	0.07729166666666668
-0.6220749999999999	0.264119749999999	0.23810669948630125	0.075625
-0.59545	0.24944099999999736	0.22941652397260268	0.07583333333333334
-0.5952249999999999	0.426347750000005	0.23420130565068475	0.078125
-0.62215	0.42263899999999666	0.23727996575342458	0.07916666666666668
-0.6023499999999999	0.4229489999999956	0.2534881207191782	0.065625
-0.6475	0.33149999999999835	0.2348514554794522	0.07166666666666667
-0.5871249999999999	0.3349937500000024	0.2452310573630139	0.07020833333333334
-0.60415	0.5936790000000087	0.2320209760273973	0.07333333333333333
-0.5916249999999998	0.5567437500000025	0.23172206763698633	0.08354166666666668
-0.5911	0.7176739999999953	0.22702557791095912	0.08104166666666668
-0.6093999999999999	0.393183999999998	0.2502932363013698	0.06666666666666667
-0.601675	0.5585697499999966	0.24650952482876703	0.07729166666666668
-0.596425	0.3522097500000072	0.2240313570205481	0.075625
-0.6222249999999998	0.4834077500000049	0.25129430650684925	0.07125000000000001
-0.6266499999999999	0.24287899999999496	0.24327418664383552	0.06541666666666666
-0.63775	0.35652499999999776	0.226905500856164	0.07062500000000001
-0.5968	0.505905999999996	0.2355529751712327	0.08520833333333333
-0.59575	0.27447500000000247	0.23787136130137	0.08291666666666668
-0.6072249999999999	0.6087077500000007	0.24275214041095905	0.065
-0.6049	0.5982940000000028	0.2373544520547945	0.06833333333333334
-0.592225	0.5130077499999999	0.245650042808219	0.06625
-0.57925	0.5287249999999943	0.24131827910958903	0.07791666666666668
-0.604825	0.6959097499999984	0.23879345034246593	0.06625
-0.5866750000000001	0.5164697499999917	0.24725567208904112	0.06895833333333334
-0.617875	0.13924375000000566	0.2551579623287668	0.07416666666666667
-0.5772249999999999	0.5928077500000057	0.2462648758561645	0.076875
-0.642325	0.3649097500000025	0.25004505565068497	0.07479166666666667
-0.637	0.6820999999999984	0.24559514126712328	0.07145833333333335
-0.626425	0.58015975	0.22976583904109613	0.07083333333333335
-0.598225	0.21913774999999447	0.22561547517123304	0.08354166666666668
-0.6250749999999998	0.33224975000000256	0.2393447131849318	0.07229166666666667
-0.6025750000000001	0.5106497499999918	0.23972067636986308	0.07791666666666668
-0.617875	0.4299937500000084	0.2554138484589042	0.06604166666666667
-0.6033249999999999	0.3921197499999991	0.2323991866438357	0.08375
-0.5928249999999999	0.4039897500000009	0.24546543236301369	0.06645833333333334
-0.618625	0.3646937500000078	0.23611354880136987	0.07145833333333335
-0.6012249999999999	0.444377750000001	0.23717369434931512	0.076875
-0.617575	0.6355497500000027	0.2381616010273972	0.06791666666666667
-0.6160749999999999	0.4294597499999995	0.24495237585616436	0.074375
-0.62005	0.6836610000000078	0.2688804580479454	0.066875
-0.5983749999999999	0.6182437500000049	0.24274604023972615	0.074375
-0.603775	0.38397774999999257	0.2522224957191782	0.07020833333333334
-0.6026499999999999	0.6047989999999999	0.21542144691780812	0.07291666666666667
-0.6146499999999999	0.9059889999999982	0.23751434075342487	0.07125000000000001
-0.58375	0.4491250000000093	0.2372806078767125	0.08208333333333334
-0.6229750000000001	0.4303177500000004	0.2831352739726025	0.06416666666666666
-0.6371500000000001	0.44518899999999206	0.261367615582192	0.06270833333333334
-0.6305499999999999	0.49538100000000185	0.25209310787671263	0.06208333333333333
-0.5962750000000001	0.3945777499999892	0.2394968964041097	0.079375
-0.629575	0.34656975000000045	0.24473790667808215	0.07020833333333334
-0.6391	0.33741399999999544	0.2532685145547947	0.083125
-0.583375	0.4114937499999982	0.23392615582191784	0.08291666666666668
-0.6170499999999999	0.5149410000000003	0.23190988869862988	0.07208333333333333
-0.62605	0.37095100000000514	0.25735723458904103	0.05958333333333333
-0.600625	0.5875937499999964	0.22631250000000003	0.06666666666666667
-0.62005	0.2131610000000066	0.2515097388698632	0.07104166666666667
-0.6099249999999998	0.2816497499999997	0.24500791952054823	0.07375
-0.5952999999999999	0.5145460000000028	0.22715849743150696	0.080625
-0.58615	0.47191900000000686	0.239052547089041	0.08270833333333334
-0.6229	0.37880400000000236	0.22169723886986276	0.081875
-0.618025	0.5675877500000013	0.2480284674657532	0.07958333333333334
-0.6223000000000001	0.5724260000000001	0.24095612157534252	0.07291666666666667
-0.6447999999999998	0.6210760000000022	0.2275383133561641	0.06875
-0.6412	0.2685860000000062	0.23821297089041107	0.07291666666666667
-0.6015999999999999	0.4731639999999899	0.2281447988013699	0.083125
-0.5920749999999999	0.3520697499999983	0.23646864297945172	0.08270833333333334
-0.6049	0.23354400000000197	0.2502726883561642	0.07166666666666667
-0.5845	0.6270999999999987	0.25865079195205465	0.075625
-0.60025	0.5070249999999987	0.2378777825342468	0.08375
-0.5747499999999999	0.6600249999999974	0.24248886986301382	0.07666666666666667
-0.5863	0.9629359999999991	0.23645194777397266	0.06770833333333334
-0.62035	0.336788999999996	0.24730672089041073	0.07291666666666667
-0.6019749999999999	0.2721877500000076	0.24096639554794524	0.06458333333333334
-0.6004	0.43260399999999777	0.26186237157534253	0.06958333333333334
-0.5642499999999999	0.4984749999999991	0.23408187071917824	0.08979166666666667
-0.6065499999999999	0.6233709999999988	0.24829430650684925	0.06875
-0.5871249999999999	0.4954937500000014	0.2593054366438357	0.06958333333333334
-0.595825	0.5784197499999948	0.22584246575342473	0.0775
-0.6164499999999999	0.2592510000000061	0.2572493578767123	0.07291666666666667
-0.607375	0.2601937499999991	0.2530245077054796	0.080625
-0.6153249999999999	0.36858974999999816	0.26883294092465754	0.07270833333333333
-0.6234249999999999	0.42388975000000784	0.24347228167808221	0.07229166666666667
-0.62845	0.5059710000000024	0.2524873715753425	0.06791666666666667
-0.6355	0.6038500000000013	0.2083080051369864	0.07791666666666668
-0.6291249999999999	0.4164937500000008	0.24353328339041108	0.071875
-0.5874250000000001	0.4772497499999986	0.2350248287671233	0.07166666666666667
-0.598225	0.36938774999999424	0.25060562928082164	0.06854166666666667
-0.611575	0.8319897499999982	0.2368083261986299	0.083125
-0.6103749999999999	0.3219937500000043	0.23584482020547948	0.08208333333333334
-0.61015	0.3739490000000032	0.2725912885273973	0.07229166666666667
-0.6054250000000001	0.6537197499999934	0.2220764126712331	0.07875
-0.64405	0.49937100000000356	0.2406633133561642	0.07125000000000001
-0.6073	0.17857600000000673	0.2579271190068492	0.06604166666666667
-0.568225	0.48098774999999705	0.24621992722602742	0.08354166666666668
-0.63025	0.37077499999999475	0.2328833476027396	0.07708333333333334
-0.5916999999999999	0.5922160000000076	0.24694777397260298	0.07833333333333334
-0.5976999999999999	0.2786260000000098	0.2483344392123288	0.07395833333333333
-0.590125	0.4689437500000011	0.2408434289383562	0.08562499999999999
-0.6096999999999999	0.3485960000000077	0.24833764982876722	0.06770833333333334
-0.5941749999999999	0.47676975000000255	0.2256662029109588	0.07729166666666668
-0.6145750000000001	0.21566974999999644	0.24734267979452057	0.07541666666666667
-0.6539499999999998	0.48000100000000856	0.24924208047945173	0.08041666666666668
-0.631675	0.25051974999999516	0.2228360445205478	0.08583333333333333
-0.60805	0.46073100000000977	0.23871800085616424	0.07729166666666668
-0.6116499999999998	0.5900790000000029	0.25923769263698654	0.07062500000000001
-0.5841999999999998	0.5487660000000005	0.24105019263698638	0.07395833333333333
-0.6029499999999999	0.6393910000000034	0.2642879922945205	0.074375
-0.6001749999999999	0.5866097499999938	0.23680029965753413	0.08208333333333334
-0.6247	0.4609960000000015	0.2627247431506847	0.06666666666666667
-0.6114999999999999	0.523149999999994	0.2496501498287671	0.084375
-0.6004749999999999	0.44701775000000055	0.24592230308219143	0.07291666666666667
-0.61405	0.4161710000000056	0.2241385916095891	0.08604166666666667
-0.631	0.3778999999999968	0.26234813784246575	0.049791666666666665
-0.62605	0.8389510000000016	0.23050749143835608	0.07458333333333333
-0.602725	0.4241977500000047	0.24355864726027382	0.08083333333333334
-0.616975	0.3538877499999913	0.24351016695205482	0.07770833333333334
-0.6131500000000001	0.5332589999999939	0.24156549657534243	0.07
-0.6219249999999998	0.5103297499999968	0.2268827054794521	0.0675
-0.596725	0.46171775000000537	0.24783647260273992	0.08583333333333333
-0.5853999999999999	0.38880400000000037	0.21652365154109576	0.09229166666666667
-0.619375	0.6668437499999982	0.2270368150684931	0.07916666666666668
-0.6151	0.0561439999999962	0.231371147260274	0.08499999999999999
-0.616975	0.4291377499999882	0.23351840753424657	0.0725
-0.6067	0.38886600000000016	0.244059503424658	0.06333333333333334
-0.62815	0.5200590000000034	0.24817262414383567	0.065625
-0.6363999999999999	0.24497400000000624	0.2677233518835612	0.071875
-0.6262749999999999	0.2914277500000111	0.2344125642123288	0.08604166666666667
-0.6125499999999999	0.4821110000000033	0.2511177226027395	0.07416666666666667
-0.5911	0.9334239999999951	0.21072656250000008	0.09729166666666668
-0.604975	0.45542774999999835	0.2435336044520551	0.07875
-0.5841999999999998	0.5407659999999979	0.23053959760273993	0.07125000000000001
-0.6096999999999999	0.3970960000000048	0.24703285530821942	0.08270833333333334
-0.6067749999999998	0.2509877500000002	0.2442065496575342	0.06958333333333334
-0.61015	0.5781989999999979	0.2408874143835617	0.07583333333333334
-0.6187749999999999	0.7977777500000016	0.23653638698630125	0.08333333333333334
-0.6166	0.16461400000000026	0.2474630779109589	0.079375
-0.587575	0.6714997500000024	0.21877108304794526	0.075625
-0.592525	0.3266277500000001	0.23324389982876706	0.07520833333333334
-0.660175	0.4582597500000034	0.2467416523972602	0.06541666666666666
-0.606325	0.4112497500000103	0.23061633133561638	0.07604166666666667
-0.6067749999999998	0.3439877500000037	0.22086793664383564	0.07291666666666667
-0.613375	0.24999374999999446	0.2522989083904112	0.073125
-0.6001749999999999	0.20985974999999257	0.23468450342465744	0.06833333333333334
-0.5904999999999998	0.6303500000000071	0.225556399828767	0.07854166666666668
-0.631375	0.39419374999999235	0.24368610873287688	0.07854166666666668
-0.616975	0.31413774999999333	0.23396307791095883	0.089375
-0.5850249999999999	0.4182277499999998	0.22969616866438358	0.08729166666666667
-0.5841999999999998	0.17201599999999928	0.2459377140410959	0.08208333333333334
-0.5973999999999999	0.46364400000000217	0.23051744434931487	0.08354166666666668
-0.6208	0.504965999999996	0.24585841181506862	0.06395833333333334
-0.6141999999999999	0.13406599999999713	0.2563680436643838	0.07354166666666667
-0.5860749999999999	0.31690975000000066	0.23258732876712318	0.07833333333333334
-0.604825	0.13565975000000208	0.2400199058219178	0.06875
-0.608425	0.5192897500000058	0.24333358304794522	0.073125
-0.616975	0.37563774999998856	0.23219884417808198	0.07458333333333333
-0.58525	0.47102499999999736	0.2515806934931508	0.07791666666666668
-0.5884	0.7947139999999919	0.23464276541095902	0.08291666666666668
-0.6222249999999998	0.5696577500000046	0.24419691780821887	0.0775
-0.590125	0.4824437500000016	0.24063859160958911	0.076875
-0.6148	0.6391259999999903	0.2367653039383562	0.064375
-0.59155	0.5762709999999984	0.2174226241438358	0.08729166666666667
-0.61795	0.6527909999999935	0.2449453124999999	0.06145833333333333
-0.6125499999999999	0.3948610000000059	0.24752215325342475	0.074375
-0.5961999999999998	0.46713600000000355	0.2425049229452057	0.07375
-0.6146499999999999	0.3967389999999966	0.25095943921232877	0.07895833333333334
-0.5923	0.4242259999999973	0.2443998287671234	0.07416666666666667
-0.6148750000000001	0.6609437500000013	0.22607973030821915	0.06729166666666667
-0.596425	0.6839597500000067	0.22891534674657532	0.07729166666666668
-0.6276249999999999	0.46444375000000093	0.2550109160958903	0.07208333333333333
-0.6177999999999999	0.2446960000000047	0.24649315068493166	0.07416666666666667
-0.6047499999999999	0.6812749999999923	0.2576211472602741	0.07666666666666667
-0.6033249999999999	0.7696197499999968	0.22130201198630128	0.08291666666666668
-0.6018999999999999	0.6897840000000031	0.24918589469178093	0.078125
-0.5932	0.3793059999999926	0.23425588613013673	0.084375
-0.573175	0.5268797500000062	0.2332541738013699	0.08520833333333333
-0.6174999999999999	0.7419999999999973	0.24628542380136986	0.07020833333333334
-0.604225	0.4475677499999904	0.22920943921232861	0.08479166666666667
-0.6187749999999999	0.6337777500000001	0.22979569777397263	0.079375
-0.595675	0.3177797499999997	0.24035413099315064	0.08479166666666667
-0.6149499999999999	0.5787610000000072	0.21351401969178097	0.07354166666666667
-0.6130749999999998	0.37492975000000683	0.25485006421232903	0.06604166666666667
-0.6195999999999999	0.6807039999999986	0.24436322773972619	0.06708333333333334
-0.6127	0.33877599999999575	0.24410316780821933	0.07666666666666667
-0.6116499999999998	0.6208290000000076	0.2546391267123289	0.075
-0.597775	0.36330774999999704	0.22491267123287673	0.0825
-0.6051249999999999	0.3616937500000077	0.24712596318493152	0.075625
-0.583	0.37360000000000326	0.23502739726027413	0.07666666666666667
-0.6177250000000001	0.6138977499999925	0.22925759845890406	0.07104166666666667
-0.5940999999999999	0.37156400000000644	0.22034685359589037	0.083125
-0.615775	0.1859677499999961	0.2571154751712329	0.069375
-0.6336249999999999	0.42294375000000173	0.24800984589041092	0.07333333333333333
-0.6047499999999999	0.19802499999999412	0.23899475599315081	0.071875
-0.616525	0.6805577499999984	0.2255140196917808	0.07354166666666667
-0.6142749999999999	0.25188775000000874	0.22387532106164376	0.079375
-0.6156249999999999	0.3010937499999997	0.2531670590753424	0.06979166666666667
-0.6064749999999999	0.719247750000001	0.22635905393835637	0.07770833333333334
-0.5856249999999998	0.43884374999999665	0.22755244006849307	0.06791666666666667
-0.624625	0.39649375000000475	0.2583008347602741	0.06520833333333334
-0.6184749999999999	0.5618577499999944	0.2351073416095894	0.081875
-0.5895249999999999	0.5590677500000041	0.24311269263698623	0.07145833333333335
-0.6138250000000001	0.4816997499999971	0.24310402397260267	0.08083333333333334
-0.59395	0.5926509999999965	0.24851359160958875	0.07270833333333333
-0.6162249999999998	0.2313277500000055	0.25230565068493166	0.0725
-0.5947749999999998	0.622897750000007	0.23265218321917813	0.07791666666666668
-0.598525	0.2565977499999974	0.23724785958904115	0.0775
-0.5644	0.3922839999999965	0.24022442208904116	0.08229166666666668
-0.630925	0.5391897499999914	0.24774143835616438	0.07333333333333333
-0.6176499999999998	0.565599000000006	0.24177900256849322	0.07270833333333333
-0.5958999999999999	0.3713639999999998	0.24103799229452044	0.069375
-0.597775	0.9333077499999973	0.23155029965753438	0.08041666666666668
-0.607	0.4041000000000068	0.2316649186643835	0.07395833333333333
-0.5992	0.6611659999999944	0.23160680650684937	0.07875
-0.6111249999999999	0.6436937500000042	0.23906731592465755	0.08229166666666668
-0.618025	0.3438377500000058	0.24608700770547953	0.06979166666666667
-0.5934250000000001	0.5029397499999959	0.2354284032534248	0.079375
-0.59155	0.568520999999997	0.25087917380136976	0.08770833333333333
-0.6156999999999999	0.12115599999999915	0.2454079623287671	0.07333333333333333
-0.5859249999999998	0.4848897500000078	0.25386055222602777	0.065625
-0.59965	0.5569389999999927	0.24316245719178073	0.08041666666666668
-0.6054999999999999	0.17884999999999707	0.2283342251712328	0.06854166666666667
-0.604825	0.37640975000000054	0.2490038527397262	0.08333333333333334
-0.6054250000000001	0.2649697499999917	0.2294563356164381	0.0825
-0.6012249999999999	0.2788777500000066	0.2485652825342466	0.06958333333333334
-0.6099249999999998	0.32589975000000493	0.2335678510273972	0.07458333333333333
-0.6012249999999999	0.4763777500000046	0.22783946917808198	0.07583333333333334
-0.6201999999999999	0.4002259999999964	0.23212082619863028	0.065625
-0.6248499999999999	0.2439990000000023	0.240328125	0.07291666666666667
-0.6089499999999999	0.5350510000000028	0.2379561215753423	0.07708333333333334
-0.612025	0.29776774999999844	0.2682601669520552	0.06770833333333334
-0.6088	0.46183599999999814	0.2421125856164385	0.07833333333333334
-0.6040749999999999	0.5872897499999965	0.24903884845890395	0.071875
-0.6073	0.8223260000000039	0.2527355522260278	0.07895833333333334
-0.5871249999999999	0.2654937500000045	0.23973961900684915	0.08520833333333333
-0.5697999999999999	0.4470760000000027	0.23286761558219168	0.07770833333333334
-0.63805	0.5479310000000055	0.23268974743150667	0.068125
-0.6061749999999999	0.33249974999999665	0.2397855308219178	0.075
-0.6357999999999999	0.3813159999999982	0.2584507705479452	0.06833333333333334
-0.585475	0.235317749999993	0.24711215753424634	0.08416666666666668
-0.6313	0.5084860000000049	0.2340886130136987	0.06916666666666667
-0.6174249999999999	0.41119975000000863	0.23965839041095915	0.07916666666666668
-0.6378999999999999	0.474103999999997	0.23949497003424658	0.06229166666666667
-0.598525	0.5078477499999963	0.2529599743150688	0.08041666666666668
-0.5687499999999999	0.6663750000000022	0.2211222174657536	0.07875
-0.5845750000000001	0.4363697499999972	0.24664276541095892	0.09291666666666668
-0.6129249999999999	0.3392697499999926	0.25118739297945175	0.071875
-0.625	0.8629999999999995	0.23378777825342456	0.06645833333333334
-0.617575	0.4450497500000026	0.25153574486301367	0.07625
-0.63445	0.34953100000000603	0.2667961258561643	0.071875
-0.618025	0.20433775000000054	0.244183433219178	0.08041666666666668
-0.58795	0.6014909999999958	0.24301380565068503	0.07062500000000001
-0.6167499999999999	0.3354749999999953	0.22645023544520562	0.071875
-0.621775	0.43428774999999575	0.22983133561643837	0.07833333333333334
-0.583375	0.4957437499999955	0.25525749143835624	0.07958333333333334
-0.6010749999999998	0.3768097500000067	0.23356335616438384	0.07166666666666667
-0.616975	0.305137749999993	0.24447078339041106	0.07854166666666668
-0.6057250000000001	0.46698774999999415	0.21961226455479446	0.073125
-0.5864499999999999	0.765701	0.2331877140410959	0.08625
-0.61795	0.4500409999999988	0.23689308647260288	0.07395833333333333
-0.603175	0.3793297499999966	0.23974411386986316	0.07729166666666668
-0.6267999999999998	0.34210600000000824	0.24107266695205484	0.08270833333333334
-0.61555	0.5390309999999943	0.24816523972602753	0.0775
-0.59785	0.3169889999999995	0.257874785958904	0.06375
-0.6336999999999999	0.47013599999999656	0.22185102739726023	0.07166666666666667
-0.590425	0.38411975000000353	0.24906549657534244	0.07416666666666667
-0.575575	0.4314297499999995	0.21789554794520555	0.08
-0.621175	0.16934975000000208	0.24620997431506847	0.06625
-0.5887749999999998	0.4046777500000047	0.230584546232877	0.07708333333333334
-0.6113499999999998	0.40146899999999874	0.24015443065068487	0.08020833333333334
-0.6030249999999999	0.429037749999992	0.23149058219178076	0.08416666666666668
-0.6373749999999998	0.35994375000000645	0.26637489297945194	0.06270833333333334
-0.6065499999999999	0.286871000000005	0.24071949914383556	0.07104166666666667
-0.624025	0.5134577500000006	0.23259599743150722	0.07895833333333334
-0.60175	0.3714750000000038	0.23473137842465724	0.07625
-0.5740000000000001	0.2313999999999936	0.2238287671232878	0.07416666666666667
-0.6254500000000001	0.6077409999999972	0.24349796660958903	0.07229166666666667
-0.5761000000000001	0.21897399999999578	0.21326712328767145	0.07916666666666668
-0.6261999999999999	0.13168599999999486	0.24843428938356166	0.06791666666666667
-0.6073	0.3663260000000079	0.22816984160958897	0.07854166666666668
-0.613675	0.47304975000000127	0.24564811643835602	0.065
-0.59185	0.34815900000000255	0.2401666309931509	0.07062500000000001
-0.6325750000000001	0.22919974999999226	0.2482419734589042	0.05729166666666667
-0.572125	0.6634937500000007	0.2333890196917807	0.07770833333333334
-0.592225	0.7550077499999972	0.2312944135273969	0.076875
-0.606025	0.3569977499999979	0.24528050085616437	0.073125
-0.591475	0.4452977499999946	0.23222838184931524	0.07208333333333333
-0.634825	0.540959749999999	0.22504687500000004	0.07541666666666667
-0.6007	0.538255999999997	0.23485659246575333	0.08583333333333333
-0.6234249999999999	0.21063975000000568	0.2537761130136987	0.07
-0.61585	0.17302899999999966	0.24396832191780796	0.08
-0.6029499999999999	0.141641000000007	0.252234696061644	0.06729166666666667
-0.6171249999999999	0.4372437500000075	0.2454975385273972	0.07645833333333334
-0.62035	0.5332889999999963	0.2338857020547947	0.07666666666666667
-0.6198999999999999	0.541093999999994	0.23368182791095898	0.076875
-0.6103000000000001	0.5041459999999987	0.23246789383561645	0.0775
-0.6015249999999999	0.612507750000006	0.2630037457191782	0.066875
-0.6185499999999999	0.4819010000000077	0.23212660530821932	0.076875
-0.6180999999999999	0.5016340000000028	0.2458166738013698	0.07270833333333333
-0.6201999999999999	0.35097599999999574	0.23252183219178096	0.07916666666666668
-0.59125	0.4331249999999969	0.240591395547945	0.08041666666666668
-0.6012249999999999	0.5316277500000055	0.23020344606164392	0.07729166666666668
-0.6280749999999999	0.7490797499999999	0.25404130993150686	0.07541666666666667
-0.5916249999999998	0.19474375000000776	0.24150449486301373	0.07625
-0.5917749999999999	0.8811877499999952	0.2338651541095892	0.08333333333333334
-0.6223749999999999	0.6476937499999948	0.24880961044520555	0.078125
-0.598225	0.6016377499999948	0.25485873287671224	0.07
-0.5966499999999999	0.3375290000000035	0.22438195633561636	0.080625
-0.5979249999999998	0.4124197500000051	0.22424582619863004	0.07729166666666668
-0.59815	0.36820900000000023	0.228134845890411	0.07666666666666667
-0.6019749999999999	0.3659377500000076	0.23502065496575336	0.07979166666666668
-0.6216999999999999	0.3170160000000024	0.23781967037671248	0.08270833333333334
-0.62785	0.5173889999999943	0.2492879922945206	0.07520833333333334
-0.621475	0.3724477500000063	0.23653060787671215	0.08708333333333333
-0.6210249999999999	0.44429775000000404	0.24491930650684934	0.07625
-0.6220749999999999	0.5188697499999932	0.23880821917808231	0.06666666666666667
-0.5768500000000001	0.7287089999999949	0.2339746361301369	0.079375
-0.6311500000000001	0.3373189999999937	0.2530739511986303	0.07520833333333334
-0.606025	0.4409977500000011	0.2346607448630138	0.07041666666666667
-0.6100749999999999	0.7153497500000014	0.24057148972602757	0.07083333333333335
-0.590875	0.6044937500000032	0.2412023758561643	0.09270833333333334
-0.6234999999999999	0.3091500000000025	0.24130158390410966	0.07875
-0.60415	0.40567900000000634	0.25131806506849297	0.07416666666666667
-0.6029499999999999	0.4403910000000053	0.24821725171232875	0.06625
-0.6103000000000001	0.24114600000000053	0.22560231164383557	0.075
-0.5892249999999999	0.543867750000004	0.23894595462328766	0.081875
-0.6001749999999999	0.3408597499999928	0.2467779323630137	0.07395833333333333
-0.5762499999999999	0.573875000000001	0.23207330907534246	0.07979166666666668
-0.6373	0.4057759999999959	0.23738752140410968	0.07979166666666668
-0.5979249999999998	0.508919750000004	0.24135552226027385	0.07708333333333334
-0.586525	0.4577077499999973	0.23096532534246586	0.07416666666666667
-0.62635	0.7509189999999961	0.251638805650685	0.07895833333333334
-0.6177999999999999	0.24019600000000452	0.22944895119863018	0.07520833333333334
-0.6213249999999999	0.2671497500000015	0.25537243150684924	0.07333333333333333
-0.6085750000000001	0.2577597499999911	0.23093771404109606	0.07208333333333333
-0.5848	0.35142599999999646	0.23633379708904126	0.071875
-0.6274	0.32224399999999775	0.2480092037671235	0.07375
-0.5926	0.2480940000000018	0.25817144691780813	0.05958333333333333
-0.59815	0.29870900000000233	0.23353446061643826	0.08291666666666668
-0.5913999999999999	0.4908240000000035	0.24781977739726035	0.0825
-0.6053499999999998	0.3920889999999986	0.2305729880136988	0.06958333333333334
-0.6039249999999998	0.8100097500000061	0.2210570419520547	0.09229166666666667
-0.6086499999999999	0.4511189999999985	0.2372302011986302	0.08020833333333334
-0.65065	0.17275899999999922	0.2535908604452052	0.063125
-0.6149499999999999	0.7595110000000034	0.22793964041095904	0.07
-0.5885499999999999	0.5334510000000066	0.22580522260273977	0.08333333333333334
-0.598225	0.49113774999999293	0.2438145333904111	0.081875
-0.6279999999999999	0.2196000000000069	0.24058272688356186	0.07395833333333333
-0.620725	0.6569377500000044	0.25006817208904103	0.07395833333333333
-0.5857749999999999	0.34986774999999426	0.2420743792808217	0.09020833333333333
-0.580225	0.5273977499999916	0.24017979452054816	0.07916666666666668
-0.6149499999999999	0.11726100000000628	0.2378386130136984	0.07416666666666667
-0.5887	0.5934360000000041	0.23128060787671229	0.08791666666666667
-0.6355	0.5933500000000009	0.2597806078767123	0.06875
-0.553825	0.48209974999999616	0.22947399400684937	0.09395833333333334
-0.580675	0.4176797499999907	0.2316915667808219	0.07625
-0.620725	0.4011877499999983	0.24691085188356182	0.08104166666666668
-0.594625	0.3939937499999928	0.24202557791095913	0.07854166666666668
-0.6096249999999999	0.531743750000004	0.24167208904109586	0.06333333333333334
-0.6150249999999999	0.44407774999999816	0.23753232020547926	0.08625
-0.618625	0.2956937500000052	0.2560200128424659	0.06104166666666667
-0.5841999999999998	0.5072660000000013	0.23485691352739727	0.08020833333333334
-0.6044499999999999	0.6867309999999947	0.22984931506849324	0.07916666666666668
-0.634825	0.327959749999998	0.23748191352739714	0.074375
-0.6187749999999999	0.3260277500000015	0.23637232448630147	0.06854166666666667
-0.6081999999999999	0.543455999999999	0.25161312071917796	0.07895833333333334
-0.631675	0.2635197499999933	0.22374657534246586	0.08
-0.588325	0.3519697500000021	0.24463966181506824	0.075625
-0.614425	0.3380297499999969	0.22027750428082227	0.08645833333333333
-0.6153249999999999	0.6193397500000017	0.25375492294520574	0.07291666666666667
-0.6160000000000001	0.15814999999999202	0.2592951626712329	0.06958333333333334
-0.563725	0.5808777499999991	0.2426683433219176	0.078125
-0.6193	0.2928060000000059	0.24254922945205473	0.07
-0.6067	0.6328659999999999	0.2328647260273971	0.08083333333333334
-0.6039249999999998	0.4170097500000054	0.24397538527397233	0.06958333333333334
-0.6448750000000001	0.403443750000001	0.24271297089041094	0.05875
-0.5986	0.7045239999999993	0.24420205479452034	0.07416666666666667
-0.608725	0.10347775000000325	0.24464768835616446	0.07666666666666667
-0.5944	0.4523840000000021	0.23909845890410966	0.08333333333333334
-0.58795	0.41224099999999453	0.23133229880136985	0.06645833333333334
-0.6061749999999999	0.6274997499999913	0.23922399400684927	0.06145833333333333
-0.6085750000000001	0.3815097499999922	0.23976883561643839	0.07916666666666668
-0.5888500000000001	0.607168999999999	0.2330143407534243	0.08541666666666667
-0.612325	0.4703597500000072	0.23766491866438366	0.07645833333333334
-0.5877999999999999	0.2917460000000034	0.232186322773973	0.080625
-0.6177999999999999	0.33619600000000105	0.2387838184931505	0.07083333333333335
-0.6474249999999999	0.30439975000000175	0.23166202910958913	0.06458333333333334
-0.6210249999999999	0.5300477500000014	0.2462603809931505	0.07729166666666668
-0.623875	0.32444375000000036	0.23448961900684917	0.06604166666666667
-0.6036999999999999	0.5138360000000048	0.24694905821917804	0.06833333333333334
-0.614425	0.30577974999999924	0.22827996575342446	0.08083333333333334
-0.6138999999999999	0.454024000000004	0.22699154537671207	0.07229166666666667
-0.6184000000000001	0.37081399999998865	0.20495612157534238	0.08125
-0.6216249999999999	0.6089937499999962	0.24376444777397258	0.08520833333333333
-0.5908	0.7077659999999995	0.23697656250000018	0.07729166666666668
-0.5929	0.7459540000000047	0.22965346746575344	0.08291666666666668
-0.6013	0.40378600000000375	0.24838548801369842	0.07458333333333333
-0.6044499999999999	0.586480999999992	0.24044210188356163	0.07770833333333334
-0.6226749999999999	0.2567597500000076	0.251875107020548	0.06729166666666667
-0.595375	0.37874374999999816	0.22558465325342467	0.07104166666666667
-0.6409749999999999	0.13215775000001173	0.26152397260273963	0.06583333333333334
-0.604525	0.40961775000000245	0.24399625428082186	0.075625
-0.594325	0.23867975000000996	0.24395804794520537	0.07416666666666667
-0.5889249999999999	0.3439097499999946	0.24630661386986322	0.068125
-0.6073	0.664826000000005	0.24397731164383574	0.08333333333333334
-0.6226749999999999	0.5350097500000075	0.2358534888698628	0.071875
-0.6258999999999999	0.2947139999999919	0.2658326198630137	0.06416666666666666
-0.6051249999999999	0.7446937500000033	0.2452455051369864	0.08208333333333334
-0.5923	0.5179759999999973	0.24752375856164366	0.07708333333333334
-0.6169	0.27283400000000313	0.2371213613013702	0.07625
-0.6192249999999999	0.40801774999999907	0.2367023758561646	0.07520833333333334
-0.59425	0.18747500000000628	0.22032437928082207	0.084375
-0.641275	0.3314777499999977	0.23258700770547946	0.068125
-0.614125	0.3739937499999968	0.2494315068493147	0.0725
-0.6169	0.47708400000000495	0.2310292166095891	0.07479166666666667
-0.586525	0.5749577500000029	0.23259246575342435	0.08333333333333334
-0.5895249999999999	0.41031775000000437	0.24123159246575326	0.0775
-0.62785	0.448639	0.23409118150684954	0.075
-0.601825	0.43862974999999693	0.2308022260273973	0.07583333333333334
-0.6144999999999998	0.6241000000000057	0.24107041952054753	0.08375
-0.6078250000000001	0.36088974999999834	0.2378126070205477	0.08979166666666667
-0.5983	0.6490660000000048	0.23285124143835623	0.08541666666666667
-0.5835999999999999	0.6685739999999996	0.24509203767123258	0.075
-0.626725	0.337867750000008	0.242553082191781	0.06833333333333334
-0.610975	0.21375774999999209	0.24647677654109573	0.07354166666666667
-0.6441999999999999	0.3186159999999987	0.2551955265410958	0.06604166666666667
-0.6085750000000001	0.27575974999999175	0.2401887842465752	0.08083333333333334
-0.6206499999999999	0.6844090000000023	0.2123148544520549	0.07291666666666667
-0.61345	-0.044679000000002134	0.23785241866438364	0.07645833333333334
-0.614125	0.5269937499999955	0.2559403895547946	0.07854166666666668
-0.6272499999999999	0.31177500000000435	0.22286140839041108	0.08395833333333334
-0.6093999999999999	0.3449340000000021	0.24678050085616465	0.07729166666666668
-0.6053499999999998	0.5413390000000007	0.23397816780821887	0.07583333333333334
-0.620125	0.23919374999999832	0.25056838613013693	0.07354166666666667
-0.6356499999999998	0.29120900000000205	0.22892690496575346	0.06979166666666667
-0.6068499999999999	0.3198590000000081	0.24509235873287677	0.066875
-0.592525	0.3303777500000038	0.23293664383561635	0.07666666666666667
-0.6252249999999999	0.46999774999999744	0.25332887414383576	0.07645833333333334
-0.600325	0.34468975000000057	0.24086076626712327	0.08104166666666668
-0.604225	0.43431774999999107	0.2267295590753426	0.08562499999999999
-0.5698749999999999	0.31119375000000105	0.236299122431507	0.07270833333333333
-0.60955	0.5208909999999918	0.23345162671232886	0.07916666666666668
-0.6352	0.37162600000000623	0.24137607020547952	0.07125000000000001
-0.6124	0.39369399999999644	0.24081260702054774	0.07229166666666667
-0.6280749999999999	0.4518297500000017	0.23782898116438345	0.06708333333333334
-0.6156999999999999	0.4909060000000025	0.23200973886986298	0.08020833333333334
-0.597475	0.9160777500000066	0.24944370719178072	0.07291666666666667
-0.6267999999999998	0.21960600000000596	0.2509671446917808	0.065625
-0.595675	0.3110297499999959	0.23678809931506867	0.08
-0.6124749999999999	0.22302774999999997	0.24279034674657546	0.06145833333333333
-0.614725	0.27230775000000307	0.2598146404109588	0.075
-0.6018999999999999	0.31453400000000187	0.2380540453767123	0.08479166666666667
-0.6208	0.41346599999999967	0.2415767337328769	0.07979166666666668
-0.6064	0.4501239999999953	0.2295083476027397	0.06541666666666666
-0.6008500000000001	0.3405789999999982	0.23368728595890426	0.07791666666666668
-0.5908	0.4535160000000005	0.22555639982876682	0.08020833333333334
-0.594625	0.3107437499999932	0.24024785958904105	0.07083333333333335
-0.6433	0.6111160000000027	0.23416759417808203	0.07958333333333334
-0.6156999999999999	0.6869060000000005	0.21626391267123274	0.07291666666666667
-0.6480999999999999	0.26253399999999516	0.2486789383561642	0.0725
-0.6222249999999998	0.7066577500000051	0.23151466181506858	0.075625
-0.6133	0.4029159999999976	0.2504704623287672	0.07
-0.5903499999999999	0.309389000000003	0.23340635702054766	0.07645833333333334
-0.6039249999999998	0.2327597500000067	0.23663623715753457	0.06645833333333334
-0.6167499999999999	0.22297499999999815	0.23387928082191783	0.0775
-0.647125	0.4997437500000004	0.2338057577054797	0.06645833333333334
-0.5976999999999999	0.5646260000000041	0.2354765625	0.08395833333333334
-0.622525	0.23972774999999302	0.24462681934931502	0.073125
-0.6043000000000001	0.2604559999999978	0.24580190496575366	0.075625
-0.6033249999999999	0.35236975000000115	0.23421061643835636	0.07666666666666667
-0.633175	0.4115297499999997	0.25671896404109595	0.07041666666666667
-0.61825	0.3947250000000011	0.23808486729452047	0.07979166666666668
-0.5767749999999998	0.5666377500000053	0.23468354023972637	0.071875
-0.6184749999999999	0.21160774999999887	0.2481276755136983	0.06979166666666667
-0.574225	0.5566677499999955	0.2421453339041097	0.06875
-0.6019749999999999	0.6181877500000041	0.22996136558219166	0.08104166666666668
-0.5989	0.3884740000000093	0.24342636986301391	0.08666666666666667
-0.5971	0.10265400000000113	0.25123298373287695	0.07229166666666667
-0.58165	0.49722899999999015	0.2342552440068492	0.08229166666666668
-0.6208750000000001	0.7717437499999988	0.2263041523972601	0.07625
-0.5955999999999999	0.27583399999999614	0.24851551797945193	0.07479166666666667
-0.597775	0.4838077499999969	0.2410774828767121	0.07166666666666667
-0.632425	0.5717997499999967	0.24261601027397275	0.06583333333333334
-0.5797749999999999	0.40809774999999604	0.21841855736301363	0.08354166666666668
-0.5988249999999999	0.3750497500000023	0.22199068921232867	0.073125
-0.60775	0.209025000000004	0.2530177654109589	0.07458333333333333
-0.5929	0.22595400000000154	0.2285512628424658	0.07270833333333333
-0.6671499999999999	0.2705390000000065	0.2464658604452053	0.06479166666666666
-0.6148	0.4938759999999931	0.24553927654109597	0.066875
-0.5821749999999999	0.4777397499999978	0.23640667808219146	0.08583333333333333
-0.59125	0.6461249999999978	0.23736601027397267	0.08416666666666668
-0.5821749999999999	0.4434897500000048	0.22136333476027417	0.07270833333333333
-0.6114999999999999	0.3458999999999932	0.2307678724315071	0.06854166666666667
-0.6403000000000001	0.6378459999999961	0.24941994863013656	0.0825
-0.56995	0.407311	0.24464961472602742	0.07791666666666668
-0.63175	0.4084750000000028	0.22873298373287682	0.07479166666666667
-0.622825	0.2575397499999994	0.2350495505136984	0.07770833333333334
-0.58795	0.6014909999999958	0.2354637200342466	0.083125
-0.5944	0.5586339999999979	0.23035338184931498	0.08291666666666668
-0.6138999999999999	0.41252399999999767	0.2548182791095889	0.07375
-0.61375	0.12012500000000159	0.24529880136986282	0.08
-0.5793999999999999	0.41133400000000364	0.23187714041095875	0.08
-0.5931249999999999	0.6258437500000014	0.24782619863013688	0.0675
-0.6286	0.36667399999999617	0.2510262200342467	0.07229166666666667
-0.601675	0.5130697499999997	0.22610669948630135	0.07895833333333334
-0.6166	0.6313640000000049	0.24676027397260286	0.07166666666666667
-0.6010749999999998	0.5275597500000018	0.2353426797945207	0.06958333333333334
-0.615175	0.354959749999999	0.23115154109589037	0.08333333333333334
-0.6030249999999999	0.579537749999993	0.23543707191780852	0.07
-0.5984499999999999	0.3229209999999938	0.23007084760273977	0.08041666666666668
-0.5836749999999999	0.6965997500000043	0.24135873287671242	0.07333333333333333
-0.60745	0.5363109999999978	0.22706057363013718	0.07208333333333333
-0.6120999999999999	0.21160400000000124	0.23634407106164412	0.07520833333333334
-0.6188499999999999	0.10806900000000041	0.23457534246575346	0.07416666666666667
-0.625375	0.4532437499999915	0.2569642551369864	0.06375
-0.5880999999999998	0.7727340000000069	0.24215175513698628	0.07041666666666667
-0.6061749999999999	0.23974974999999432	0.2330814426369866	0.073125
-0.620425	0.4345697499999943	0.2588135702054794	0.06958333333333334
-0.625675	0.47047974999999553	0.24098052226027392	0.06875
-0.6096249999999999	0.601493750000003	0.24650502996575352	0.06854166666666667
-0.59155	0.4282709999999952	0.24598844178082174	0.06666666666666667
-0.5670999999999999	0.6492539999999991	0.24402418664383574	0.08208333333333334
-0.6127749999999998	0.4528577499999997	0.2567013056506849	0.06395833333333334
-0.6378249999999999	0.4544397500000059	0.2539382491438356	0.06770833333333334
-0.5873499999999998	0.3762490000000014	0.21941738013698653	0.07416666666666667
-0.6009249999999999	0.4629897499999984	0.24992658390410938	0.06958333333333334
-0.62155	0.37847099999999756	0.26187136130136984	0.06958333333333334
-0.5940999999999999	0.5143140000000059	0.22536601027397266	0.075
-0.5743	0.2762559999999965	0.26617230308219164	0.07541666666666667
-0.6343000000000001	0.6329059999999984	0.23119616866438358	0.07395833333333333
-0.628825	0.24034975000000003	0.237016053082192	0.06625
-0.57955	0.6194409999999948	0.2579267979452057	0.07583333333333334
-0.6280749999999999	0.45257974999999817	0.2545485873287674	0.07125000000000001
-0.6177250000000001	0.2731477499999926	0.22658797089041102	0.07125000000000001
-0.6060999999999999	0.4928740000000005	0.2360840111301368	0.07895833333333334
-0.6004	0.5321039999999968	0.2447019477739727	0.07770833333333334
-0.6406749999999999	0.3398297500000069	0.2497060145547948	0.07729166666666668
-0.6480250000000001	0.3214377500000012	0.26052836044520566	0.065625
-0.6090249999999999	0.29415774999999655	0.24473212756849302	0.07395833333333333
-0.6208	0.2602159999999998	0.23350010702054794	0.07479166666666667
-0.610525	0.6251877499999949	0.24426562499999985	0.07125000000000001
-0.6162249999999998	0.3830777500000053	0.24106945633561644	0.06895833333333334
-0.6373749999999998	0.2846937500000024	0.23813687928082183	0.07604166666666667
-0.6240999999999999	0.550214000000004	0.23304741010273988	0.06520833333333334
-0.596725	0.41346775000000946	0.24906196489726018	0.07520833333333334
-0.6195249999999999	0.15166775000000143	0.24472377996575323	0.06854166666666667
-0.6163000000000001	0.5571359999999999	0.23710883989726045	0.07479166666666667
-0.616975	0.34488774999999094	0.24702065496575348	0.07229166666666667
-0.5913999999999999	0.316824000000004	0.2422711900684933	0.07458333333333333
-0.5895999999999999	0.9220539999999957	0.25238206335616453	0.08291666666666668
-0.61345	0.3923209999999955	0.22678478167808228	0.078125
-0.6079749999999999	0.5913677500000034	0.2297234589041096	0.07916666666666668
-0.612025	0.608267749999996	0.24238131421232856	0.08520833333333333
-0.5462499999999999	0.8236250000000069	0.2216843964041093	0.08104166666666668
-0.6328750000000001	0.2694937500000023	0.24575952482876734	0.073125
-0.597775	0.15480774999999625	0.2661395547945209	0.08
-0.6291249999999999	0.4742437499999994	0.2362782534246574	0.08083333333333334
-0.595375	0.3637437499999976	0.24837970890410918	0.06416666666666666
-0.607675	0.5274097500000039	0.23177953767123272	0.07333333333333333
-0.6153249999999999	0.14358974999999674	0.2537860659246576	0.075625
-0.6099249999999998	0.27014975000000163	0.2518853809931507	0.07395833333333333
-0.645175	0.42190974999999753	0.2282761130136986	0.0775
-0.5887	0.7061860000000024	0.25027782534246584	0.07666666666666667
-0.6040000000000001	0.46314999999999173	0.2483138912671233	0.078125
-0.6148	0.36012599999999395	0.23018161386986316	0.07895833333333334
-0.6078999999999999	0.22325400000000428	0.24188142123287648	0.08499999999999999
-0.61375	0.2623750000000058	0.25033657962328776	0.07062500000000001
-0.6031	0.5871839999999935	0.2378642979452055	0.06916666666666667
-0.628825	0.6348497500000008	0.25186547517123303	0.08104166666666668
-0.6109	0.5019140000000064	0.2644793450342467	0.066875
-0.6015999999999999	0.053413999999989414	0.25212906678082175	0.07875
-0.621175	0.373849749999998	0.26597517123287656	0.07
-0.6127	0.23377599999999887	0.24786344178082198	0.07083333333333335
-0.6068499999999999	0.31910900000001163	0.2581993792808218	0.071875
-0.6049	0.2947940000000031	0.249078339041096	0.07333333333333333
-0.6361749999999999	-5.024999999392321e-5	0.25707470034246555	0.06958333333333334
-0.618325	0.4302697500000008	0.24404120291095904	0.09145833333333334
-0.583	0.38485000000000014	0.23608625856164395	0.07958333333333334
-0.5958999999999999	0.5906140000000022	0.23469092465753422	0.06416666666666666
-0.63385	0.35801899999999165	0.24070344606164384	0.07645833333333334
-0.6272499999999999	0.41902500000000487	0.24285295376712324	0.07958333333333334
-0.6010749999999998	0.44505975000000575	0.23738013698630112	0.075
-0.6072249999999999	0.7124577500000058	0.2255136986301371	0.075
-0.6265750000000001	0.4218897499999912	0.23543964041095888	0.07666666666666667
-0.6133	0.7064160000000044	0.23686130136986316	0.07583333333333334
-0.5911	0.33292399999999844	0.23809096746575353	0.09208333333333334
-0.586975	0.31798774999999324	0.218888591609589	0.08854166666666667
-0.5750499999999998	0.7068610000000035	0.22818364726027418	0.09166666666666667
-0.618925	0.4233597499999959	0.23768097174657532	0.069375
-0.6244749999999999	0.4574877499999985	0.2345804794520548	0.08166666666666668
-0.61225	0.7637750000000025	0.24262821061643824	0.06875
-0.5891500000000001	0.3461289999999977	0.22622709760273982	0.07125000000000001
-0.63595	0.5186709999999977	0.24633968321917812	0.07291666666666667
-0.587725	0.4052477499999938	0.22144360017123282	0.07729166666666668
-0.62005	0.5494110000000063	0.24446917808219154	0.07333333333333333
-0.6078250000000001	0.48838974999999607	0.2436578553082193	0.07020833333333334
-0.60025	0.2192749999999961	0.23563452482876715	0.088125
-0.6057250000000001	0.5079877499999981	0.24031656678082186	0.07041666666666667
-0.604525	0.5066177499999966	0.23850032106164373	0.074375
-0.6286	0.27292399999999617	0.25027943065068475	0.06104166666666667
-0.591475	0.48279774999999603	0.2319236943493153	0.07104166666666667
-0.6335500000000001	0.44825099999999196	0.23594723886986324	0.08020833333333334
-0.6188499999999999	0.0323190000000011	0.2447224957191779	0.06270833333333334
-0.6114250000000001	0.6485597499999969	0.25320815496575333	0.07479166666666667
-0.6110499999999999	0.42835099999999926	0.2361488655821919	0.07020833333333334
-0.5904999999999998	0.7461000000000055	0.23354409246575353	0.07416666666666667
-0.5962750000000001	0.47182774999998855	0.24492123287671227	0.07333333333333333
-0.6247749999999999	0.42474774999999454	0.2457328767123284	0.07666666666666667
-0.64855	0.15335099999999358	0.24194499143835618	0.06458333333333334
-0.5983749999999999	0.6407437500000057	0.2213450342465754	0.08083333333333334
-0.6264999999999998	0.4501500000000007	0.2398847388698632	0.08104166666666668
-0.6192249999999999	0.45451775000000083	0.22660916095890438	0.07416666666666667
-0.615475	0.4117177500000082	0.23313120719178065	0.07708333333333334
-0.5952249999999999	0.49184775000000514	0.24095323202054775	0.074375
-0.5969499999999999	0.5400310000000061	0.22585241866438366	0.07729166666666668
-0.6293499999999999	0.6281590000000037	0.23003681506849327	0.06916666666666667
-0.6205750000000001	0.5278797499999897	0.22566010273972598	0.06916666666666667
-0.598975	0.2996477499999983	0.2460311429794521	0.07604166666666667
-0.6067	0.5366160000000022	0.2344844820205481	0.07854166666666668
-0.6254500000000001	0.6129909999999938	0.25611922089041084	0.07375
-0.620425	0.22406974999999818	0.24888056506849326	0.06916666666666667
-0.589375	0.32409375000000296	0.23451723030821944	0.075625
-0.634525	0.5074677499999964	0.250369006849315	0.0725
-0.5767749999999998	0.5306377500000039	0.25538077910958895	0.08125
-0.6283000000000001	0.43751599999999513	0.2548911601027396	0.079375
-0.6300250000000001	0.8276277499999978	0.22878339041095885	0.075
-0.636625	0.18774375000000276	0.2575065282534249	0.06479166666666666
-0.58765	0.6907489999999967	0.26242904537671236	0.07145833333333335
-0.61435	0.35320899999999966	0.23664233732876727	0.06791666666666667
-0.5997999999999999	0.6350260000000034	0.24413655821917785	0.07083333333333335
-0.6012249999999999	0.21087775000000164	0.22175117722602733	0.074375
-0.605575	0.1589797500000074	0.22528510273972605	0.07
-0.6111249999999999	0.09794375000000599	0.25630768407534255	0.07020833333333334
-0.59365	0.4795689999999908	0.227263484589041	0.07541666666666667
-0.6318249999999999	0.3209297500000048	0.23389469178082217	0.06916666666666667
-0.6270249999999999	0.3113177500000077	0.24092433647260283	0.075625
-0.5934250000000001	0.6619397499999948	0.21942155393835627	0.081875
-0.6096999999999999	0.3590960000000081	0.2445221532534249	0.074375
-0.601675	0.7523197499999981	0.24863431078767137	0.079375
-0.5905750000000001	0.4275797499999996	0.22798876284246578	0.08770833333333333
-0.5743	0.521256000000001	0.23054505565068495	0.08145833333333334
-0.6223749999999999	0.45719374999999474	0.24105982448630137	0.064375
-0.60985	0.5160489999999953	0.26545505136986275	0.06833333333333334
-0.594025	0.640607750000008	0.22179066780821927	0.07333333333333333
-0.601825	0.9331297499999991	0.24184674657534255	0.06916666666666667
-0.60955	0.45914099999999536	0.2598483518835616	0.07770833333333334
-0.5968	0.5659059999999982	0.25422913099315064	0.06895833333333334
-0.599275	0.5370877499999978	0.22674593321917796	0.07958333333333334
-0.6188499999999999	0.6973190000000002	0.22820772688356175	0.07645833333333334
-0.62785	0.5238889999999969	0.2545534032534247	0.071875
-0.6292	0.23121600000000342	0.23974411386986305	0.078125
-0.6174249999999999	0.37594975000001085	0.23349561215753384	0.08020833333333334
-0.6033249999999999	0.3853697499999953	0.24036312071917815	0.07145833333333335
-0.5955249999999999	0.5678877500000041	0.228421875	0.08208333333333334
-0.58165	0.36572899999999464	0.24092562071917822	0.07729166666666668
-0.6187749999999999	0.45002774999999673	0.24695901113013677	0.07395833333333333
-0.604525	0.6621177500000002	0.22840229023972597	0.071875
-0.6079749999999999	0.5078677500000026	0.2312064426369867	0.07062500000000001
-0.6474249999999999	0.6988997500000025	0.24982159674657517	0.06645833333333334
-0.62395	0.2882009999999937	0.2402356592465753	0.07708333333333334
-0.6208	0.1447159999999954	0.2391141909246573	0.08020833333333334
-0.61435	0.643459	0.24907127568493143	0.07375
-0.59545	0.9526910000000015	0.2328348672945207	0.07395833333333333
-0.612025	0.35976774999999606	0.25967883133561637	0.066875
-0.593575	0.6496097500000033	0.2296640624999999	0.075625
-0.6307749999999999	0.22551774999999452	0.23696853595890394	0.07375
-0.6046	0.1427539999999965	0.23318482448630123	0.07854166666666668
-0.5656749999999999	0.5938297499999976	0.2430789811643836	0.07041666666666667
-0.608875	0.3506937499999978	0.23997399400684943	0.06979166666666667
-0.5945499999999999	0.5612910000000042	0.2336648116438355	0.07416666666666667
-0.614725	0.40905775000000233	0.2517081549657534	0.06979166666666667
-0.6297250000000001	0.6102577499999953	0.24219991438356175	0.07583333333333334
-0.618025	0.7705877500000042	0.24019809503424683	0.07270833333333333
-0.6046	0.382004000000002	0.22653339041095905	0.07333333333333333
-0.6033999999999999	0.43226399999999643	0.2465907534246575	0.07166666666666667
-0.6036999999999999	0.6960860000000082	0.23134193065068492	0.07770833333333334
-0.5775250000000001	0.4533277499999926	0.2586684503424658	0.07125000000000001
-0.5924499999999999	0.4216609999999932	0.2335556506849314	0.08
-0.61615	0.33726900000000626	0.237547089041096	0.07
-0.5689	0.48612399999999667	0.2181411601027397	0.076875
-0.603775	0.4012277499999968	0.23681249999999998	0.07666666666666667
-0.6054999999999999	0.5798499999999933	0.23061857876712322	0.07083333333333335
-0.6022749999999999	0.4985477500000073	0.22810081335616422	0.08458333333333334
-0.6054250000000001	0.47421974999999605	0.2585888270547947	0.06708333333333334
-0.6289750000000001	0.2620477499999936	0.246680971746575	0.06854166666666667
-0.6012249999999999	0.7556277500000022	0.22419413527397264	0.08625
-0.6396999999999999	0.7766459999999995	0.24436547517123308	0.066875
-0.619	0.7546500000000052	0.25916513270547903	0.086875
-0.6075249999999999	0.19942775000000523	0.2453793878424657	0.07229166666666667
-0.6206499999999999	0.22740900000000153	0.24249561215753396	0.07354166666666667
-0.6139749999999999	0.5778477500000037	0.23355854023972575	0.074375
-0.63175	0.19047499999999928	0.24148426797945233	0.06895833333333334
-0.6420250000000001	0.4458677499999979	0.23173009417808207	0.07541666666666667
-0.6269499999999999	0.7998309999999975	0.24864458476027404	0.07520833333333334
-0.6237250000000001	-0.07807225000000528	0.2568666523972601	0.06791666666666667
-0.6321999999999999	0.3726959999999977	0.220799229452055	0.0775
-0.6234999999999999	0.228900000000003	0.2337222816780823	0.068125
-0.61795	0.5210409999999968	0.22509471318493146	0.07395833333333333
