-0.6399375	0.36946974999999327	0.2584921874999999	0.06875
-0.6519999999999999	0.14759400000001222	0.24826907703488366	0.07075
-0.655875	0.3829910000000041	0.2706535247093021	0.06525
-0.6258125000000001	0.6317077499999897	0.2672817950581394	0.06525
-0.6299999999999999	0.4296500000000094	0.2572772529069764	0.0745
-0.6495	0.4515839999999969	0.26594313226744193	0.06425
-0.6430625000000001	0.1698697499999895	0.25459611191860493	0.06175
-0.6385000000000001	0.49558599999998876	0.2535654069767443	0.061
-0.6529375	0.06804775000001939	0.2614066133720929	0.076
-0.6464375	0.433837749999995	0.24195566860465126	0.068
-0.6636249999999999	-0.015480999999979872	0.2533026889534884	0.062
-0.66475	0.3058759999999978	0.2655970203488373	0.0585
-0.6474375000000001	0.28027974999997696	0.26049691133720904	0.06325
-0.6572499999999999	0.3811860000000138	0.2652100290697674	0.0475
-0.649375	0.08672499999998706	0.25932503633720966	0.06575
-0.642625	0.2526189999999957	0.26390625000000006	0.077
-0.6394375000000001	0.2551597499999758	0.2774542151162789	0.0635
-0.650625	0.3357249999999965	0.2626253633720932	0.071
-0.650625	0.17097499999999854	0.24812082122093	0.07075
-0.65425	0.4669939999999997	0.263438590116279	0.063
-0.6479375	0.25007775000000265	0.24746566133720943	0.06425
-0.667875	0.24510100000000534	0.23955577761627891	0.08075
-0.649875	0.2916489999999925	0.25518640988372104	0.0695
-0.6470625000000001	0.6293477499999796	0.24688735465116282	0.0825
-0.64175	0.187043999999986	0.26836319040697687	0.05075
-0.6628125	0.06774374999999111	0.2684138808139535	0.06
-0.6577500000000001	0.10610599999998271	0.2670294331395348	0.0635
-0.6530625000000001	0.29834974999998565	0.25513844476744185	0.0615
-0.6643749999999999	0.3242750000000143	0.2595218023255816	0.0645
-0.6276250000000001	0.24555899999998587	0.2662870639534883	0.0765
-0.6628125	0.021243749999996453	0.26401035610465096	0.05175
-0.65225	0.17697600000001046	0.25765497819767447	0.06675
-0.62775	0.36026599999999576	0.2736671511627906	0.076
-0.6504375	0.45733775000000776	0.263703488372093	0.059
-0.6310625000000001	-0.08835225000001401	0.25209647529069745	0.07725
-0.6555	0.5459639999999979	0.2630723110465118	0.064
-0.65375	0.49909999999998433	0.29702779796511614	0.06025
-0.6503749999999999	-0.10970899999998096	0.2553880813953488	0.0675
-0.6503125000000001	0.15524374999998258	0.2579411337209301	0.06
-0.62575	0.385713999999993	0.24887518168604686	0.07275
-0.6615	0.1952359999999942	0.25479560319767436	0.06625
-0.6636875	-0.16929024999998887	0.26017587209302334	0.068
-0.638625	0.542619000000002	0.2576604287790699	0.07425
-0.6421250000000001	0.2862309999999866	0.26087245639534873	0.0705
-0.6651875	-0.07686225000001912	0.25450781250000004	0.05825
-0.6427499999999999	0.44758600000001536	0.2559320494186046	0.0745
-0.65225	0.17797600000000102	0.2576876816860466	0.07625
-0.65225	0.33022600000001034	0.2707974200581394	0.06625
-0.645375	0.37243099999999174	0.24921529796511613	0.07725
-0.651	0.3832359999999966	0.25981340843023276	0.08075
-0.6447499999999999	0.12903599999999926	0.24873673691860484	0.06625
-0.6448125	0.03737774999999033	0.25051144622093025	0.07175
-0.6392500000000001	-0.15124600000001465	0.28440425145348847	0.05825
-0.6785625	0.2488877499999944	0.2724609375000004	0.06225
-0.6434375000000001	0.15174374999998008	0.240998001453488	0.08025
-0.6550625000000001	0.36865974999997775	0.2808706395348838	0.0655
-0.6366875000000001	0.25700774999999965	0.27769622093023244	0.068
-0.6461874999999999	-0.13523024999999222	0.25912609011627874	0.07
-0.6697500000000001	0.10683599999998705	0.2800764898255813	0.05875
-0.6465624999999999	0.3144937500000111	0.26045385174418617	0.064
-0.6534374999999999	0.07799375000001874	0.25876962209302307	0.0725
-0.641	0.16336599999999635	0.2548413880813952	0.07425
-0.6439999999999999	0.18489600000000905	0.25730777616279094	0.07
-0.6456249999999999	0.09027500000000543	0.25722438226744215	0.07375
-0.6080000000000001	0.956003999999993	0.25819567587209297	0.07325
-0.6506875000000001	0.018769749999989926	0.2509071584302325	0.06325
-0.6543125000000001	0.4615097499999905	0.24554378633720936	0.07625
-0.6343125000000001	0.46969974999998954	0.2614725654069767	0.06525
-0.6617500000000001	0.4773139999999927	0.2583695494186044	0.06
-0.6308750000000001	0.2347909999999871	0.2636266351744189	0.07775
-0.6474375000000001	0.13052974999997957	0.2513502906976746	0.0615
-0.6325000000000001	-0.008350000000007185	0.26177398255813944	0.0575
-0.6606875000000001	-0.12751025000000027	0.2589609374999998	0.07175
-0.6609375	0.5788437500000185	0.254200944767442	0.0655
-0.6581874999999999	0.34875975000001347	0.2527178415697673	0.06325
-0.6527499999999999	0.39021600000000944	0.2803037790697674	0.065
-0.6433125	0.3042877500000145	0.25735410610465115	0.06925
-0.6168750000000001	0.3892749999999978	0.2780123546511627	0.0665
-0.6503125000000001	0.46499374999999077	0.25169422238372074	0.07525
-0.6595625	0.4175477499999971	0.2644736555232561	0.06975
-0.6510625000000001	0.1595277499999952	0.2714831031976742	0.06775
-0.6261874999999999	0.3401597500000264	0.24920058139534848	0.068
-0.637	0.08928399999999215	0.2475109011627908	0.07
-0.6498124999999999	0.7068477500000228	0.27494204215116264	0.06875
-0.6456875	0.5511097500000091	0.25563172238372067	0.05825
-0.665375	0.16017099999999118	0.26784047965116287	0.0595
-0.6403125000000001	0.8264937499999832	0.2753023255813953	0.0625
-0.6554374999999999	0.4209577500000137	0.2650388808139536	0.064
-0.6516875	0.2499177499999945	0.2785655886627905	0.06925
-0.6506875000000001	0.12501974999999277	0.2594831031976744	0.07075
-0.671125	0.33108900000000574	0.2642202034883717	0.0575
-0.6616249999999999	0.5301510000000178	0.26792768895348845	0.0725
-0.630125	0.21056899999999246	0.25399491279069764	0.079
-0.6447499999999999	0.3577860000000044	0.25410828488372106	0.069
-0.637	0.16278400000000204	0.24589425872093035	0.0655
-0.649375	0.14872499999999889	0.2546233648255813	0.07775
-0.66075	0.47220400000000495	0.26267932412790684	0.07425
-0.6387499999999999	0.3616500000000116	0.25579033430232573	0.0695
-0.65825	-0.11525600000000225	0.25780813953488346	0.06
-0.6334375000000001	0.5666937499999847	0.2743462936046512	0.0775
-0.6716249999999999	0.18737100000001305	0.2404840116279069	0.0665
-0.6426875000000001	0.13522774999998433	0.265400254360465	0.06625
-0.6431875	0.19907974999999567	0.2537311046511629	0.07
-0.6408125	0.5647477499999951	0.24531976744186018	0.067
-0.6626875000000001	0.07809774999998353	0.26373619186046504	0.0575
-0.6368125	0.5298197500000015	0.26497674418604666	0.08
-0.6411875	0.3669797499999987	0.25738898982558134	0.07525
-0.6505624999999999	0.481429750000018	0.25915552325581415	0.061
-0.6643125000000001	-0.09166025000000388	0.2524523982558139	0.0695
-0.6505000000000001	0.3561339999999831	0.2701226380813955	0.05675
-0.6509375	0.32819375000001116	0.25758684593023223	0.057
-0.6523125000000001	0.34350774999998634	0.27112827034883724	0.064
-0.6413125	0.2852197500000102	0.25131540697674426	0.057
-0.6528125	0.3567437499999926	0.24474146075581382	0.06475
-0.637875	0.3531410000000079	0.26140606831395347	0.06625
-0.6701250000000001	0.43892899999998747	0.25974418604651145	0.072
-0.6335	0.4326260000000133	0.2788953488372093	0.0585
-0.6513125	0.31393975000001717	0.2508559229651165	0.07825
-0.6288125	0.42006975000001034	0.24873183139534907	0.059
-0.6463125000000001	0.187929749999995	0.2560672238372095	0.0675
-0.6525624999999999	0.3763797499999981	0.2580032703488369	0.074
-0.637375	0.6659489999999977	0.24276180959302315	0.06625
-0.6552500000000001	0.25693599999998185	0.2680890261627908	0.0555
-0.6323749999999999	-0.016980999999987034	0.24368895348837183	0.065
-0.6405000000000001	0.4476239999999905	0.23982776162790684	0.0675
-0.6381874999999999	0.239619750000017	0.2626400799418604	0.06425
-0.654625	0.012830999999991377	0.25418568313953477	0.0645
-0.6503125000000001	0.16974374999998076	0.2550027252906976	0.06525
-0.653	0.49507400000000246	0.25262082122093016	0.07175
-0.6410625000000001	0.3679877499999833	0.2608882630813957	0.06375
-0.63425	0.30227399999999705	0.25478197674418623	0.077
-0.6472500000000001	0.2148159999999848	0.24592696220930235	0.0665
-0.638625	0.5581190000000049	0.2694854651162788	0.065
-0.6536249999999999	0.07130900000001361	0.25865297965116285	0.0615
-0.65025	0.03869600000000162	0.26137990552325596	0.06425
-0.6439999999999999	0.461646000000016	0.27406068313953535	0.071
-0.6656249999999999	-0.054874999999981355	0.2727143895348838	0.0665
-0.6481874999999999	0.3433397500000126	0.2361873183139533	0.07175
-0.6427499999999999	0.3355860000000064	0.25597292877907013	0.07275
-0.6528750000000001	0.05377099999998336	0.2715823037790701	0.06225
-0.63825	0.20301400000001024	0.25991533430232566	0.069
-0.6443749999999999	0.33147500000001173	0.27942787063953484	0.06375
-0.6648125	0.5470577499999933	0.25600999273255803	0.06375
-0.641	0.45211600000000374	0.2686199127906975	0.0785
-0.649375	-0.12377500000000907	0.2466077398255815	0.07075
-0.6488750000000001	0.3835189999999784	0.2775277979651161	0.05975
-0.6323125	0.39182774999999026	0.2684482194767442	0.06925
-0.6736875	0.21403974999999775	0.24979251453488382	0.054
-0.6719999999999999	0.010124000000004685	0.2632063953488371	0.059
-0.6491875	0.769807749999984	0.2518141351744186	0.06225
-0.6536249999999999	0.30555900000001657	0.2501348110465117	0.0645
-0.6716249999999999	0.22562100000000385	0.2674774709302326	0.066
-0.6372500000000001	0.44889599999999064	0.24188372093023247	0.073
-0.6309374999999999	0.19099375000000407	0.25975890261627893	0.06775
-0.637875	0.4158910000000162	0.266969476744186	0.0745
-0.6546875000000001	0.019093749999981924	0.25495966569767464	0.066
-0.6443749999999999	-0.13927499999999782	0.24262118459302356	0.06275
-0.6321874999999999	0.5146937500000064	0.24530178052325602	0.07625
-0.6154375000000001	0.6271477499999918	0.2526186409883721	0.07875
-0.6380625	0.9560797500000149	0.2409871002906973	0.06525
-0.6603125000000001	0.14319374999998047	0.26504378633720926	0.05525
-0.647375	0.5757089999999891	0.2433183139534883	0.067
-0.659	0.32926599999998984	0.24673691860465125	0.067
-0.6515625	0.5745937499999911	0.25711428052325597	0.07275
-0.6425624999999999	-0.04874024999999449	0.24227888808139553	0.07225
-0.6561874999999999	0.3422497500000077	0.26816751453488397	0.061
-0.6392500000000001	0.9430039999999877	0.24993859011627906	0.076
-0.6411875	0.5484797499999985	0.2454533066860466	0.07025
-0.6365624999999999	0.20469375000001833	0.2726304505813955	0.06
-0.6431875	0.4830797500000017	0.27287518168604685	0.06175
-0.6536875	0.38382975000000386	0.2507469113372092	0.05675
-0.6625624999999999	0.5611997500000143	0.2612937863372091	0.05725
-0.6435	-0.09615399999999852	0.2573175872093024	0.0695
-0.66825	0.7187839999999994	0.26864880087209286	0.06275
-0.6554374999999999	0.5907077500000071	0.25679596656976733	0.07075
-0.6521250000000001	0.1946609999999822	0.2535332485465116	0.07325
-0.6456249999999999	0.11727500000000646	0.26274636627906967	0.0585
-0.6272500000000001	0.4706759999999832	0.24582558139534888	0.0715
-0.6421250000000001	0.3384809999999874	0.2514718386627909	0.07425
-0.6568750000000001	0.5417249999999854	0.25686137354651184	0.06375
-0.6368750000000001	0.22697499999999593	0.2722739825581398	0.0645
-0.6920625	-0.020082250000001522	0.26803888081395383	0.057
-0.6679999999999999	0.5126640000000151	0.24902670784883718	0.06475
-0.627875	0.29172100000000967	0.25378997093023264	0.0695
-0.659	0.32551599999999326	0.25902579941860465	0.0675
-0.6697500000000001	0.7038359999999813	0.262619367732558	0.06875
-0.6359999999999999	0.18900600000002044	0.2602058502906974	0.06625
-0.6724375	0.3807297500000004	0.25798092296511627	0.05975
-0.6629375	0.32463775000000794	0.2571328125	0.06675
-0.6608125	0.22791774999998893	0.2620312499999997	0.064
-0.6203749999999999	0.17638100000000634	0.2692854287790697	0.07225
-0.6408750000000001	0.27462099999999623	0.2611646075581397	0.0665
-0.6188125	0.5382997500000073	0.25400635901162816	0.07325
-0.6684375	0.26049374999999486	0.260040152616279	0.06825
-0.6245	0.043733999999986395	0.26228797238372076	0.07025
-0.6225	0.2573500000000024	0.26101635174418614	0.065
-0.6737500000000001	0.2211499999999944	0.2549994549418603	0.06175
-0.6708750000000001	0.3923109999999781	0.26121202761627904	0.06125
-0.6484375	0.6618437500000027	0.25911082848837197	0.067
-0.665375	0.308920999999998	0.26689153343023253	0.06925
-0.6770624999999999	0.19227775000001657	0.25571838662790713	0.0615
-0.6599999999999999	0.16585000000000605	0.26785247093023257	0.07
-0.6635	0.29038599999999803	0.2639335029069766	0.062
-0.651125	0.4658190000000104	0.26415261627906994	0.0565
-0.65575	0.4432339999999897	0.26213154069767436	0.068
-0.63375	0.5225999999999971	0.26095639534883724	0.069
-0.64775	0.2863760000000042	0.27796493459302335	0.06275
-0.6741874999999999	0.16640775000000474	0.25182285610465116	0.06175
-0.627	0.14224400000000514	0.26212990552325566	0.07775
-0.6629375	0.21713775000000624	0.258535247093023	0.0635
-0.6385000000000001	0.20708599999998967	0.247967659883721	0.071
-0.6405000000000001	0.5818739999999849	0.24638917151162798	0.0635
-0.68225	0.2294859999999943	0.26467478197674416	0.0565
-0.6536249999999999	0.7773090000000167	0.26994004360465124	0.0485
-0.6388750000000001	0.5396789999999783	0.2606582485465112	0.06825
-0.6541250000000001	0.030460999999988303	0.25566606104651135	0.0715
-0.653375	0.2627209999999849	0.2649489462209304	0.06875
-0.667875	0.10310100000000944	0.2506204578488372	0.06725
-0.661	0.25255599999999845	0.2558192223837207	0.05875
-0.66225	0.22844600000000526	0.2446340843023258	0.0765
-0.64175	0.2875439999999969	0.25535374273255784	0.05825
-0.6387499999999999	0.46015000000001294	0.25154596656976735	0.07475
-0.6501874999999999	0.1303977500000144	0.26682394622093036	0.05975
-0.6399375	0.38046974999998895	0.2570412427325579	0.07275
-0.66675	0.3189440000000019	0.2650476017441862	0.0625
-0.6423125000000001	0.4373177499999912	0.2602423691860464	0.075
-0.643875	0.5706990000000047	0.2551210029069767	0.0705
-0.63975	0.3528259999999932	0.2598330305232556	0.06425
-0.6528750000000001	0.3677709999999905	0.2582621729651162	0.06525
-0.6712499999999999	0.40885000000001526	0.2432218386627909	0.06075
-0.643	0.33101399999999614	0.23440388808139506	0.07875
-0.6390625000000001	0.25034374999998477	0.24015098110465097	0.06975
-0.6661250000000001	0.043008999999997855	0.25468713662790704	0.0565
-0.6684375	0.4782437500000043	0.26804324127907014	0.06
-0.6359999999999999	0.16125600000002294	0.23854360465116292	0.068
-0.6388750000000001	0.6496789999999777	0.2548332122093021	0.0655
-0.6465624999999999	0.3252437500000127	0.2580795784883722	0.069
-0.663	-0.004416000000006193	0.265904433139535	0.062
-0.64825	0.31690399999999386	0.2602919694767441	0.06275
-0.6626875000000001	0.16834774999998103	0.2684471293604648	0.07225
-0.65625	0.6012499999999932	0.26403324854651167	0.06525
-0.6515	0.3380559999999946	0.2598651889534883	0.073
-0.6495625	0.5201377499999893	0.26664789244186016	0.0635
-0.65225	0.5417260000000113	0.2538052325581394	0.0635
-0.6750624999999999	0.402099750000005	0.27116260901162814	0.07225
-0.65175	0.411453999999992	0.26114716569767454	0.0685
-0.6534374999999999	0.10824375000001396	0.27028234011627916	0.066
-0.6226875000000001	0.2706577499999838	0.26400109011627926	0.0665
-0.6596875	0.41099375000000293	0.2512647165697676	0.07325
-0.6368750000000001	0.532724999999985	0.28099109738372097	0.06325
-0.6464375	0.7203377499999988	0.2510723110465115	0.0645
-0.6536875	0.17632975000000783	0.27467387354651174	0.06925
-0.635	0.23784999999999457	0.2614284156976745	0.064
-0.6492500000000001	0.12036399999998082	0.2692941497093025	0.06525
-0.6296250000000001	0.34563099999998315	0.2530868459302328	0.0695
-0.6373125	0.19829775000000893	0.2574685683139536	0.07075
-0.6608750000000001	0.05838099999998292	0.2658275799418608	0.06625
-0.6819999999999999	0.21406400000000758	0.2501620639534884	0.063
-0.6712499999999999	0.09060000000002333	0.26077816133720955	0.06225
-0.641	0.5801160000000039	0.2515486918604653	0.0765
-0.6572499999999999	0.3141860000000207	0.2596760537790695	0.06725
-0.6414375000000001	0.5652077499999848	0.2599398619186045	0.06175
-0.6429374999999999	0.43740775000000554	0.2648224927325582	0.05175
-0.614625	0.42386100000000226	0.23193259447674416	0.07775
-0.6635625	0.37457774999998605	0.27403179505813946	0.05275
-0.662625	-0.025851000000002955	0.26312082122093017	0.07175
-0.6581250000000001	0.22802499999998815	0.27599890988372056	0.0545
-0.6595	0.2813239999999979	0.25660356104651183	0.0725
-0.6505000000000001	0.12188399999998012	0.2757541787790698	0.05975
-0.6704375	0.6423677500000053	0.2683446584302326	0.05875
-0.6688125	0.3553997500000037	0.27358920784883706	0.06125
-0.6738124999999999	-0.027990249999987782	0.26393241279069785	0.0615
-0.6420625	0.28811775000001205	0.26182358284883706	0.06675
-0.6451875	0.4959177499999896	0.263689861918605	0.06725
-0.6233124999999999	0.19931775000000584	0.257557957848837	0.07375
-0.6519375000000001	0.4428097499999808	0.2486326308139536	0.0705
-0.6586875000000001	0.3676197499999887	0.2586110101744188	0.06775
-0.6565624999999999	0.20299375000001874	0.26566460755813953	0.069
-0.6471875	0.3424937500000027	0.27435174418604663	0.0605
-0.6465624999999999	0.28849375000001487	0.2464202398255813	0.07825
-0.6476249999999999	0.23698900000000833	0.25725654069767445	0.07
-0.6381874999999999	0.3541197500000237	0.26073128633720943	0.06925
-0.6659999999999999	0.06691600000000619	0.25368859011627903	0.069
-0.6503749999999999	-0.048208999999985735	0.23912409156976738	0.06975
-0.6284375	0.0032437500000099817	0.27433539244186056	0.0675
-0.6326875000000001	0.16421774999999172	0.2672202034883722	0.0605
-0.63025	0.4409859999999952	0.257532340116279	0.0775
-0.6290625000000001	0.2469437499999998	0.24927252906976738	0.072
-0.6681250000000001	0.42772499999999525	0.26206558866279067	0.06875
-0.64625	0.7808500000000009	0.24289044331395349	0.07225
-0.6409374999999999	0.7894937500000196	0.2593212209302329	0.08
-0.6648750000000001	0.4322389999999814	0.2601011991279069	0.05725
-0.6518124999999999	0.16798975000001803	0.2672785247093021	0.06525
-0.6355	0.45519400000000587	0.2375635901162793	0.068
-0.6650624999999999	0.009279750000018794	0.26839480377907005	0.05925
-0.6605624999999999	0.02855975000001365	0.2574140625000001	0.06425
-0.63375	0.4000999999999948	0.25356758720930245	0.077
-0.6415625	0.5536937499999937	0.2484996366279068	0.07
-0.6316875	0.18263774999999782	0.26486228197674405	0.0715
-0.661375	0.3055689999999913	0.25494113372093	0.064
-0.683125	0.24877500000000907	0.2596144622093024	0.0635
-0.663	0.3600840000000005	0.248095203488372	0.067
-0.6444375	0.4463197500000007	0.25385864825581383	0.0665
-0.6439375	0.48129774999999597	0.23811736918604648	0.0695
-0.6625624999999999	0.5304497500000167	0.25546602470930246	0.06025
-0.6513125	0.2921897500000057	0.26884447674418577	0.067
-0.6516875	-0.08508224999999925	0.27153760901162793	0.06325
-0.6561874999999999	0.03299975000000188	0.260071220930233	0.0765
-0.6617500000000001	0.3623139999999978	0.2533054142441862	0.06975
-0.675125	0.08244899999999689	0.24889970930232555	0.0625
-0.6605624999999999	-0.0356902499999876	0.26771620639534877	0.0615
-0.659375	0.3876249999999857	0.2495019985465117	0.07175
-0.641375	0.10958899999999971	0.2571742369186045	0.06575
-0.634125	0.5531709999999919	0.25429251453488344	0.065
-0.6548750000000001	-0.1651210000000134	0.2522654433139535	0.06425
-0.624125	0.15045099999998968	0.2706213662790699	0.07
-0.6810624999999999	0.35559775000000116	0.25972074854651184	0.06725
-0.6523749999999999	0.43353900000001033	0.25755305232558146	0.0715
-0.6470625000000001	0.06709774999997364	0.26782194767441864	0.0615
-0.638125	0.5784749999999974	0.276529796511628	0.061
-0.6396250000000001	0.47031099999998105	0.2780466933139536	0.06125
-0.6538124999999999	0.3608697500000204	0.2647914244186044	0.0595
-0.6580625	0.12228974999999309	0.2541121002906975	0.06725
-0.6572499999999999	0.290686000000008	0.25675127180232576	0.06575
-0.6594374999999999	0.1275997500000159	0.25605741279069794	0.061
-0.6420625	0.793867750000004	0.2583559229651161	0.06625
-0.6263125	0.36788974999998914	0.25954687500000007	0.0735
-0.6492500000000001	0.4171139999999838	0.26052525436046486	0.07325
-0.6463125000000001	0.7614297499999907	0.24763953488372115	0.072
-0.6679999999999999	0.2981640000000141	0.25922801598837186	0.05775
-0.6513125	0.5254397500000181	0.2653015988372094	0.0725
-0.6283125	0.30779774999999177	0.2605476017441861	0.071
-0.6263749999999999	0.5318790000000035	0.25347002180232553	0.07175
-0.6586875000000001	0.2953697499999919	0.2549514898255816	0.06025
-0.643375	0.34189099999998973	0.2576822311046511	0.07275
-0.646625	0.1760709999999932	0.2570821220930234	0.068
-0.667	0.2581039999999888	0.2596815043604649	0.06275
-0.6372500000000001	0.0541459999999887	0.26776962209302363	0.064
-0.6595625	0.38879774999999483	0.2731646075581394	0.0655
-0.6510625000000001	0.19227774999998815	0.2305770348837209	0.0655
-0.6487499999999999	0.4686500000000109	0.24963717296511617	0.06625
-0.6526875000000001	0.36468774999998743	0.2446853197674417	0.0635
-0.6545624999999999	0.1973177499999963	0.2740977470930233	0.0635
-0.6232500000000001	0.2558039999999835	0.26418531976744175	0.07
-0.6658124999999999	-0.17060224999998752	0.26998691860465107	0.059
-0.6501250000000001	0.21884899999999163	0.2592732558139532	0.0625
-0.6808749999999999	0.48219100000001447	0.24770112645348824	0.06725
-0.6652499999999999	0.38106600000001833	0.2664685683139535	0.06275
-0.6525000000000001	0.3273499999999814	0.2598859011627909	0.0655
-0.6759999999999999	-0.097463999999988	0.2551395348837212	0.053
-0.6203125	0.23609374999999488	0.26557249273255845	0.07025
-0.6188750000000001	0.5948489999999964	0.26075199854651165	0.07175
-0.6475625	0.08116975000000082	0.2749000726744184	0.063
-0.64625	0.41610000000000014	0.2495325218023257	0.07125
-0.6316250000000001	0.24494099999998298	0.25410882994186035	0.07625
-0.649	0.43863600000000247	0.25427071220930253	0.0585
-0.6750624999999999	0.2488497500000051	0.27152779796511595	0.06225
-0.6547499999999999	-0.08889399999999625	0.25613535610465155	0.05975
-0.6540625	0.6186937500000056	0.2663432049418605	0.06125
-0.653125	0.2691250000000025	0.27221566133720904	0.06225
-0.6541250000000001	-0.10228900000001317	0.25086573401162804	0.06575
-0.6516249999999999	0.40863100000001396	0.27692114825581393	0.056
-0.6359999999999999	0.18750600000001327	0.25457267441860487	0.0625
-0.6639999999999999	0.5174060000000082	0.252427870639535	0.06525
-0.6231249999999999	0.37152500000000543	0.2779115188953488	0.06325
-0.6384375	0.4521937499999922	0.26265207122093026	0.07425
-0.6096874999999999	0.17174375000001874	0.27124600290697665	0.07
-0.6364375	0.31137775000000545	0.2296711482558142	0.0745
-0.64775	-0.0963739999999973	0.26798764534883734	0.06
-0.6746875000000001	0.22499374999999588	0.26206504360465116	0.0565
-0.6683749999999999	0.2478410000000082	0.2459171511627908	0.0625
-0.6503749999999999	0.46554100000001597	0.24073419331395352	0.07025
-0.6616875	0.6161077500000118	0.26572401889534913	0.06125
-0.6426875000000001	0.13772774999999626	0.24977180232558116	0.071
-0.6196250000000001	0.5461509999999805	0.2594978197674418	0.0715
-0.6685000000000001	0.4918959999999828	0.2575699491279071	0.05625
-0.6686875000000001	0.17759974999998462	0.26947183866279095	0.06425
-0.6259999999999999	0.24643600000001697	0.25376925872093037	0.0795
-0.637	0.7312840000000023	0.2660864825581396	0.0705
-0.6416249999999999	0.0635610000000213	0.260871911337209	0.06625
-0.6445000000000001	0.4874139999999869	0.24677834302325594	0.0685
-0.639875	0.35233900000001483	0.24367260174418595	0.066
-0.6514374999999999	0.5317677500000144	0.2707914244186046	0.0555
-0.6733750000000001	0.4137309999999843	0.2671417151162787	0.0645
-0.62625	0.5804000000000116	0.2563697311046511	0.06975
-0.6400625	0.395729750000001	0.2528748183139533	0.06975
-0.6128125	0.5602437499999979	0.2541469840116277	0.06075
-0.62625	0.41815000000001135	0.25045312500000005	0.074
-0.6525000000000001	0.35309999999998354	0.26116951308139547	0.05325
-0.673	0.08104400000000567	0.23645003633720926	0.06175
-0.6543749999999999	0.3385250000000184	0.271822129360465	0.06425
-0.624125	0.41545099999999024	0.24654505813953476	0.0775
-0.64425	0.13728400000000818	0.24206249999999999	0.0715
-0.6538124999999999	0.42986975000002303	0.25568132267441873	0.063
-0.6784375	0.09524374999999452	0.2552223837209302	0.061
-0.6716249999999999	0.33712100000001044	0.2547367369186043	0.06475
-0.6428750000000001	0.4660509999999789	0.2645423328488374	0.06225
-0.6573125	0.17667774999999608	0.2662777979651162	0.05475
-0.6599999999999999	0.1256000000000057	0.2574920058139534	0.0615
-0.6565624999999999	0.13349375000001373	0.2616840479651163	0.05925
-0.6534374999999999	0.4619937500000191	0.2507828851744185	0.06725
-0.6555625	0.22321974999999838	0.27034338662790697	0.0485
-0.6315625	0.5807437499999963	0.26424636627906967	0.063
-0.6584375	0.5409437499999967	0.24840643168604637	0.06725
-0.666625	0.33661099999999067	0.25909556686046514	0.067
-0.648625	0.07227899999999465	0.24987645348837229	0.0595
-0.6595625	0.556797749999987	0.2751998546511628	0.053
-0.6693125	0.060329750000008175	0.27801344476744183	0.0615
-0.6493125	0.481919750000003	0.2441549781976745	0.06375
-0.6601250000000001	0.07378899999999078	0.2835942950581395	0.05375
-0.640125	0.15085899999999697	0.25544858284883754	0.07225
-0.6479375	0.25382774999999924	0.26708230377906983	0.06525
-0.6548125	0.1538677499999892	0.2714111555232556	0.06625
-0.6556875	0.5047297500000099	0.2511219113372095	0.06825
-0.6629375	0.01588775000000453	0.256190406976744	0.0755
-0.634125	0.6619209999999924	0.25944167877906993	0.07825
-0.6234999999999999	0.17510599999999954	0.24569204215116291	0.07175
-0.6403125000000001	0.5059937499999876	0.24773492005813946	0.07675
-0.6399375	0.4714697499999829	0.2564013444767441	0.06375
-0.6381874999999999	0.2921197500000119	0.2521111918604648	0.0665
-0.6616249999999999	0.22315100000001564	0.2643744549418601	0.06975
-0.6730624999999999	0.20715975000001663	0.2700599563953483	0.064
-0.6379375	0.3555377499999963	0.26810755813953496	0.0715
-0.6098125000000001	0.6009877499999874	0.24268822674418628	0.077
-0.6603749999999999	0.4179110000000179	0.27209138808139527	0.05925
-0.6781874999999999	0.30619975000000466	0.25655559593023247	0.055
-0.6171875	0.44609375000000284	0.26953888081395355	0.0605
-0.6455	0.28410400000001346	0.23865425145348854	0.07325
-0.6654374999999999	0.41834775000000946	0.2826366279069765	0.066
-0.6580625	0.10628975000000196	0.2749872819767446	0.065
-0.635375	0.7741109999999907	0.25994204215116257	0.06575
-0.657	0.4177139999999895	0.26519095203488374	0.06275
-0.66225	0.3309459999999973	0.2750270712209304	0.06125
-0.673	0.26554400000000555	0.2669106104651164	0.0625
-0.6415625	0.27544374999999377	0.2618573764534883	0.07275
-0.6229374999999999	0.1472277500000132	0.23993895348837221	0.078
-0.6712499999999999	0.09260000000001867	0.251602652616279	0.07225
-0.64425	0.5365340000000032	0.2496867732558139	0.08
-0.6551875	0.6766777499999961	0.25344712936046515	0.07025
-0.6501874999999999	0.1968977500000051	0.2631388081395349	0.0585
-0.6449374999999999	0.2135597500000017	0.25614843749999994	0.07475
-0.6635625	0.209577749999994	0.2529358648255814	0.07725
-0.6385624999999999	0.9002277499999991	0.2559593023255814	0.0785
-0.6675625000000001	-0.03994025000000079	0.27430541424418603	0.06875
-0.6669375	0.10818975000000819	0.25156122819767446	0.07175
-0.6314375000000001	0.6163477499999885	0.26033775436046497	0.06675
-0.6527499999999999	0.24721600000000876	0.25822728924418603	0.05875
-0.6399375	0.16546974999998554	0.26887827034883705	0.0725
-0.641875	0.5207750000000146	0.2756200944767439	0.06275
-0.644625	0.2961010000000073	0.23691279069767449	0.0645
-0.6699999999999999	0.20015000000000782	0.26005159883720935	0.066
-0.6488125	0.35770974999999794	0.24871329941860448	0.0765
-0.6431875	0.4905797499999949	0.2696495276162788	0.07275
-0.6741250000000001	0.11430099999998333	0.24940443313953475	0.0715
-0.67025	0.5944559999999939	0.26443495639534875	0.0595
-0.62175	0.5755739999999889	0.251078851744186	0.064
-0.6216250000000001	0.546270999999976	0.24564789244186047	0.087
-0.6435625	0.35569774999999026	0.25874236918604654	0.067
-0.6475625	0.2624197499999923	0.26705886627906994	0.0635
-0.64375	0.024999999999991473	0.24885065406976753	0.0665
-0.649	0.4373860000000036	0.2498786337209302	0.0655
-0.6365000000000001	0.16828599999999483	0.24715770348837263	0.0715
-0.6560625	0.3249977499999943	0.25547202034883726	0.0685
-0.6535625	0.0957877499999853	0.25102925145348853	0.06625
-0.6619375000000001	0.11692974999999706	0.2553134084302323	0.06225
-0.6501874999999999	0.449397750000017	0.24769676598837242	0.07525
-0.6400625	0.6979797500000018	0.2705603197674414	0.0635
-0.6432500000000001	0.4511839999999836	0.26153361191860436	0.06475
-0.6252500000000001	0.2254959999999926	0.24637281976744185	0.068
-0.6415	0.17082600000000525	0.26052143895348884	0.0795
-0.6406875000000001	0.37324974999998517	0.24980341569767417	0.061
-0.62425	0.4942139999999995	0.2616862281976745	0.06425
-0.6391875	0.41561774999999557	0.2547334665697675	0.06475
-0.6288750000000001	0.20678899999998634	0.26588971656976756	0.07725
-0.6488750000000001	0.048768999999978746	0.24330414244186066	0.067
-0.6643749999999999	0.1437750000000051	0.26334702034883706	0.0735
-0.6390625000000001	0.446593749999991	0.24716969476744174	0.0685
-0.65875	0.08585000000000775	0.245803234011628	0.06825
-0.6583749999999999	0.34521100000000615	0.2699149709302323	0.0485
-0.633	0.27565400000000295	0.25020403343023245	0.08725
-0.6376875	0.2226977500000089	0.2505092659883723	0.07525
-0.643875	0.28544899999999984	0.2593174055232559	0.06075
-0.646625	0.25157099999999843	0.2531359011627909	0.0775
-0.6227499999999999	0.276676000000009	0.26652579941860455	0.061
-0.6404375	0.30599775000000307	0.26401144622093004	0.06575
-0.6621874999999999	0.40099375000001203	0.25960683139534896	0.07
-0.64575	-0.007056000000005724	0.24681867732558133	0.066
-0.655125	0.1859190000000126	0.2766180959302326	0.054
-0.6656249999999999	0.242375000000024	0.25258757267441867	0.062
-0.6521874999999999	0.39144375000000764	0.2507131177325579	0.06475
-0.6349374999999999	0.43692975000001866	0.26394440406976716	0.073
-0.6618124999999999	0.16501975000001323	0.2596891351744184	0.06025
-0.6228750000000001	0.7482109999999835	0.26632957848837213	0.075
-0.648625	0.29752899999999727	0.26399127906976727	0.0685
-0.638625	0.6183690000000013	0.25544258720930246	0.0735
-0.6689375	0.3821977500000031	0.24245276162790702	0.0685
-0.65875	0.4588499999999982	0.27270730377906954	0.05925
-0.6553125	0.100943749999999	0.2628630087209301	0.0615
-0.6374375000000001	0.28384974999997326	0.25515261627906977	0.067
-0.6681250000000001	0.3712249999999955	0.27273782703488353	0.05475
-0.6531875	0.5253997499999912	0.28200327034883726	0.0495
-0.6609375	0.37959375000001216	0.2615603197674421	0.057
-0.6358124999999999	-0.04798224999998979	0.2671945857558143	0.05575
-0.6511875	0.25910974999999326	0.26346856831395327	0.06125
-0.6448750000000001	0.44546899999998857	0.2572423691860467	0.0735
-0.6311875	0.6610497499999894	0.265126090116279	0.0695
-0.6373125	0.48654775000001393	0.2545018168604652	0.0695
-0.6558124999999999	0.4544877500000126	0.2719235101744185	0.07225
-0.6619999999999999	0.3658840000000225	0.25867369186046496	0.0545
-0.6481874999999999	0.4745897500000069	0.2559233284883722	0.054
-0.6792499999999999	0.053894000000013875	0.2529396802325583	0.056
-0.6208750000000001	0.3929109999999838	0.26601344476744193	0.0635
-0.6503749999999999	0.20804100000000858	0.254822311046512	0.053
-0.6594374999999999	0.3603497500000117	0.27733430232558154	0.0485
-0.639875	0.5040890000000076	0.26221002906976754	0.07
-0.6716875	0.17399774999999806	0.257808684593023	0.06125
-0.6409374999999999	0.27499375000002146	0.2677886991279069	0.06025
-0.6563749999999999	0.07224899999999934	0.2684934593023256	0.063
-0.6580625	0.39853974999999764	0.26645875726744206	0.07475
-0.6576249999999999	0.5983790000000084	0.2656624273255816	0.066
-0.6569375	0.49196975000000975	0.2561402616279069	0.068
-0.6307499999999999	0.19563400000001252	0.2701864098837209	0.074
-0.64025	0.1898660000000092	0.22897565406976744	0.0715
-0.6474375000000001	0.3245297499999822	0.2506488008720932	0.06925
-0.651125	0.37831900000000473	0.26679778343023275	0.08125
-0.6348750000000001	0.39400899999998273	0.27312427325581395	0.064
-0.6480625	0.1512097500000067	0.2591042877906973	0.061
-0.6439999999999999	0.5676460000000105	0.2503642805232558	0.06975
-0.6290625000000001	0.6014437500000014	0.2757340116279069	0.0705
-0.65025	0.19119599999999082	0.25247093023255834	0.0665
-0.6483749999999999	0.31053100000001166	0.24499818313953442	0.057
-0.6358124999999999	0.33576775000001646	0.259872819767442	0.0735
-0.6474375000000001	0.35402974999998094	0.25661337209302354	0.0745
-0.6476875	0.13355775000000847	0.2422347383720932	0.081
-0.6521874999999999	0.26994375000001014	0.2622574491279071	0.05825
-0.65175	0.5562039999999797	0.2650928415697671	0.07175
-0.6470625000000001	0.4328477499999792	0.26553815406976794	0.0595
-0.6265624999999999	0.27409375000002	0.2497396438953488	0.07075
-0.67275	0.4498260000000016	0.2589740188953488	0.06875
-0.657	0.3724639999999937	0.25690225290697677	0.0665
-0.64825	0.5264039999999994	0.27205486918604666	0.0575
-0.6488125	0.12570974999999862	0.2809376816860467	0.06875
-0.6421874999999999	0.2423437500000034	0.2729798328488373	0.06675
-0.6466875000000001	0.3341477499999854	0.2617401889534888	0.062
-0.6516875	0.27591775000000496	0.2639487645348838	0.0645
-0.65375	0.05909999999998661	0.25448437500000026	0.0695
-0.6637500000000001	0.5776499999999913	0.2561124636627905	0.06525
-0.6334375000000001	0.5561937499999914	0.2690783066860464	0.06825
-0.6663749999999999	0.41893900000000883	0.25981667877906955	0.07475
-0.6416875	0.4469277500000004	0.24038263081395334	0.0555
-0.64225	0.256456	0.2748292151162788	0.061
-0.6439999999999999	0.2386460000000028	0.2761351744186047	0.0765
-0.6465624999999999	0.2839937500000218	0.2420134447674417	0.066
-0.6294375000000001	0.2612397499999872	0.2568815406976742	0.0695
-0.6234375000000001	0.13509374999998158	0.2704327761627909	0.0755
-0.615875	0.5496710000000178	0.2584752906976744	0.07
-0.6581250000000001	0.5312749999999795	0.2623190406976744	0.0525
-0.6975	0.2633499999999884	0.26160174418604654	0.0555
-0.6788749999999999	0.13498900000000447	0.2464409520348838	0.07475
-0.633	-0.05709600000000137	0.2743871729651162	0.07275
-0.6566875000000001	0.42798774999998557	0.24628997093023242	0.0635
-0.6228750000000001	0.7079609999999832	0.2432670784883718	0.0715
-0.6328125	0.48784374999999613	0.26537736191860484	0.06625
-0.6805625	0.39291975000000434	0.25783539244186066	0.0505
-0.6494374999999999	0.3802797500000139	0.26321566133720936	0.06475
-0.6613125	-0.011640249999999241	0.2924111555232557	0.05975
-0.6564375	0.42099774999999795	0.27360010901162785	0.06175
-0.6675625000000001	0.38830974999999057	0.2711702398255814	0.06525
-0.6303749999999999	0.26440100000002076	0.2578735465116276	0.0685
-0.6481250000000001	0.029024999999990087	0.2556246366279069	0.0605
-0.6669375	0.07168975000000444	0.26284393168604675	0.05275
-0.633	0.30640400000000056	0.27835574127906954	0.069
-0.6543749999999999	0.5532750000000135	0.2538989825581397	0.0705
-0.6373125	0.4745477500000135	0.2702022165697675	0.06875
-0.6615	0.44948599999999317	0.2651582485465116	0.06825
-0.6535625	0.09003774999999337	0.26985828488372066	0.075
-0.632625	0.49927900000000136	0.255885719476744	0.07925
-0.6447499999999999	0.4257860000000022	0.2597757994186044	0.065
-0.64375	0.26474999999999227	0.26149927325581357	0.067
-0.6565000000000001	0.33799599999998975	0.2617096656976743	0.0655
-0.6649375	0.24691975000000355	0.27309702034883704	0.059
-0.6439999999999999	0.2553960000000046	0.26312681686046535	0.0695
-0.639375	0.19002500000000566	0.25045912063953524	0.06775
-0.6523125000000001	0.3010077499999966	0.2618252180232556	0.0565
-0.6521874999999999	0.21744375000001526	0.24697292877906976	0.06575
-0.6232500000000001	0.4533039999999744	0.26267496366279075	0.07925
-0.6556249999999999	0.44197500000001355	0.2868951671511628	0.06175
-0.6671875	0.2768437499999834	0.27271329941860445	0.065
-0.6519375000000001	0.2385597499999932	0.25602852470930254	0.06825
-0.637	0.8880339999999904	0.25449691133720914	0.07025
-0.6389374999999999	0.43931775000001494	0.27642623546511635	0.0655
-0.6353125	0.4549437500000124	0.25979051598837216	0.07125
-0.6263749999999999	0.32662900000001116	0.26121529796511594	0.06975
-0.6399999999999999	0.118850000000009	0.25365043604651166	0.0585
-0.640625	0.5756250000000023	0.2519525799418603	0.07075
-0.6628750000000001	0.2851909999999833	0.24520421511627938	0.0695
-0.6561874999999999	0.3447497500000054	0.24372165697674425	0.0725
-0.638625	-0.04388099999999895	0.26137663517441867	0.06025
-0.62775	0.24551599999999496	0.24339135174418614	0.078
-0.6550625000000001	0.7449097499999766	0.24525327034883704	0.07
-0.6573125	0.23917774999999608	0.25949182412790717	0.05875
-0.6620625	0.19083775000000003	0.2737510901162787	0.057
-0.665375	0.6986709999999903	0.25359811046511627	0.0645
-0.6570625000000001	0.2707077499999855	0.23862100290697671	0.07
-0.6535	0.4117660000000143	0.26590334302325586	0.0575
-0.6646875000000001	0.1594437499999799	0.26580250726744153	0.07125
-0.6439375	0.2850477499999897	0.2611215479651164	0.07525
-0.6351249999999999	0.5991890000000097	0.2444825581395348	0.075
-0.6681874999999999	0.2943797500000187	0.2581760537790696	0.06875
-0.6772499999999999	-0.10522399999999266	0.26847329215116267	0.05925
-0.6365624999999999	0.5599437500000164	0.26055959302325593	0.056
-0.6424375	0.4972897499999931	0.2626755087209303	0.0645
-0.6598124999999999	0.08118775000001222	0.26674545784883713	0.05925
-0.6475	0.37410000000001276	0.2610158066860464	0.05925
-0.6456249999999999	0.06152500000000316	0.24839444040697667	0.06025
-0.6610625000000001	0.47401774999997315	0.27503688226744194	0.07225
-0.6376250000000001	0.3427989999999852	0.24444767441860468	0.0695
-0.63225	0.5406360000000063	0.2598046874999995	0.07025
-0.6281874999999999	0.49684975000000975	0.2593566497093026	0.08025
-0.657375	0.00591899999999157	0.2501086482558138	0.0655
-0.6227499999999999	0.3924260000000146	0.2572091206395348	0.06775
-0.6356250000000001	0.5605249999999842	0.25474872819767413	0.06275
-0.6591875	0.2986977499999881	0.25159502180232574	0.06775
-0.6423749999999999	0.3931790000000177	0.26679832848837215	0.0775
-0.657125	0.15745099999999468	0.2713075944767443	0.05975
-0.6255625	0.2849797500000051	0.26526126453488386	0.064
-0.6343125000000001	0.08369974999999386	0.2666473473837207	0.06875
-0.6405000000000001	0.2173739999999924	0.26552725290697654	0.0705
-0.6364375	0.23387775000000488	0.2616224563953487	0.075
-0.6325624999999999	-0.054910249999991834	0.26913008720930237	0.0625
-0.6371249999999999	0.36409100000000194	0.23911918604651167	0.072
-0.6365000000000001	-0.027714000000003125	0.2638086845930231	0.07725
-0.64775	0.5566259999999943	0.2524578488372092	0.075
-0.63975	0.43107599999999024	0.26183339389534893	0.07825
-0.6623125000000001	0.09839774999998951	0.2573186773255812	0.0585
-0.6399375	0.6439697499999824	0.2512298328488371	0.07675
-0.6503749999999999	0.31254100000001017	0.23370130813953502	0.0735
-0.6316250000000001	0.577440999999979	0.24556449854651155	0.07575
-0.6541874999999999	0.3377277500000133	0.2701433502906976	0.06325
-0.6756875	0.44556974999999	0.24452561773255804	0.06025
-0.6501874999999999	0.426647750000015	0.2456010174418607	0.0615
-0.6631875	0.23891974999999377	0.2586889534883724	0.06
-0.6495	0.30283400000000427	0.26611755087209304	0.06375
-0.6564375	0.6999977500000085	0.2654471293604648	0.06575
-0.6424375	0.20628974999999627	0.2682699854651165	0.0625
-0.6691875	0.3115377499999852	0.271738735465116	0.062
-0.6474375000000001	0.48827974999997537	0.2482211119186047	0.06925
-0.6646875000000001	0.07844374999997683	0.2608577398255816	0.06725
-0.645125	0.25182900000000075	0.26949963662790677	0.0745
-0.6628750000000001	0.7439409999999782	0.25826544331395335	0.06475
-0.6519375000000001	0.27955974999999	0.24985683139534878	0.068
-0.686625	0.22370099999999127	0.27381922238372114	0.05225
-0.6643749999999999	0.1160250000000076	0.2727852470930231	0.075
-0.6347499999999999	0.7119160000000022	0.25644985465116243	0.061
-0.639375	0.153774999999996	0.24308448401162835	0.07625
-0.6527499999999999	0.46671600000000524	0.25581758720930214	0.0615
-0.65575	0.5392339999999933	0.2635846656976743	0.0785
-0.6293124999999999	0.6455597500000039	0.2449556686046511	0.0695
-0.6399999999999999	0.334850000000003	0.27045621366279077	0.07925
-0.639875	0.27183900000001415	0.24366388081395363	0.0705
-0.6741874999999999	0.6149077500000146	0.2577901526162793	0.06625
-0.6375	0.19225000000000136	0.2620895712209304	0.06925
-0.6668750000000001	0.14327499999997428	0.26610446947674415	0.06975
-0.6481874999999999	-0.041660249999992516	0.2514941860465117	0.0595
-0.6628125	0.03849375000000066	0.2733057776162788	0.05425
-0.6635	0.39413600000000315	0.25695784883720907	0.076
-0.6491875	0.18705774999999392	0.2614747456395348	0.06625
-0.64625	0.4968499999999949	0.25460701308139516	0.05525
-0.64425	0.24828399999999817	0.2684852834302325	0.06775
-0.6558124999999999	0.42273775000001024	0.26602652616279054	0.0655
-0.6505624999999999	0.30442975000001127	0.24573619186046514	0.075
-0.65575	0.24273399999998446	0.2548223110465117	0.0795
-0.6388750000000001	0.21392899999997894	0.262817768895349	0.06775
-0.633	0.4679040000000043	0.26633720930232563	0.0665
-0.6597500000000001	-0.08028400000002023	0.24645403343023248	0.06725
-0.6506875000000001	0.5535197499999924	0.25787572674418635	0.067
-0.6552500000000001	0.5814359999999823	0.26234138808139573	0.06925
-0.6498124999999999	0.22034775000001616	0.2373586482558139	0.0675
-0.6294375000000001	0.17648974999998757	0.271550145348837	0.0685
-0.649875	0.15764899999999216	0.2593037790697674	0.0605
-0.6529375	0.603047750000016	0.27593350290697666	0.064
-0.6558124999999999	0.16573775000001945	0.2881738735465115	0.06875
-0.6700625	0.15928974999999923	0.25895112645348833	0.06725
-0.67275	0.2173259999999999	0.2706987645348837	0.073
-0.6735	0.34870600000000707	0.26070566860465105	0.058
-0.6630625000000001	0.37402974999999117	0.2634887354651162	0.0615
-0.6641874999999999	0.2072177500000123	0.26666424418604673	0.06
-0.6631875	0.102669750000004	0.2669187863372092	0.05525
-0.6344375	0.8135497500000071	0.2607470930232557	0.078
-0.64425	0.36403400000000374	0.25985101744186023	0.056
-0.6733750000000001	0.36648099999997896	0.25576417151162817	0.0585
-0.655	0.03139999999999077	0.26526835029069756	0.05825
-0.6361874999999999	0.27198975000001724	0.2508319404069767	0.07975
-0.653125	0.1891250000000042	0.236855559593023	0.07225
-0.6480625	0.23295975000000624	0.27764117005813976	0.06375
-0.649125	0.06250100000001169	0.2471162790697678	0.067
-0.66475	0.07537600000000566	0.25820712209302343	0.075
-0.6635	0.34813599999999667	0.2627490915697677	0.07025
-0.6336875	0.4394197500000132	0.2536956758720931	0.07125
-0.65225	0.19122600000001455	0.25784356831395355	0.06125
-0.6274375000000001	0.28586974999997494	0.26406813226744175	0.07475
-0.672375	0.410609000000008	0.250556140988372	0.06325
-0.6223749999999999	0.19755900000001247	0.26734556686046496	0.062
-0.6311875	0.23029975000000036	0.24577543604651175	0.06
-0.65425	0.02699400000000196	0.24426398982558148	0.06975
-0.638125	0.2552249999999958	0.258603379360465	0.06275
-0.6681874999999999	0.4018797500000204	0.27213390261627923	0.05875
-0.6503125000000001	-0.05925625000001844	0.26471184593023234	0.0675
-0.6735	0.5274560000000008	0.2784516715116279	0.067
-0.6450625000000001	0.2064897499999887	0.23567877906976756	0.0795
-0.6335625	0.5383077500000013	0.2654449491279069	0.06375
-0.6605000000000001	0.380843999999982	0.23663590116279082	0.0645
-0.6606875000000001	0.40548974999998677	0.24892314680232547	0.07225
-0.6531875	0.2328997499999872	0.2502901526162791	0.06675
-0.6665625	0.2051937500000065	0.2558857194767442	0.05425
-0.6452500000000001	0.5715059999999852	0.25353760901162786	0.06675
-0.64375	0.2222499999999883	0.26155159883720924	0.063
-0.62025	0.11955600000000288	0.25068368459302337	0.06525
-0.6371249999999999	0.4458410000000015	0.24479269622093014	0.06675
-0.669	0.3160960000000017	0.2500873909883722	0.06175
-0.6429374999999999	0.473657750000001	0.26424963662790707	0.068
-0.6395625	0.14167774999998528	0.2746537063953488	0.0585
-0.661875	0.2247249999999923	0.2777103924418607	0.068
-0.6674374999999999	0.33048975000001235	0.25503869912790716	0.07275
-0.6636249999999999	0.28226900000001365	0.2629774709302325	0.0655
-0.6534374999999999	0.3884937500000092	0.2662336482558138	0.059
-0.6487499999999999	0.6014000000000124	0.2558061409883719	0.06075
-0.633875	0.613459000000006	0.2591964026162792	0.08025
-0.6488750000000001	0.14001899999998102	0.2678579215116279	0.0715
-0.6351875	0.46560775000000376	0.2772503633720933	0.064
-0.6300625	0.21035975000000917	0.2851237281976744	0.06425
-0.657875	0.1585810000000123	0.2703237645348836	0.0585
-0.6574374999999999	0.03390975000002072	0.2536934956395349	0.07125
-0.6579999999999999	0.26155400000000384	0.25927707122093024	0.07225
-0.6671875	0.3008437499999843	0.248482194767442	0.074
-0.623375	0.5860810000000072	0.2551449854651161	0.078
-0.6420625	0.29236775000001103	0.2536084665697677	0.07025
-0.650625	-0.23202500000000725	0.26912245639534876	0.0645
-0.6521250000000001	0.07991099999998141	0.25540061773255834	0.06675
-0.6355625	0.17510974999999007	0.24836882267441873	0.0715
-0.666625	0.22286099999999465	0.2546827761627909	0.0685
-0.66475	0.14237599999999873	0.24560755813953491	0.063
-0.653875	0.3058890000000076	0.25114316860465113	0.0725
-0.6496249999999999	0.0679410000000189	0.24967260174418612	0.0765
-0.6435625	0.1979477499999973	0.2679227834302322	0.07775
-0.6311249999999999	0.400849000000008	0.2579591206395349	0.06525
-0.6596875	0.29599375000000805	0.26736954941860464	0.076
-0.6131875	0.37106975000000375	0.2666931322674421	0.07075
-0.6385624999999999	0.2829777500000006	0.24266587936046535	0.06875
-0.6475	0.10660000000001446	0.2551188226744187	0.0595
-0.6695625000000001	0.3369077499999804	0.25859901889534875	0.06975
-0.6896875	0.5106937500000015	0.26816206395348835	0.0625
-0.633	0.17465400000000386	0.2707140261627906	0.069
-0.6478124999999999	0.20319375000002537	0.27277816133720906	0.06475
-0.65375	0.45684999999998865	0.27337336482558133	0.05875
-0.6553125	0.4519437499999981	0.25644385901162803	0.05725
-0.6585624999999999	-0.005342249999984006	0.24020058139534883	0.0665
-0.6448750000000001	0.5924689999999799	0.2503833575581395	0.067
-0.643375	0.33364099999998587	0.2653146802325581	0.054
-0.6535	0.1612660000000119	0.2704502180232558	0.0695
-0.6520625	0.4068777500000067	0.24151580668604639	0.05775
-0.6603749999999999	0.4046610000000186	0.2584676598837208	0.061
-0.6595	0.41607400000000894	0.2571557049418603	0.07025
-0.6579999999999999	0.24430400000001384	0.2525783066860463	0.06075
-0.6483749999999999	0.5962810000000047	0.27125526889534884	0.05925
-0.6499999999999999	0.5510000000000161	0.2511682412790695	0.064
-0.6171875	0.40459375000000364	0.2581368095930235	0.07325
-0.6569375	0.2967197500000083	0.2482401889534882	0.0725
-0.6565000000000001	0.1939959999999843	0.24906813226744184	0.06275
-0.6488750000000001	0.3697689999999767	0.25687827034883715	0.062
-0.6385624999999999	0.3479777500000125	0.2616769622093022	0.064
-0.640625	0.40912500000000307	0.260533975290698	0.06075
-0.655125	0.2416690000000017	0.2648650072674417	0.06525
-0.6583749999999999	0.13121100000000752	0.26242641715116244	0.05925
-0.6736249999999999	-0.11782099999999218	0.2783791787790698	0.05025
-0.6444375	0.20156975000000443	0.27938808139534865	0.054
-0.6340625	0.36974375000001203	0.25116388081395347	0.078
-0.65375	0.26659999999998263	0.2570772165697677	0.06225
-0.640625	0.4771250000000009	0.2479186046511629	0.075
-0.6525624999999999	0.2981297500000011	0.2621871366279072	0.067
-0.6448125	0.4371277500000019	0.25353161337209307	0.068
-0.6256250000000001	0.20597499999999513	0.24884956395348823	0.0735
-0.67675	0.11435400000000584	0.2613433866279071	0.054
-0.665875	0.8105709999999959	0.27703997093023275	0.057
-0.6605000000000001	0.2730939999999862	0.2589478561046511	0.07475
-0.6615625	0.3294437499999958	0.256505450581395	0.0715
-0.6470625000000001	0.33459774999998615	0.2765096293604651	0.05175
-0.6572499999999999	0.15618600000001948	0.257611373546512	0.07575
-0.6468750000000001	0.2996249999999918	0.24593459302325582	0.0615
-0.6619375000000001	0.1711797499999932	0.25594186046511624	0.063
-0.6474375000000001	0.5447797499999751	0.2548691860465115	0.077
-0.6740625	0.3364437500000008	0.249688953488372	0.0635
-0.6461250000000001	0.22618899999999087	0.26148401162790685	0.0715
-0.64425	0.17553399999999897	0.2755993822674421	0.07125
-0.6399375	0.5512197499999871	0.26278561046511617	0.0655
-0.6531875	-0.002100250000012238	0.24457031249999997	0.06525
-0.6619375000000001	-0.06557025000000749	0.26091497093023286	0.06
-0.6468750000000001	-0.03762500000000557	0.25286664244186063	0.0705
-0.6743125000000001	0.3666197499999839	0.2887162063953488	0.063
-0.6568750000000001	0.16647499999999127	0.2555515988372091	0.0645
-0.6576249999999999	0.023879000000007977	0.2340964752906976	0.06825
-0.6475625	0.7974197500000031	0.24302289244186054	0.0595
-0.6535625	0.3245377499999904	0.256900617732558	0.06425
-0.6403749999999999	0.21862100000001305	0.2600101744186047	0.062
-0.6507499999999999	0.5408139999999975	0.26616170058139577	0.0635
-0.6333125	0.408327749999998	0.25222565406976766	0.0615
-0.6415625	0.26894374999999116	0.24896566133720924	0.07275
-0.6445624999999999	0.25400775000001374	0.27061482558139555	0.06
-0.649375	0.262724999999989	0.25974527616279064	0.066
-0.6563125000000001	0.29724974999999176	0.26588644622093005	0.06625
-0.6200000000000001	0.4153999999999769	0.24660610465116262	0.0755
-0.68075	-0.125165999999993	0.2551166424418605	0.065
-0.6467499999999999	-0.010775999999992791	0.2553531976744187	0.06
-0.6475	1.0658500000000117	0.26216533430232575	0.0745
-0.6454375000000001	0.19151774999997428	0.25001162790697695	0.079
-0.6453125	0.2150937500000083	0.2621195494186046	0.071
-0.657	-0.09403600000000267	0.2595250726744189	0.072
-0.6527499999999999	0.1314660000000032	0.24814098837209314	0.0705
-0.623875	0.27016899999999566	0.25840661337209325	0.058
-0.6471875	0.27449375000000487	0.2418940770348838	0.06775
-0.6333125	0.35807775000000674	0.2710470566860463	0.07425
-0.6765000000000001	0.3637559999999809	0.28591624273255806	0.06325
-0.6455	0.2761040000000179	0.26585919331395347	0.06925
-0.6640625	0.12734374999999432	0.27527016715116276	0.05425
-0.6420625	0.6041177500000003	0.25086573401162787	0.07175
-0.6798124999999999	0.1382177500000097	0.27467114825581385	0.0595
-0.6153124999999999	0.2702437500000059	0.2620846656976746	0.077
-0.6428750000000001	0.4073009999999755	0.25868023255813943	0.072
-0.6375	0.09925000000001205	0.2521885901162792	0.0705
-0.6441250000000001	0.02609099999999387	0.2615161700581396	0.06025
-0.6435	0.2570960000000042	0.25759556686046525	0.067
-0.6741250000000001	0.49205099999997515	0.2693012354651161	0.0585
-0.64575	0.3256939999999986	0.26744640261627917	0.06525
-0.647125	0.351421000000002	0.2765009084302323	0.05675
-0.647875	0.2137610000000052	0.24977997819767464	0.07575
-0.6429374999999999	0.3831577500000094	0.26474018895348816	0.073
-0.6432500000000001	0.29318399999998235	0.246465479651163	0.072
-0.6518124999999999	0.6242397500000152	0.24834047965116263	0.0685
-0.6619999999999999	0.12638400000001582	0.26120276162790734	0.06
-0.65225	0.00572600000000989	0.2589860101744185	0.06825
-0.6226875000000001	0.6041577499999846	0.2579569404069768	0.06325
-0.6575625	0.3103897499999846	0.2636119186046513	0.068
-0.6398124999999999	0.27270775000002345	0.24174146075581382	0.07325
-0.6423749999999999	0.8111790000000099	0.24310465116279104	0.0695
-0.6313124999999999	0.18919975000001443	0.24458938953488363	0.081
-0.6625624999999999	0.15719975000000375	0.25933648255813935	0.0685
-0.6548125	0.3933677499999959	0.24772619912790708	0.05575
-0.6605000000000001	0.15234399999998516	0.24232576308139514	0.07275
-0.6483749999999999	0.055531000000001995	0.26483884447674416	0.06825
-0.6378124999999999	0.4779937500000244	0.25256849563953454	0.06775
-0.65675	-0.20851599999998882	0.24548928052325594	0.06675
-0.662625	0.5278989999999908	0.2644365915697673	0.06875
-0.6529375	0.5697977500000206	0.2557957848837208	0.0655
-0.6636875	0.0034597500000046466	0.2510058139534884	0.0645
-0.6483125000000001	0.513967749999992	0.26310664970930253	0.07175
-0.6519999999999999	0.17159400000001312	0.24510392441860449	0.062
-0.6296250000000001	0.07388099999998587	0.2638457485465115	0.07325
-0.6546875000000001	0.10234374999998863	0.2678884447674419	0.0655
-0.6466875000000001	0.2926477499999862	0.2323708212209305	0.07325
-0.67075	0.08929400000000953	0.26546457122093037	0.06675
-0.6641250000000001	0.24803099999998324	0.2427056686046511	0.066
-0.64175	0.42879399999999634	0.25912718023255815	0.0645
-0.6487499999999999	0.6516500000000036	0.25418295784883727	0.06625
-0.6316250000000001	0.4569409999999863	0.23694876453488392	0.08
-0.6256875	0.5467197500000083	0.2532628997093023	0.07125
-0.6810624999999999	0.4310977500000064	0.2691382630813951	0.06475
-0.6718124999999999	0.25399975000001973	0.27162318313953493	0.0655
-0.6546875000000001	0.26184374999998283	0.24299563953488398	0.086
-0.66475	0.08462600000000009	0.25907103924418573	0.05925
-0.645	0.04014999999999702	0.23731340843023258	0.07275
-0.6638124999999999	0.4608397500000194	0.27497801598837196	0.05725
-0.6554374999999999	0.12895775000001208	0.27302834302325607	0.0505
-0.6470625000000001	0.10434774999997387	0.2898008720930234	0.0665
-0.6739375000000001	0.7967277499999881	0.26142296511627927	0.071
-0.6436249999999999	0.5482990000000143	0.2679456758720929	0.06325
-0.6468750000000001	0.44062499999999716	0.27545167151162775	0.0735
-0.672375	0.5628590000000031	0.2814974563953486	0.0625
-0.6544375	0.7585397499999971	0.2555047238372091	0.078
-0.6413125	0.43971975000000896	0.2603492005813953	0.074
-0.6372500000000001	0.3596459999999837	0.2657420058139536	0.055
-0.6656249999999999	0.44112500000001376	0.27609374999999997	0.0605
-0.645875	0.16336100000000897	0.26217187499999994	0.0585
-0.6678124999999999	0.2616937500000205	0.26068604651162786	0.0685
-0.6428750000000001	0.16155099999997447	0.25480159883720926	0.0795
-0.640125	0.43535899999999117	0.2639890988372094	0.069
-0.6421250000000001	0.2852309999999818	0.27939189680232546	0.06725
-0.6683125000000001	0.09743774999998323	0.26772710755813967	0.0635
-0.62375	0.11090000000000089	0.26032249273255836	0.06275
-0.6528750000000001	0.17152099999998427	0.2548735465116279	0.0715
-0.6285000000000001	0.3664659999999884	0.24736537063953515	0.07975
-0.6332500000000001	0.1601439999999883	0.25285356104651174	0.0705
-0.6443749999999999	0.6602250000000112	0.2649603924418607	0.0665
-0.6552500000000001	0.10893599999998571	0.2558742732558139	0.0715
-0.6355625	0.29735974999999826	0.26832013081395345	0.0735
-0.6583125000000001	0.5069777499999901	0.2553542877906977	0.058
-0.6419999999999999	0.23975400000001912	0.2550392441860466	0.069
-0.6311875	0.05904974999999979	0.25524037063953486	0.06275
-0.611375	0.4406189999999981	0.2465188953488375	0.0695
-0.6733125	0.4108677499999942	0.25929451308139506	0.05825
-0.627875	0.5672210000000035	0.23510810319767433	0.06525
-0.6251249999999999	0.5312490000000025	0.24557594476744182	0.0755
-0.6414375000000001	0.5704577499999743	0.262157703488372	0.068
-0.6208125	0.2783777500000042	0.2635247093023254	0.064
-0.6158125000000001	0.315847749999989	0.26618241279069765	0.0735
-0.6511875	0.20960974999999848	0.24741715116279067	0.071
-0.6281874999999999	0.22709975000000782	0.24329324127907	0.0685
-0.63975	0.15007599999998433	0.26663099563953474	0.07225
-0.642625	0.14811899999999412	0.26527979651162803	0.061
-0.6361874999999999	0.6827397500000103	0.2699618459302326	0.063
-0.6275625	0.30432975000000795	0.26383811773255805	0.06575
-0.6436249999999999	0.1942990000000151	0.26142678052325574	0.06775
-0.6263749999999999	0.24287900000000207	0.2632761627906976	0.0685
-0.6615625	0.0729437499999932	0.24991569767441868	0.064
-0.631375	0.34639900000000523	0.2727923328488376	0.06175
-0.6423749999999999	0.4101790000000136	0.2526502543604651	0.06375
-0.6351875	0.3491077500000017	0.25384120639534835	0.0585
-0.6460625	0.022107750000003534	0.26474073401162795	0.06775
-0.6085624999999999	0.605957750000016	0.22839571220930222	0.0705
-0.6543749999999999	0.38477500000001896	0.2625877543604651	0.07575
-0.6665625	-0.0030562500000002046	0.2632385537790697	0.06275
-0.6489375	0.39582775000000936	0.2586393531976745	0.06225
-0.6456875	0.1883597500000036	0.2640730377906979	0.0785
-0.668625	0.2346990000000062	0.2580926598837208	0.064
-0.659375	0.09962499999998897	0.2602663517441861	0.0655
-0.6421874999999999	0.8563437500000077	0.2509578488372093	0.0685
-0.6468125	0.4235497500000065	0.255156976744186	0.0675
-0.6452500000000001	0.5067559999999958	0.28063190406976746	0.06
-0.6545000000000001	0.15980399999997985	0.2518653706395346	0.05875
-0.6461250000000001	0.36618899999999144	0.2677418241279068	0.06025
-0.6438124999999999	0.2865997500000219	0.26602707122092967	0.06875
-0.6523749999999999	0.2297890000000109	0.2542200218023258	0.06275
-0.642625	0.22261899999999457	0.2443904433139535	0.06775
-0.6571875	0.37769375000000593	0.2636811409883721	0.05975
-0.6630625000000001	0.12702974999999128	0.27189080668604626	0.06225
-0.6476249999999999	0.21573900000001345	0.2505065406976747	0.0765
-0.6539375000000001	0.15240774999999473	0.25348528343023286	0.06275
-0.6379375	0.31928774999998666	0.2533015988372095	0.0775
-0.6223125	0.7220377499999842	0.26301071947674415	0.07875
-0.6559999999999999	0.15699600000002079	0.2582648982558138	0.066
-0.6610625000000001	0.25826774999997326	0.27579396802325595	0.0625
-0.6547499999999999	0.19610600000000034	0.23643477470930224	0.06175
-0.6521874999999999	0.2986937500000124	0.24692223837209337	0.067
-0.6441250000000001	0.2583409999999873	0.256287972383721	0.06875
-0.6410625000000001	0.24823774999998705	0.2591936773255815	0.064
-0.6659375000000001	0.29474374999998076	0.264116097383721	0.05625
-0.6439375	0.19654774999999347	0.24054287790697693	0.0715
-0.628625	0.2771589999999975	0.2611498909883719	0.06275
-0.6396250000000001	0.3058109999999914	0.27242060319767447	0.06625
-0.6291249999999999	0.5111610000000155	0.25135410610465114	0.06725
-0.6472500000000001	0.5600659999999777	0.2621936773255815	0.064
-0.6548125	0.4173677499999968	0.24134138808139532	0.07775
-0.6498124999999999	0.19709775000002594	0.2654607558139537	0.07
-0.645375	0.14643099999999265	0.26629469476744166	0.071
-0.6793125	0.3702097500000008	0.25708212209302356	0.0665
-0.6510625000000001	0.18177774999999485	0.2510793968023256	0.06825
-0.6356875	0.11018975000000353	0.25127180232558144	0.0635
-0.6345624999999999	0.08764775000001634	0.2400724927325582	0.08025
-0.6505624999999999	0.5024297500000188	0.26350345203488384	0.08025
-0.6481250000000001	0.4700249999999926	0.24970039970930236	0.06375
-0.6251875	0.24274774999999238	0.26733357558139526	0.064
-0.6484375	0.1800937499999975	0.2544740188953489	0.07425
-0.6449374999999999	0.6790597500000075	0.2577988735465115	0.06225
-0.6269374999999999	0.5032597500000122	0.25748164970930243	0.07525
-0.6588125	0.37257974999998567	0.2727569040697675	0.0695
-0.6486875000000001	0.3050897499999792	0.263991824127907	0.05775
-0.6660625	0.03258775000000469	0.26273601017441844	0.07125
-0.6447499999999999	0.7102860000000106	0.26634374999999977	0.0665
-0.6753125	0.4674937500000027	0.2569491279069769	0.0695
-0.657125	0.41920100000000105	0.27712063953488386	0.059
-0.6290625000000001	0.19019374999999172	0.25561700581395336	0.0685
-0.6478124999999999	0.2196937500000189	0.2768448401162793	0.0545
-0.6441874999999999	0.3309377500000039	0.26934484011627924	0.064
-0.64375	0.3197499999999991	0.25703579215116273	0.06825
-0.6818124999999999	0.3174297500000023	0.2755999273255814	0.0585
-0.6661250000000001	0.22950899999999308	0.2590786700581398	0.05875
-0.6621250000000001	0.1022909999999797	0.25738898982558145	0.05775
-0.6435	0.2535960000000017	0.25179560319767447	0.05775
-0.6546875000000001	0.5033437499999849	0.24967532703488388	0.06475
-0.64625	0.06435000000000457	0.2536335392441861	0.06675
-0.6855625000000001	-0.17949025000001484	0.24296620639534888	0.065
-0.6620625	0.5283377500000057	0.2548866279069766	0.0665
-0.6552500000000001	0.3486859999999865	0.2688395712209302	0.06925
-0.647875	0.21851100000000656	0.27386446220930216	0.0655
-0.6498124999999999	0.08934775000001594	0.2508602834302323	0.07775
-0.659375	-0.10362500000000807	0.26284502180232544	0.06425
-0.6405000000000001	0.40687399999998775	0.26692587209302326	0.082
-0.6635	0.17938600000000804	0.2587739825581393	0.0615
-0.6527499999999999	0.11996600000000512	0.2591887718023254	0.06475
-0.621	0.7624760000000066	0.2520109011627906	0.074
-0.6711875	0.5447197499999987	0.25918822674418596	0.062
-0.6291875	0.4588777499999992	0.2771931322674419	0.05925
-0.6530625000000001	0.30484974999998826	0.2766944040697672	0.072
-0.6507499999999999	0.3103140000000053	0.2674011627906976	0.073
-0.6633125	0.6150577500000054	0.2634691133720931	0.062
-0.657	0.2949639999999931	0.26948492005813957	0.06225
-0.6355	0.532194000000004	0.2626095566860465	0.06325
-0.6314375000000001	0.5865977499999815	0.2609209665697674	0.06475
-0.6214999999999999	0.7202160000000077	0.24765534156976748	0.07375
-0.6773125	0.4046077500000109	0.2551122819767442	0.067
-0.63825	0.39276399999999967	0.23147474563953505	0.07075
