-0.6874	0.4374959999998964	0.2693720868644066	0.03375
-0.69845	-0.3114610000000084	0.2795221133474574	0.014374999999999999
-0.686175	-0.3307022500000585	0.2698988347457626	0.03
-0.6957	0.1968539999999166	0.2706742584745763	0.027499999999999997
-0.6784250000000001	0.5730577499999754	0.2806238082627119	0.021875000000000002
-0.7036	0.22931600000003982	0.2789401483050849	0.025
-0.6957499999999999	-0.1527250000000322	0.2702591366525423	0.018125000000000002
-0.6922999999999999	0.45003399999995963	0.25978429555084714	0.046875
-0.692275	-0.07987025000011272	0.2692510593220343	0.027499999999999997
-0.6981999999999999	-0.5785459999999603	0.27476152012711874	0.029375
-0.6969749999999999	0.14583975000005012	0.2657141154661018	0.040625
-0.692625	-0.4680062499999167	0.273916445974576	0.035625000000000004
-0.6898250000000001	0.5645877499998733	0.27902873411016943	0.033125
-0.70275	-0.9560250000000678	0.2811849841101694	0.023125
-0.6997249999999999	1.4914697500000784	0.27543617584745766	0.036250000000000004
-0.6939249999999999	-0.045512250000001586	0.2810888506355931	0.024375
-0.7018249999999999	-0.12958224999999857	0.2764853019067796	0.023125
-0.6937	0.2508739999999534	0.27947643008474554	0.03875
-0.6945749999999999	-0.3565222500000118	0.2734408103813558	0.033125
-0.683475	-0.5144802499999059	0.2749433262711864	0.027499999999999997
-0.6948750000000001	0.052493750000053296	0.26766829978813533	0.021875000000000002
-0.693225	0.47763974999998027	0.27234917902542377	0.023125
-0.699225	0.11675975000002836	0.2808334216101695	0.036250000000000004
-0.7127000000000001	0.9349839999999858	0.27786573093220357	0.01875
-0.7020500000000001	-0.1679309999999532	0.2860630296610169	0.03
-0.6857500000000001	0.22527500000001055	0.2663584480932205	0.036875
-0.69825	-0.18347499999993033	0.27284216101694925	0.04
-0.7056499999999999	0.49723100000005616	0.2769288930084746	0.036875
-0.703975	-0.13682024999991427	0.2770181408898306	0.023125
-0.704	0.6533500000001595	0.28287738347457614	0.03125
-0.6967000000000001	0.21039399999995112	0.2725352224576272	0.026250000000000002
-0.692075	0.40037774999996145	0.27878932733050854	0.028124999999999997
-0.6923249999999999	0.2564377500000319	0.2707274894067795	0.03875
-0.6858	-0.5009059999999863	0.26684401483050874	0.03375
-0.7017500000000001	0.49452499999995325	0.2841275158898306	0.024375
-0.693525	0.6884797499999422	0.29901602224576257	0.025625000000000002
-0.6859500000000001	0.2570389999999634	0.2742163665254239	0.04625
-0.6951	-0.41260399999998754	0.27529912605932166	0.021875000000000002
-0.6979500000000001	0.000569000000041342	0.2735523040254241	0.026874999999999996
-0.681975	-0.23921025000004192	0.26939446504237297	0.029375
-0.7031499999999999	0.5322810000001255	0.2859598781779662	0.030625
-0.69465	-0.33619899999996505	0.2678265360169488	0.03375
-0.6953	0.005414000000087071	0.28326814088983066	0.035625000000000004
-0.7083249999999999	-0.09447224999996706	0.2724508739406781	0.018125000000000002
-0.6952500000000001	-0.0727750000000924	0.26823331567796604	0.02125
-0.7014749999999998	0.042629750000060085	0.27774907309321994	0.018125000000000002
-0.6919499999999998	0.11007900000004156	0.2704459745762711	0.04
-0.6954	0.16878599999995458	0.28236559851694903	0.023125
-0.7082250000000001	-0.26731025000003683	0.2658335540254238	0.024375
-0.688475	0.26536974999999074	0.27553032309322023	0.038125
-0.7050750000000001	0.17244774999983292	0.26517399364406746	0.028749999999999998
-0.70275	-0.1657750000000533	0.2662020656779659	0.03375
-0.6835249999999999	0.8449297500000057	0.27324020127118664	0.028749999999999998
-0.6972499999999999	0.40047499999991487	0.2783438824152541	0.033125
-0.702075	0.09802775000002839	0.2770722987288136	0.03125
-0.676425	-0.09506225000006907	0.271290386652542	0.035625000000000004
-0.6978249999999999	0.026107750000051055	0.2704894067796609	0.03
-0.6922250000000001	-0.5346802499999512	0.27628509004237317	0.035625000000000004
-0.6959	-0.2129739999999174	0.2720909692796611	0.031875
-0.6939500000000001	0.07885899999996582	0.27249841101694916	0.0375
-0.69645	0.4182090000000471	0.27851814088983035	0.040625
-0.6945000000000001	-0.4151000000000522	0.2680667372881359	0.015
-0.6861999999999999	-0.630926000000045	0.2667551641949152	0.034375
-0.6982250000000001	0.14898974999994152	0.29287261652542385	0.026250000000000002
-0.701875	-0.5891562500000873	0.2728589777542374	0.031875
-0.6834	-0.30397400000003927	0.266741128177966	0.040625
-0.7039	-0.17483400000003257	0.2775807733050847	0.03875
-0.7184250000000001	0.12170775000004141	0.2698912870762713	0.029375
-0.685575	0.02101774999994177	0.2691733315677967	0.028124999999999997
-0.6767749999999999	0.1967397500000061	0.2712656249999999	0.026250000000000002
-0.70895	-0.4057909999999083	0.2835711069915254	0.028124999999999997
-0.6925750000000002	0.4914477499999066	0.28477409957627087	0.02125
-0.6954499999999999	-0.1587809999999763	0.267928098516949	0.045625
-0.6917	-0.22455600000000686	0.28030773305084705	0.0425
-0.686175	0.26254774999995334	0.2839956302966104	0.029375
-0.707675	-0.2885622500000409	0.2708722192796611	0.029375
-0.704075	-0.056642249999868	0.2690536281779661	0.040625
-0.6996	0.9619359999999233	0.2733426906779659	0.0375
-0.701025	0.2178297500000781	0.2717685381355932	0.03
-0.7036250000000002	0.5634937499999069	0.2897518538135592	0.036250000000000004
-0.6910000000000001	0.3786000000000058	0.27323834745762715	0.025
-0.707875	-0.3320562499999369	0.2723066737288135	0.027499999999999997
-0.697425	0.281347750000009	0.27155309851694936	0.030625
-0.7046250000000001	0.2939437499999258	0.26572894597457647	0.030625
-0.7001250000000001	0.024743749999856846	0.2666051377118649	0.03125
-0.6871750000000001	-0.10704225000006318	0.2822545021186441	0.02375
-0.6968999999999999	-0.7795939999999746	0.2713893008474574	0.03
-0.6927749999999999	0.06986974999995255	0.26700794491525404	0.045
-0.695525	-0.06726024999989022	0.2721272510593219	0.035625000000000004
-0.6954	-0.52021400000001	0.2887521186440678	0.052500000000000005
-0.69825	-0.8077250000000049	0.2816077860169493	0.01875
-0.688275	0.01100975000008475	0.2702739671610168	0.030625
-0.7048749999999999	1.2064937500000497	0.2903437499999999	0.027499999999999997
-0.6953	0.5684140000000752	0.2905005296610169	0.035
-0.6884999999999999	0.29235000000005584	0.28082018008474574	0.01875
-0.70095	-0.2193609999999353	0.2713873146186443	0.030625
-0.697875	-0.7510562500000333	0.2849937764830507	0.023125
-0.7116750000000001	0.41847775000007914	0.27618246822033893	0.01625
-0.7050750000000001	-0.13105225000015253	0.268086069915254	0.028749999999999998
-0.702575	0.42309774999989713	0.27780746822033914	0.026250000000000002
-0.7063250000000001	0.5389977500000214	0.27795206567796615	0.02125
-0.6990000000000001	-0.21889999999996235	0.27673119703389815	0.03125
-0.6948750000000001	-0.26300624999998945	0.2552305349576271	0.035625000000000004
-0.701675	-0.47662224999999125	0.2714214777542376	0.031875
-0.7002999999999999	-0.35278600000003735	0.28653072033898297	0.035
-0.70245	-0.5644009999999753	0.2816755826271188	0.03125
-0.696625	-0.10655625000003965	0.27641366525423705	0.05
-0.6900499999999998	-0.09910099999990507	0.271478813559322	0.035
-0.6984249999999999	0.112757750000128	0.27426972987288134	0.035625000000000004
-0.69425	0.11502499999994598	0.2825805084745763	0.0225
-0.69885	0.36722099999997226	0.2751955773305086	0.033125
-0.7043250000000001	1.257267749999869	0.2828070709745765	0.021875000000000002
-0.6933500000000001	0.04131099999995058	0.2774280985169492	0.025625000000000002
-0.70705	0.062119000000166125	0.28303972457627113	0.0225
-0.6973499999999999	-0.19355900000005022	0.2769435911016949	0.043750000000000004
-0.6839249999999999	-0.5178622500000074	0.287743776483051	0.023125
-0.69865	0.2342710000000352	0.270003310381356	0.020625
-0.7075	-0.20824999999990723	0.27122603283898306	0.026874999999999996
-0.706925	0.4478177500000129	0.26795471398305065	0.02125
-0.6859500000000001	0.6952890000000025	0.28413201800847465	0.025625000000000002
-0.6998250000000001	0.3624877499999002	0.28721106991525397	0.028749999999999998
-0.7020250000000001	0.573359749999895	0.26502568855932224	0.03125
-0.7128000000000001	0.13046399999996083	0.26702966101694914	0.03
-0.7041	-0.22672400000010384	0.2843871822033897	0.0475
-0.7036250000000002	0.23449374999995598	0.260328125	0.026250000000000002
-0.6920249999999999	0.12755975000004582	0.27486957097457604	0.039375
-0.68655	0.01763899999991736	0.2830528336864405	0.041875
-0.6987749999999999	0.1191497500000196	0.2767067002118646	0.045625
-0.7032750000000001	0.16270974999997634	0.2792525158898303	0.024375
-0.68085	-0.22868900000003123	0.2742746292372882	0.03875
-0.6932750000000001	-0.22009025000011206	0.2638938029661017	0.026250000000000002
-0.70275	-0.21852499999999964	0.27909149894067786	0.021875000000000002
-0.688725	-0.37585024999998495	0.27743697033898274	0.0325
-0.7054750000000001	0.8107597499999883	0.2732654925847454	0.025625000000000002
-0.695575	0.20316775000003418	0.27071173199152515	0.036875
-0.6967000000000001	1.0758939999999484	0.27061215572033914	0.026874999999999996
-0.6913750000000001	-0.44575624999993124	0.27050728283898295	0.029375
-0.6859	-0.48252400000001217	0.2662055084745761	0.027499999999999997
-0.6857	0.15945399999998244	0.2624254502118642	0.025625000000000002
-0.7012499999999999	-0.03937499999994998	0.2628862552966104	0.030625
-0.6900499999999998	0.25089900000011767	0.2810912341101697	0.025625000000000002
-0.687225	0.2839697500000966	0.27614539194915244	0.026250000000000002
-0.6887000000000001	-0.17132600000013554	0.2718989671610169	0.028124999999999997
-0.6960000000000002	-0.06715000000008331	0.2824437235169494	0.021875000000000002
-0.689025	0.6355697500000588	0.27513387182203397	0.029375
-0.6950749999999999	0.2585477500000479	0.27983117055084733	0.025625000000000002
-0.69495	-0.1847010000000182	0.2878298463983052	0.024375
-0.679225	0.006609750000166059	0.2753315677966101	0.035
-0.6831	0.3920060000000376	0.27562632415254246	0.028749999999999998
-0.6946999999999999	-0.09123599999986709	0.2598168697033895	0.035625000000000004
-0.7013	0.5440740000000233	0.2658516949152544	0.035
-0.69425	0.6937749999998459	0.275329581567797	0.018125000000000002
-0.6965749999999999	0.76630775000001	0.27134030720339	0.03375
-0.696625	-0.4493062500000633	0.2975561440677966	0.0175
-0.709025	-0.06208024999989448	0.2901709480932203	0.024375
-0.69885	-0.22177900000008322	0.282429290254237	0.03125
-0.7017	-0.21915599999988444	0.2646689618644066	0.052500000000000005
-0.6919499999999998	-0.3711710000000039	0.28615333686440647	0.02375
-0.7032500000000002	0.8330249999999069	0.2863820180084744	0.023125
-0.7015750000000001	-0.5379922500000021	0.28138638771186436	0.03375
-0.6964000000000001	-0.30793400000004567	0.27214261122881334	0.033125
-0.6857	0.01345400000002428	0.27367968750000005	0.040625
-0.6945250000000001	0.42450975000008384	0.26787513241525407	0.040625
-0.7087249999999998	-0.40120024999998805	0.28156647245762706	0.02375
-0.698725	0.17034975000001396	0.28764194915254243	0.03
-0.70215	-0.37809900000002017	0.273106461864407	0.035
-0.705625	-0.4226562499999318	0.26100622351694913	0.019375
-0.696075	0.32383774999993875	0.27742942266949144	0.036875
-0.6946249999999998	-0.4798062499999105	0.2769149894067797	0.028749999999999998
-0.703025	-0.4506602500000554	0.26792108050847463	0.03
-0.68815	0.17758099999991828	0.28069292902542375	0.038125
-0.69085	0.3995109999999613	0.27050370762711856	0.025
-0.6981249999999999	-0.11190624999994725	0.2808655985169494	0.043125000000000004
-0.7089750000000001	0.09677974999999606	0.2772808527542373	0.035625000000000004
-0.70015	1.3049909999999727	0.28640002648305074	0.018125000000000002
-0.6941999999999999	0.21604400000001078	0.2773126324152545	0.028124999999999997
-0.6935499999999999	0.045109000000024935	0.2688445444915256	0.028749999999999998
-0.6968999999999999	0.7659059999999727	0.27682600635593246	0.028749999999999998
-0.6821249999999999	-0.016556249999894135	0.2730646186440677	0.0325
-0.6929500000000002	-0.43063100000017585	0.27613175317796634	0.029375
-0.7037499999999999	0.8223749999999654	0.26222192796610183	0.027499999999999997
-0.705525	0.24128975000007813	0.2825108580508474	0.03375
-0.6945000000000001	0.3648999999999205	0.28133381885593206	0.023125
-0.7017250000000002	-0.633690250000086	0.2660317796610168	0.0325
-0.690375	-0.09530625000002146	0.2800688559322034	0.0325
-0.6946999999999999	1.2645140000000765	0.2635014565677966	0.036875
-0.6913	0.16597400000000562	0.2676476430084746	0.031875
-0.7041249999999999	0.02519374999997126	0.2666185116525423	0.029375
-0.6940250000000001	0.20171974999993836	0.2826731991525424	0.03
-0.684075	0.1775577500000054	0.2790218485169493	0.035625000000000004
-0.7042999999999999	1.1463540000000876	0.2750475370762709	0.026874999999999996
-0.7029999999999998	0.0039000000000442014	0.27119835805084724	0.04125
-0.681425	-0.1652622499999552	0.2687521186440678	0.04
-0.704175	0.23277774999996836	0.2758350105932204	0.028749999999999998
-0.7080500000000001	-0.22567100000014761	0.27880495233050867	0.024375
-0.691975	0.30798974999993334	0.2688470603813559	0.035625000000000004
-0.695125	0.23374374999991687	0.2787420550847458	0.027499999999999997
-0.6890750000000001	0.3120077500000207	0.27337817796610153	0.0175
-0.684825	-0.46486225000001014	0.2786976959745764	0.028124999999999997
-0.697875	-0.09430625000004511	0.2605854078389832	0.045625
-0.685	-0.47249999999996817	0.27179647775423743	0.031875
-0.7035500000000001	0.1552089999998998	0.27838863877118636	0.021875000000000002
-0.6948000000000001	0.3231839999999693	0.280650556144068	0.025625000000000002
-0.6995499999999999	-0.2840810000000147	0.28524245233050866	0.029375
-0.6960500000000001	0.4495090000000346	0.276001191737288	0.040625
-0.6846749999999999	0.10155774999998357	0.2807059057203389	0.031875
-0.7121499999999998	-0.5632989999999154	0.26983196504237283	0.029375
-0.687975	0.07090975000005528	0.27892995233050827	0.026874999999999996
-0.695875	-0.45705625000005057	0.2625985169491527	0.027499999999999997
-0.711425	-0.2804622500000278	0.28476906779661004	0.025
-0.67875	-0.23987499999998363	0.2826481726694914	0.044375
-0.673325	-0.0501222500000722	0.2721990201271184	0.046875
-0.6942249999999999	-0.049340250000000196	0.2667568855932204	0.027499999999999997
-0.6924250000000001	0.03229774999988422	0.28225211864406785	0.025
-0.6933	-0.13945599999999558	0.27859123411016934	0.030625
-0.6949749999999999	-0.1248502500000086	0.27436957097457626	0.029375
-0.6880999999999999	-0.050644000000033884	0.2746244703389831	0.0325
-0.69625	-0.0016249999999899956	0.2752016684322033	0.031875
-0.6978249999999999	0.5788577499999974	0.26684176377118646	0.023125
-0.698175	-0.13208225000005314	0.27341432733050847	0.020625
-0.6981249999999999	0.007593750000069122	0.2622575476694912	0.025625000000000002
-0.6971750000000001	0.44380775000001904	0.2815230402542371	0.036250000000000004
-0.6893750000000001	-0.2206562500000473	0.27212433792372887	0.031875
-0.6982250000000001	-0.7182602500000712	0.2752118644067797	0.03
-0.7073499999999999	0.5081410000000233	0.2743105137711862	0.025625000000000002
-0.6967750000000001	0.817589749999911	0.2775202595338985	0.033125
-0.6893499999999999	0.1921310000000176	0.26397576800847444	0.043125000000000004
-0.70705	-0.2113809999998466	0.2689690148305085	0.03875
-0.701525	0.12256975000002512	0.2721109639830507	0.02125
-0.68065	0.09348100000011073	0.268461996822034	0.033125
-0.70705	-0.0531309999998939	0.29231316207627106	0.015625
-0.6912	0.4595239999999876	0.2694025423728814	0.035
-0.6966749999999999	-0.7684222499999578	0.27628906250000024	0.021875000000000002
-0.705125	0.08349375000000236	0.2727582097457626	0.03125
-0.69655	-0.2872610000000577	0.2850161546610171	0.028749999999999998
-0.7042999999999999	0.6823540000000321	0.2739974841101698	0.035625000000000004
-0.7087249999999998	0.04579975000001468	0.26792611228813557	0.04625
-0.7048999999999999	0.8071460000001025	0.2865541578389831	0.028124999999999997
-0.7073499999999999	0.7236410000000433	0.28979793432203377	0.026250000000000002
-0.7115	0.21735000000001037	0.2697020656779662	0.03125
-0.6872	-0.018035999999938213	0.26691340042372885	0.03375
-0.6973	0.20108399999992344	0.28315810381355944	0.03125
-0.69035	-0.879748999999947	0.2800148305084749	0.0375
-0.7036250000000002	-0.04850625000005948	0.27293829449152585	0.03375
-0.6974500000000001	0.753898999999933	0.28056978283898304	0.031875
-0.6928750000000001	0.43744374999994307	0.2783830773305083	0.028124999999999997
-0.68885	0.368520999999987	0.2801469809322032	0.03125
-0.7018499999999999	-0.4648690000000215	0.27769491525423723	0.0225
-0.70425	0.3460250000000542	0.2764974841101696	0.023125
-0.6925250000000001	-0.20185025000000678	0.2726463188559321	0.033125
-0.7000249999999999	0.3352497500000027	0.27862711864406775	0.0425
-0.7037249999999999	1.0536997499999643	0.2715014565677968	0.024375
-0.700375	-0.6683062500000005	0.27285659427966114	0.043125000000000004
-0.7014749999999998	-0.1353702499999372	0.2783373940677967	0.0175
-0.6907749999999999	-0.13454024999998637	0.28953667902542335	0.025625000000000002
-0.6852499999999999	0.17697500000008404	0.29037645656779665	0.041875
-0.69065	-0.4054689999999255	0.26365783898305056	0.027499999999999997
-0.6983999999999999	0.2412259999999833	0.2688865201271188	0.026874999999999996
-0.687225	-0.35353024999994886	0.27403561970339013	0.025625000000000002
-0.7033	-0.2808559999999716	0.2655239671610171	0.015625
-0.691525	0.6172697499999913	0.2742490730932203	0.043125000000000004
-0.702275	-0.1795702499999834	0.2764952330508472	0.02
-0.6984249999999999	-0.35849224999992657	0.2720381355932202	0.0225
-0.6952	-0.09846600000003036	0.2747554290254234	0.028124999999999997
-0.6881249999999999	0.06984375000001819	0.27630786546610164	0.035625000000000004
-0.70435	-0.8220690000000559	0.2744504766949153	0.026250000000000002
-0.6891750000000001	0.21962774999997237	0.27525529661016956	0.0225
-0.701325	0.34704775000011523	0.2757137182203389	0.036250000000000004
-0.7015	0.2260999999998603	0.2684958951271187	0.035625000000000004
-0.6892499999999999	-0.13922500000001037	0.26866287076271184	0.03125
-0.7095499999999999	-0.4994809999999461	0.27699404131355937	0.024375
-0.70085	0.22546100000010938	0.27583977754237277	0.02125
-0.697875	-0.6328062500000442	0.276053628177966	0.030625
-0.7052749999999999	0.7851197500000353	0.28225079449152535	0.03125
-0.704175	-0.04822225000009439	0.2771088453389826	0.028749999999999998
-0.6965249999999998	-0.7285802499999363	0.28317995233050836	0.021875000000000002
-0.6990500000000002	-0.17336100000011356	0.27268101165254244	0.034375
-0.6876250000000002	-0.19075625000004948	0.26127913135593217	0.035
-0.6871499999999999	-0.3017989999998463	0.28705031779661017	0.027499999999999997
-0.6984999999999999	-0.5673999999999069	0.26683527542372903	0.027499999999999997
-0.6916	0.06627600000001621	0.2709437235169488	0.031875
-0.7034750000000001	0.18216974999995728	0.2706030190677965	0.03375
-0.6892749999999999	0.4854897500000561	0.27687460275423753	0.025625000000000002
-0.6948750000000001	-0.4275062499999649	0.2742612552966097	0.035625000000000004
-0.6914	0.2179159999999456	0.27784692796610166	0.03
-0.6849000000000001	-0.02295400000002701	0.2634585540254238	0.041875
-0.68285	-0.09489900000005491	0.26775079449152517	0.03375
-0.703875	-0.48975625000002765	0.27654210805084745	0.02125
-0.703025	-0.543410250000079	0.2701910752118645	0.036875
-0.6885749999999999	-0.1854622500000005	0.2821628707627118	0.03375
-0.6984999999999999	0.2901000000000522	0.26342690677966074	0.035
-0.7102249999999999	0.13917975000003935	0.27917213983050837	0.0175
-0.69655	0.3004889999999705	0.2611992849576272	0.023125
-0.689325	-0.4323322500000586	0.28983064088983024	0.038125
-0.68655	0.4891389999999092	0.27516922669491517	0.04625
-0.7042999999999999	-0.7641459999999825	0.2697502648305086	0.03375
-0.71845	0.5868389999999408	0.2856081832627117	0.018125000000000002
-0.69505	0.47519899999997506	0.27179250529661025	0.033125
-0.699775	-0.19777025000007598	0.27368736758474593	0.021875000000000002
-0.6893499999999999	-0.18511899999998604	0.27713360699152534	0.043125000000000004
-0.7002999999999999	-0.7550360000000182	0.2648683792372881	0.026250000000000002
-0.70235	0.3377909999999247	0.2792469544491526	0.025625000000000002
-0.688175	-0.31443224999998165	0.2810903072033896	0.04125
-0.7016500000000001	0.11616100000003371	0.26846848516949157	0.028749999999999998
-0.69635	0.34092099999998027	0.27932627118644116	0.015
-0.7005000000000001	0.44839999999999236	0.27760209216101717	0.029375
-0.690375	-0.16655625000009877	0.267727092161017	0.029375
-0.70625	0.39387499999998	0.26501522775423714	0.036875
-0.7049749999999999	0.6638497499999403	0.27079740466101687	0.036250000000000004
-0.6951499999999999	-0.5796589999998787	0.26981091101694965	0.025
-0.7027749999999999	0.01066975000014736	0.27237976694915256	0.02
-0.7022999999999999	0.2703840000000355	0.2632905190677964	0.03875
-0.6906750000000001	0.449717749999877	0.2777925052966099	0.035625000000000004
-0.6916	-0.25797399999999016	0.2723779131355932	0.03375
-0.6906750000000001	-0.38903225000012753	0.27127529131355915	0.034375
-0.7026999999999999	0.0030840000000580403	0.27088228283898347	0.031875
-0.6972499999999999	-0.6040249999999787	0.2934077065677965	0.024375
-0.7093500000000001	0.17978099999993447	0.2631479078389833	0.043125000000000004
-0.705025	0.13164974999995138	0.28176072563559323	0.025625000000000002
-0.6908749999999999	0.38569375000008677	0.26963903601694894	0.03125
-0.693675	-0.4390022499999304	0.28475384004237286	0.030625
-0.69465	0.031300999999984924	0.281405852754237	0.023125
-0.6957499999999999	0.7137749999999414	0.28075781249999987	0.039375
-0.70285	0.7670010000000502	0.2751779661016949	0.027499999999999997
-0.707325	0.26703774999998586	0.2706557203389829	0.03
-0.7055750000000001	-0.7061822499999835	0.26741207627118635	0.03
-0.7006999999999999	0.4198039999999992	0.28473649364406783	0.01875
-0.6942249999999999	-0.399090249999972	0.2744214777542372	0.031875
-0.69855	0.053908999999976004	0.28189671610169476	0.0225
-0.7044250000000001	0.4746677499999805	0.2586067266949152	0.026250000000000002
-0.6916249999999999	-0.5398062499999696	0.2768596398305085	0.03
-0.68895	-0.2985909999999876	0.2787580773305083	0.030625
-0.69485	0.15714100000002418	0.27333209745762727	0.0325
-0.6911749999999999	-1.5726522500000328	0.2698469279661018	0.0425
-0.6987000000000001	-0.38492599999995036	0.2691476430084746	0.031875
-0.7019	0.14380599999992683	0.2743344809322035	0.01875
-0.6947749999999999	-0.5871702499999856	0.2845022510593221	0.033125
-0.692175	0.30650775000003705	0.27878204449152544	0.03375
-0.704375	0.016593750000083674	0.26604051906779635	0.02375
-0.70095	-0.21386099999995167	0.2724927171610172	0.045625
-0.701775	-0.05926024999996571	0.2909030720338983	0.015
-0.706	-0.3076500000000806	0.2757470868644068	0.013749999999999998
-0.688375	-0.3460562499999469	0.27910911016949125	0.0325
-0.6937500000000001	0.17762500000003456	0.29042266949152534	0.02
-0.7059500000000001	0.19333900000003723	0.2878989671610167	0.020625
-0.6896249999999999	0.46394374999999854	0.2845790519067796	0.025625000000000002
-0.702825	-0.1954422500000419	0.26838228283898324	0.029375
-0.701875	0.4313437499998827	0.2821489671610171	0.033125
-0.6992499999999999	0.22002499999996417	0.28302701271186437	0.035
-0.6941999999999999	-0.9207059999999956	0.26884679555084745	0.034375
-0.69685	-0.06546900000012101	0.27956991525423713	0.04
-0.6933500000000001	-0.1534390000000485	0.27937592690677987	0.029375
-0.7035	-0.2718999999999596	0.27195643538135594	0.026874999999999996
-0.698075	0.13476775000003727	0.28159361758474566	0.034375
-0.699025	0.45911975000012717	0.26203628177966104	0.03125
-0.697225	0.21341974999995728	0.27726814088983065	0.023125
-0.702175	-0.18989225000007082	0.2776675052966101	0.030625
-0.6833750000000001	0.5739437500000122	0.2726349311440674	0.029375
-0.6992	0.293493999999896	0.2745030455508477	0.021875000000000002
-0.7046749999999999	-0.24924224999995204	0.29168683792372885	0.029375
-0.70445	0.019329000000084307	0.27167545021186423	0.015625
-0.69455	-0.7936310000000049	0.28447947563559334	0.020625
-0.7025000000000001	-0.34350000000006276	0.26957759533898323	0.036250000000000004
-0.6976	0.2189459999999599	0.2689684851694916	0.03375
-0.7055750000000001	0.20231775000002017	0.2875042372881357	0.03
-0.701025	0.33807975000013357	0.2638867849576274	0.023125
-0.699125	-0.23405625000009422	0.2773738082627119	0.029375
-0.6926999999999999	-0.28006600000003345	0.27859692796610147	0.0325
-0.689775	-0.02507024999999885	0.27519729872881327	0.03375
-0.6903250000000001	0.025307750000024498	0.2863434851694915	0.026250000000000002
-0.7098499999999999	1.0529410000000325	0.2760259533898305	0.025
-0.69705	0.2152690000000348	0.28082481461864406	0.015625
-0.6933500000000001	-0.10343900000009398	0.26799443855932176	0.03125
-0.690525	-0.06866024999999354	0.2700961334745765	0.028749999999999998
-0.7113	0.5936740000000782	0.27532865466101686	0.03125
-0.70695	0.2134290000000192	0.2749723252118643	0.039375
-0.6998250000000001	-0.07351225000013528	0.2635549523305085	0.044375
-0.715725	0.22183975000007194	0.274055217161017	0.023125
-0.7035750000000001	-0.2786122500000374	0.27600198622881333	0.029375
-0.700825	-0.2947722500000509	0.27032772775423736	0.031875
-0.6854	-0.39751399999988735	0.2724065148305085	0.03375
-0.7044250000000001	1.0599177500000678	0.2704510063559321	0.026250000000000002
-0.686375	-0.2745062499999449	0.27200357521186425	0.036875
-0.707025	-0.0034902499999134307	0.27462579449152535	0.026250000000000002
-0.6952750000000001	-0.5244302499999094	0.26966432733050855	0.030625
-0.7058	0.5310439999999517	0.28095431673728855	0.021875000000000002
-0.6957	0.13085399999988567	0.2991019597457628	0.02375
-0.7069000000000001	0.40895599999987553	0.27554329978813547	0.021875000000000002
-0.7063250000000001	-0.055752249999954984	0.27645484639830503	0.029375
-0.70615	0.10637099999996735	0.28011493644067786	0.025
-0.6970750000000001	1.0650777499998867	0.2737898569915255	0.030625
-0.70095	-0.37986100000000533	0.277727092161017	0.029375
-0.6971750000000001	0.1110577499999863	0.2797445709745764	0.029375
-0.67195	-0.1627210000000332	0.2761223516949151	0.0375
-0.699875	-0.42000624999991487	0.27146610169491503	0.03
-0.7006749999999999	0.5748177499999656	0.2827764830508473	0.0325
-0.70065	-0.5369190000000117	0.27384573622881364	0.021875000000000002
-0.70225	0.25947499999995216	0.2828158103813555	0.033125
-0.69065	-0.02546899999993002	0.2785393273305083	0.028124999999999997
-0.69645	-0.6155409999998938	0.2640740201271188	0.029375
-0.7030749999999999	0.17496775000006437	0.26970696504237296	0.016875
-0.6881999999999999	1.343054000000052	0.26981660487288106	0.031875
-0.7058	0.04554399999994985	0.2819410752118645	0.026874999999999996
-0.7078500000000001	0.3851009999999633	0.28305746822033884	0.026250000000000002
-0.7018499999999999	-0.5756189999999606	0.2657910487288133	0.03375
-0.702	0.474399999999946	0.27904952330508503	0.028749999999999998
-0.6959500000000001	0.13068900000007488	0.28559004237288127	0.027499999999999997
-0.694275	0.03963974999999209	0.27254250529661017	0.030625
-0.6971500000000002	0.15275099999996655	0.27875026483050847	0.026250000000000002
-0.6997249999999999	-0.23728024999991248	0.27930111228813564	0.026250000000000002
-0.702825	-0.050442250000060085	0.2682478813559323	0.025
-0.703325	0.958577749999904	0.26563863877118643	0.026874999999999996
-0.6949749999999999	-0.13435025000001133	0.27138003177966113	0.03125
-0.6903250000000001	-0.3069422499999064	0.27460858050847464	0.0475
-0.70055	0.2616290000000845	0.27711586334745764	0.029375
-0.69035	0.14550100000008115	0.2704277012711865	0.043750000000000004
-0.69695	0.18477900000004865	0.2740096663135593	0.028124999999999997
-0.6921250000000001	0.4064437499998803	0.2559735169491526	0.035
-0.698725	-0.2356502499999351	0.2777112023305084	0.029375
-0.687975	0.18615975000000162	0.2742257680084747	0.038125
-0.68485	0.6406910000000607	0.2672734375000001	0.030625
-0.7015750000000001	0.21750774999998157	0.2777890625	0.039375
-0.7023999999999999	0.1346960000000763	0.26984732521186444	0.026874999999999996
-0.7002250000000001	0.9954797499999586	0.2787845603813559	0.023125
-0.6875	0.033249999999952706	0.2775814353813555	0.031875
-0.682375	-0.41525625000008404	0.27177727754237274	0.03375
-0.6991	-0.14507399999990866	0.2716003707627117	0.02375
-0.6959250000000001	-0.14964225000005626	0.2885888506355931	0.024375
-0.693975	0.3527297499999804	0.2902261652542373	0.03
-0.7147749999999999	-0.08257025000011708	0.26689433262711854	0.036250000000000004
-0.6979250000000001	-0.20697225000003527	0.27272219279661003	0.03125
-0.7066750000000002	0.16142774999991616	0.28319769597457656	0.043125000000000004
-0.6972749999999999	0.02102975000002516	0.27474006885593216	0.030625
-0.6920249999999999	0.07130975000006856	0.27918286546610144	0.045625
-0.6995	-0.6340999999998758	0.27915068855932224	0.036250000000000004
-0.691225	0.33869974999993246	0.2827774099576269	0.029375
-0.712675	0.49523775000011483	0.2804274364406777	0.027499999999999997
-0.7058249999999999	-0.35457224999993286	0.2730409163135593	0.028124999999999997
-0.6954499999999999	0.1989690000000337	0.27462354343220363	0.023125
-0.7054750000000001	-0.28099025000005895	0.28524602754237266	0.02375
-0.693125	-0.09515625000005912	0.27599854343220365	0.018125000000000002
-0.7005000000000001	-0.14809999999999945	0.27574867584745766	0.02375
-0.7012750000000001	-0.00965025000004971	0.26218313029661006	0.026874999999999996
-0.698825	0.010947749999900225	0.2690995762711863	0.025
-0.7089750000000001	0.1940297499999133	0.27943749999999984	0.027499999999999997
-0.6980999999999999	0.3470559999999523	0.2879239936440679	0.03375
-0.6888999999999998	0.49271600000008675	0.26791962394067814	0.020625
-0.6944750000000002	1.4907897499999763	0.27864062500000014	0.02375
-0.7131500000000002	-0.5821690000001354	0.2835022510593219	0.045625
-0.6883250000000001	-0.025522250000108215	0.26455097987288134	0.035625000000000004
-0.7017	-0.5064059999998562	0.283350238347458	0.025625000000000002
-0.6995499999999999	0.1001690000000508	0.2801853813559322	0.015
-0.6947749999999999	0.2545797500000617	0.2692838983050849	0.0475
-0.6994500000000001	0.0018790000000308282	0.27809242584745775	0.026250000000000002
-0.682925	0.44237774999999147	0.27160460805084746	0.04125
-0.7043250000000001	-0.040482250000081876	0.2725447563559322	0.03125
-0.686075	-0.3798122499999863	0.28327409957627114	0.01625
-0.6994	0.5988559999999552	0.2669013506355934	0.034375
-0.69075	0.5657750000000306	0.27058156779661	0.035
-0.71295	0.17841899999996258	0.2744037341101694	0.023125
-0.6975	0.36150000000009186	0.2655842161016949	0.0325
-0.6964999999999999	1.2536000000000058	0.28152846927966124	0.031875
-0.698075	-0.3592322499999909	0.26644981461864414	0.028124999999999997
-0.70045	0.2011689999999362	0.29452661546610165	0.028124999999999997
-0.6949749999999999	0.3598997500000678	0.2652419226694918	0.026874999999999996
-0.6965749999999999	-0.027192249999984597	0.2717693326271185	0.043750000000000004
-0.6907999999999999	-0.20010600000000522	0.28213347457627125	0.035
-0.711125	-0.629756250000014	0.28404118114406773	0.029375
-0.702075	0.3060277499999984	0.2887431144067797	0.027499999999999997
-0.7099500000000001	0.10839899999984937	0.27809123411016956	0.020625
-0.705875	0.601443750000044	0.2843291843220338	0.026250000000000002
-0.6960250000000001	0.6316797499999893	0.2851155985169491	0.038125
-0.7118499999999999	0.6958309999999983	0.2730139036016948	0.033125
-0.68885	0.4757710000000088	0.2793805614406779	0.03375
-0.7030749999999999	0.11071775000004891	0.28407044491525424	0.0325
-0.6985250000000001	-0.2711202500000809	0.2758328919491524	0.03375
-0.70495	-0.03255100000001221	0.2873152807203393	0.023125
-0.707775	-0.43318024999996396	0.2774467690677967	0.013749999999999998
-0.7105250000000001	-0.14631024999994224	0.26938426906779644	0.01875
-0.6938249999999999	-0.6270022499999186	0.26588042902542386	0.033125
-0.6967000000000001	-0.3091060000000425	0.2782345074152543	0.024375
-0.7054750000000001	0.4407597499999838	0.27508130296610134	0.04125
-0.6804999999999999	-0.26634999999998854	0.2866386387711862	0.031875
-0.6903250000000001	0.3910577500000727	0.2781573093220336	0.0325
-0.7	0.48225000000002183	0.27500609110169516	0.026250000000000002
-0.702825	-0.46444225000004735	0.2665279396186442	0.026874999999999996
-0.6876	-0.5260039999999435	0.28315942796610183	0.0225
-0.7198	0.5856840000000147	0.2759600105932203	0.02125
-0.7010999999999998	0.08526600000004692	0.2756671080508475	0.03125
-0.702475	-0.33545024999989437	0.279599973516949	0.021875000000000002
-0.690825	0.8965777499998921	0.2852556938559321	0.036875
-0.7032	0.5996539999999868	0.27777198093220334	0.026250000000000002
-0.69265	-0.38560900000015863	0.280677966101695	0.0225
-0.6994500000000001	0.2196289999999408	0.27146570444915274	0.035625000000000004
-0.6902250000000001	0.20452975000000606	0.27939645127118623	0.026250000000000002
-0.7044999999999999	-0.205600000000004	0.26451377118644076	0.035
-0.6922000000000001	-0.19108600000004117	0.2745125794491525	0.021875000000000002
-0.699025	0.06261975000006714	0.2790268802966103	0.036875
-0.68645	0.012559000000123888	0.2699809322033897	0.0475
-0.7013500000000001	-0.1394790000000512	0.2904443855932204	0.03
-0.69435	0.16048100000000431	0.2788588453389831	0.026250000000000002
-0.71035	-0.22759900000005473	0.27337327860169475	0.039375
-0.6961249999999999	-0.21850624999990487	0.28279819915254256	0.0375
-0.6980499999999998	0.3089790000001358	0.2773550052966104	0.040625
-0.6994	-0.4183940000000348	0.2814974841101696	0.028124999999999997
-0.6820249999999999	0.45900975000006383	0.2813751324152545	0.035625000000000004
-0.7037	0.3747739999998885	0.28039684851694896	0.028124999999999997
-0.6897	-0.2771860000000288	0.2819854343220341	0.03375
-0.693575	0.22723774999997204	0.2750419756355933	0.030625
-0.6862249999999999	0.1268497500001331	0.2838365995762712	0.026250000000000002
-0.6972499999999999	0.7267249999999876	0.27772100105932185	0.028124999999999997
-0.6777250000000001	-0.3637202500000285	0.272111096398305	0.051875000000000004
-0.69705	-0.13798099999996793	0.27168697033898315	0.0325
-0.6991749999999999	-0.20777225000006183	0.27420458156779665	0.030625
-0.698825	0.9921977499999457	0.27824271716101684	0.033125
-0.70275	-0.1930250000000342	0.2742488082627118	0.039375
-0.6840249999999999	-1.1430802499999118	0.2669144597457627	0.03375
-0.698825	-0.0963022500001216	0.2640301906779663	0.0475
-0.695025	-0.08990025000002788	0.2771393008474577	0.0375
-0.6955500000000001	-0.8316710000001422	0.2926620762711865	0.025
-0.6910500000000002	-0.11504100000001927	0.27777039194915243	0.036250000000000004
-0.6964000000000001	-0.6714340000000902	0.27396504237288144	0.0325
-0.692375	0.6034937499999842	0.277675847457627	0.04
-0.68235	0.28989100000012513	0.2769994703389831	0.0225
-0.6938499999999999	-0.4271290000000363	0.2784316737288135	0.04
-0.7055500000000001	-0.023321000000009917	0.27277740995762695	0.031875
-0.699025	-0.053380249999918306	0.27521411546610197	0.035625000000000004
-0.6865000000000001	0.1518500000000813	0.2782221927966106	0.03375
-0.692	0.3636500000000069	0.26871305614406765	0.040625
-0.69845	-0.22746100000006209	0.27825304555084734	0.021875000000000002
-0.6983000000000001	-0.041156000000114545	0.269833024364407	0.041875
-0.7055750000000001	-0.19893224999998438	0.27732825741525435	0.024375
-0.6958	-0.09830600000009326	0.28339658368644055	0.031875
-0.696075	-0.2156622500000367	0.27684759004237314	0.043125000000000004
-0.691525	-0.6634802500000205	0.2670346927966102	0.028749999999999998
-0.692625	0.09899375000009059	0.2791946504237288	0.026250000000000002
-0.693425	0.01695774999996047	0.2678222987288138	0.03375
-0.7167749999999999	-0.18356024999991405	0.28516167902542366	0.020625
-0.69275	-0.002274999999940519	0.2813951271186439	0.025
-0.6972749999999999	0.0665297500000861	0.2798315677966104	0.03
-0.68805	-0.14837099999999737	0.2764004237288135	0.0325
-0.6952	0.19103400000005877	0.2784028072033901	0.026250000000000002
-0.70305	0.5132790000000114	0.27463718220338995	0.027499999999999997
-0.7073750000000001	0.33149375000004966	0.26613440148305095	0.019375
-0.7049749999999999	-0.46990025000002333	0.2752988612288134	0.018125000000000002
-0.6877499999999999	0.49147500000003674	0.27848702330508485	0.03125
-0.70065	-0.7561689999999999	0.2743412341101693	0.030625
-0.693525	0.15022974999999406	0.27985685911016955	0.031875
-0.7017500000000001	-0.08922500000005584	0.2727338453389829	0.04125
-0.6885999999999999	-0.6537339999999858	0.26569094279661	0.03125
-0.710275	0.11651974999995218	0.2795177436440678	0.028749999999999998
-0.69055	-0.6124710000000277	0.2853832097457628	0.02375
-0.7071749999999999	-0.057092249999982414	0.29373079978813565	0.019375
-0.688075	-0.647882250000066	0.2818633474576272	0.03
-0.6917500000000001	0.2952749999999469	0.2739351165254239	0.03125
-0.706375	0.6202437499998723	0.28984335275423745	0.028124999999999997
-0.701025	-0.4749202499998546	0.2817582097457629	0.028749999999999998
-0.6882250000000001	0.4497897499999226	0.2731204978813559	0.036250000000000004
-0.6986000000000001	0.3587159999999585	0.2823072033898306	0.03
-0.6978	0.32831400000009126	0.2718494438559319	0.034375
-0.6875500000000001	-0.39750100000003386	0.2742342425847457	0.030625
-0.6921250000000001	0.20144374999995307	0.2845838188559319	0.020625
-0.6946749999999999	-0.5600922499999115	0.26671663135593215	0.035
-0.693575	0.40223774999992656	0.27901853813559324	0.04
-0.6951499999999999	-0.07765899999992598	0.2715762711864409	0.035
-0.6926000000000001	-0.05315399999994952	0.2799917902542374	0.03125
-0.6917500000000001	0.38202499999988504	0.2699373675847455	0.034375
-0.694825	-0.3664622499999268	0.2764986758474575	0.028749999999999998
-0.7029999999999998	0.6061499999999569	0.277441604872881	0.024375
-0.71865	0.7153710000000046	0.28155587923728836	0.028749999999999998
-0.6911499999999999	-0.6058289999999715	0.2802118644067798	0.0375
-0.6876250000000002	0.4067437499999187	0.28027211334745766	0.034375
-0.68835	-0.05528900000001613	0.284692796610169	0.0325
-0.69465	-0.12319899999999961	0.273412341101695	0.028749999999999998
-0.6958249999999999	-0.0017222499999434149	0.27524033368644063	0.031875
-0.695025	-0.49265025000011065	0.27733448093220364	0.028749999999999998
-0.6925750000000002	0.11194774999989932	0.2717049788135596	0.0425
-0.6931499999999999	0.22148100000003978	0.2907113347457625	0.03
-0.69425	-0.586725000000115	0.27967558262711856	0.02375
-0.696825	0.43221775000006346	0.2644762976694915	0.023125
-0.6892749999999999	0.7557397500000889	0.2864126059322035	0.0325
-0.69495	0.17854899999997542	0.28401046080508446	0.031875
-0.6809499999999999	0.08658900000000358	0.2699929819915256	0.036875
-0.6990500000000002	1.1976389999998673	0.278068458686441	0.033125
-0.6999	-0.28550399999994625	0.2779026747881358	0.030625
-0.7053499999999999	-0.9846989999999778	0.2762927701271183	0.034375
-0.6963250000000001	-0.38340225000013106	0.2760877913135594	0.029375
-0.6949999999999998	0.2540000000000191	0.27983209745762705	0.035
-0.6855499999999999	0.08447900000010122	0.2756455243644064	0.041875
-0.7029999999999998	0.5726500000000669	0.26921014300847457	0.026874999999999996
-0.7041499999999998	0.06686100000001716	0.2876046080508474	0.026250000000000002
-0.689225	0.16105974999993578	0.27220921610169513	0.0425
-0.695775	-0.24564025000006495	0.27252436440677985	0.0475
-0.7015	-0.5764000000001488	0.2812109374999997	0.045625
-0.6826750000000001	-0.29181225000002087	0.27576085805084743	0.03375
-0.6930499999999999	0.5551789999999528	0.27251191737288116	0.026250000000000002
-0.693125	0.7318437499999391	0.2768740730932202	0.018125000000000002
-0.705125	-0.230006249999974	0.2758376588983051	0.03125
-0.6982250000000001	0.18448975000001155	0.28483037605932215	0.026874999999999996
-0.6929500000000002	-0.6228810000001204	0.2846490995762715	0.01625
-0.7057249999999999	0.06638974999998482	0.26337897245762704	0.03875
-0.6949749999999999	0.8111497500000269	0.27480058262711854	0.03875
-0.6962999999999999	-0.974975999999856	0.2638204449152544	0.04
-0.6998	-0.30676599999992504	0.2859180349576272	0.038125
-0.688725	-0.848600250000004	0.27440293961864404	0.036875
-0.7025250000000001	-0.35280024999997295	0.28782706567796634	0.03375
-0.6871499999999999	0.3609510000001137	0.27230217161016923	0.05374999999999999
-0.7015499999999999	0.16253900000015165	0.28056104343220345	0.023125
-0.7046250000000001	0.6341937499998949	0.28129316737288146	0.02125
-0.7006000000000001	0.031105999999908818	0.2671031514830508	0.024375
-0.6876250000000002	-0.26625625000008313	0.27388903601694914	0.028749999999999998
-0.6912	-0.026476000000002387	0.2743915519067799	0.028124999999999997
-0.6914	-0.40058399999998073	0.26559480932203416	0.035
-0.6868750000000001	-0.04690625000012005	0.2745711069915253	0.035625000000000004
-0.6953749999999999	0.49644375000002583	0.2720365466101694	0.0325
-0.70845	0.7111889999999903	0.2684744438559323	0.029375
-0.692075	0.05412775000002057	0.27821980932203366	0.0325
-0.6827749999999999	-0.12918024999999034	0.2713320974576271	0.0425
-0.695125	0.1607437499999378	0.27775344279661	0.026250000000000002
-0.6885999999999999	0.19701600000007602	0.2709864936440674	0.036250000000000004
-0.689425	-0.7317322499999364	0.26784454449152556	0.02125
-0.706075	-0.24801224999998794	0.2844896716101694	0.028749999999999998
-0.6974750000000001	-0.12155025000004116	0.27238784427966106	0.025625000000000002
-0.69495	1.4222989999999527	0.2805124470338984	0.03375
-0.69875	0.28337499999997817	0.27339592161016957	0.02375
-0.683475	-0.3049802499999714	0.2810582627118643	0.035
-0.7005750000000002	0.23286774999985482	0.2786488347457627	0.0325
-0.7074750000000001	-0.6823502500000131	0.2652974046610171	0.01875
-0.6877499999999999	0.008225000000038563	0.27707322563559283	0.045625
-0.70025	-1.1730249999999387	0.2787832362288136	0.019375
-0.6872	-0.15328599999998005	0.28643432203389846	0.027499999999999997
-0.6853	-0.02818600000000515	0.2794254502118644	0.033125
-0.697425	0.2918477499999881	0.27433090572033886	0.034375
-0.6952	-0.3059660000000122	0.2851285752118644	0.026874999999999996
-0.693575	-0.19101225000008526	0.26737235169491524	0.035
-0.70665	0.08931100000006609	0.27536453919491555	0.030625
-0.6803750000000002	0.1091937499999176	0.27551072563559365	0.033125
-0.698725	0.12834975000009763	0.27003376588983014	0.034375
-0.6981249999999999	-0.5204062499999509	0.28233090572033903	0.024375
-0.69035	-0.3037489999999252	0.26774258474576274	0.035
-0.69235	-0.30615899999997964	0.2743344809322033	0.028749999999999998
-0.7075499999999999	0.022949000000039632	0.28197060381355904	0.026250000000000002
-0.710475	0.11810975000003054	0.2767668167372883	0.031875
-0.69235	0.16234099999996943	0.2786312235169492	0.036875
-0.6819999999999999	0.32215000000007876	0.27755654131355967	0.039375
-0.6993750000000001	-0.4994062500001064	0.2757010063559324	0.03125
-0.689575	-0.31297224999991613	0.26719345868644045	0.035625000000000004
-0.6971	-0.47086400000000594	0.26321583686440664	0.02375
-0.6878500000000001	0.5554509999999482	0.27713863877118655	0.031875
-0.701525	0.5843197499999633	0.27852502648305066	0.038125
-0.703225	0.4115897500000756	0.28133474576271167	0.0325
-0.7050000000000001	0.4554999999999154	0.282935381355932	0.027499999999999997
-0.69895	0.35930900000005295	0.2893987023305085	0.019375
-0.69875	1.2428749999999127	0.2712288135593223	0.0375
-0.6911749999999999	-0.04065224999999373	0.28255296610169467	0.027499999999999997
-0.6980249999999999	-0.6605602500000032	0.2742648305084745	0.035
-0.693675	-0.562252249999915	0.2857259004237289	0.028749999999999998
-0.699775	-0.04202025000006415	0.26588652012711866	0.036875
-0.7064249999999999	0.9229877500000612	0.28656753177966104	0.028749999999999998
-0.70905	0.3962389999999232	0.268708818855932	0.023125
-0.6930000000000001	0.22215000000005602	0.29202568855932176	0.02375
-0.6918500000000001	1.1036809999999377	0.28424099576271183	0.03
-0.7042249999999999	0.3298597500000824	0.27449020127118684	0.03375
-0.6900999999999999	0.29129600000010214	0.26849192266949157	0.029375
-0.6954499999999999	-0.4780309999999872	0.2617029925847456	0.033125
-0.7037	0.023773999999889384	0.26502039194915233	0.028749999999999998
-0.7026249999999998	0.11049375000015971	0.2734589512711865	0.026250000000000002
-0.7019500000000001	-0.13402100000007522	0.2763497086864406	0.028124999999999997
-0.697875	0.01644375000000764	0.26780097987288126	0.050625
-0.6959500000000001	-0.3750609999999597	0.27838479872881366	0.03125
-0.6914500000000001	0.5005089999999655	0.2716702860169491	0.03125
-0.6960000000000002	0.31234999999992397	0.2670626324152541	0.033125
-0.6971	0.2061359999999013	0.28160288665254246	0.038125
-0.690625	-0.36065625000003365	0.2659245233050847	0.043750000000000004
-0.69815	-0.45661900000004607	0.28535950741525407	0.024375
-0.6926000000000001	0.9360960000000205	0.27134851694915274	0.025
-0.6935	0.2320999999999458	0.2738212394067796	0.036250000000000004
-0.7051500000000002	0.15939100000002782	0.27232852224576254	0.025625000000000002
-0.68855	0.005558999999948355	0.28191445974576274	0.028749999999999998
-0.699875	0.5854937500000688	0.2775066207627117	0.04125
-0.6960250000000001	-0.18807025000000976	0.27859759004237283	0.025625000000000002
-0.709975	0.4784497499999816	0.2823581832627118	0.025625000000000002
-0.6891	1.336975999999936	0.27519584216101706	0.034375
-0.709875	0.0649937499998714	0.27955256885593227	0.030625
-0.6990000000000001	0.2568499999999858	0.2738939353813558	0.039375
-0.7015	0.08984999999984211	0.272136520127119	0.039375
-0.6957249999999999	-0.19631025000001046	0.25397139830508486	0.0375
-0.6976249999999999	-0.7392562500000395	0.27306157309322016	0.040625
-0.6975	-0.24899999999990996	0.2717149099576271	0.036875
-0.6930499999999999	-0.1960710000000745	0.2784933792372877	0.028749999999999998
-0.6997	-0.24703599999998005	0.28367809851694925	0.025625000000000002
-0.6911499999999999	-0.0060789999999997235	0.28223172669491514	0.04125
-0.694275	0.09563974999991842	0.27894518008474545	0.026250000000000002
-0.6991749999999999	0.3657277500000191	0.2684335275423729	0.03125
-0.6928750000000001	-0.1885562500000333	0.2806565148305085	0.028749999999999998
-0.6884250000000001	-0.41584224999996877	0.2578511652542371	0.0325
-0.6881999999999999	0.5398040000000037	0.2727767478813558	0.02375
-0.6937250000000001	0.24199974999987717	0.2692930349576273	0.023125
-0.69685	-0.359719000000041	0.2873013771186442	0.027499999999999997
-0.693575	-0.24126225000009072	0.2745223781779664	0.028124999999999997
-0.7115500000000001	-0.35886100000016086	0.2743224311440675	0.019375
-0.6978500000000001	1.1651510000000371	0.28143710275423717	0.033125
-0.6944250000000001	0.27256775000000744	0.2797284163135592	0.030625
-0.690525	-0.42191024999999627	0.2799619968220335	0.023125
-0.7095750000000001	-0.1921722499999987	0.2819480932203393	0.0225
-0.69825	-0.13422499999990123	0.2724539194915258	0.0375
-0.7118	-0.45544600000005175	0.2758837394067798	0.036250000000000004
-0.6968749999999999	-0.3881562499999518	0.2776692266949151	0.036250000000000004
-0.7085000000000001	0.0153499999998985	0.27400622351694903	0.031875
-0.69705	0.09826900000007299	0.29143829449152564	0.03375
-0.6951750000000001	-0.26631225000005543	0.2741128177966099	0.025
-0.7076499999999999	0.7118410000000495	0.2762975370762715	0.034375
-0.695325	-0.25349225000002207	0.28243591101694876	0.035
-0.7003999999999999	-0.7755639999999175	0.26842968750000007	0.040625
-0.6937	0.1996239999999716	0.2904136652542376	0.03
-0.702075	0.6682777500000157	0.27961930614406777	0.033125
-0.6842000000000001	-0.6398560000001225	0.2762537076271186	0.0375
-0.70085	0.8814610000000584	0.2654638506355934	0.041875
-0.71225	0.7132249999999658	0.2781046080508477	0.026250000000000002
-0.6967000000000001	0.34414399999991474	0.28506898834745736	0.030625
-0.690075	0.7953477499999053	0.26899417372881346	0.045
-0.7019500000000001	0.030728999999951156	0.27270286016949163	0.03
-0.6975	0.3577500000001237	0.2794576271186441	0.0325
-0.70435	0.28068099999995866	0.2635703125	0.034375
-0.6852499999999999	0.16422500000010132	0.2640097987288137	0.04625
-0.6893750000000001	-0.6251562500000318	0.28766975635593206	0.03875
-0.7097	0.011864000000059605	0.26976403601694887	0.02375
-0.68875	-0.12112499999989268	0.2773666578389826	0.028124999999999997
-0.688175	-0.23543225000003076	0.2676889565677966	0.024375
-0.6898	-0.7998660000000655	0.2717607256355933	0.040625
-0.710825	1.173127749999935	0.2741475105932202	0.028749999999999998
-0.70685	0.31423100000006343	0.27291432733050874	0.033125
-0.7073499999999999	0.4106410000000551	0.2762501324152542	0.030625
-0.706375	-0.6667562500000486	0.25983395127118675	0.026250000000000002
-0.6954499999999999	0.3749689999999646	0.26230045021186454	0.035625000000000004
-0.6936500000000001	0.5116209999998773	0.27428151483050844	0.02375
-0.694725	0.616869749999978	0.28023119703389826	0.036250000000000004
-0.700375	0.3526937499999576	0.27578522245762704	0.02375
-0.69425	-0.19772500000010496	0.2674229343220339	0.028749999999999998
-0.6959250000000001	0.6321077499999319	0.27952304025423713	0.03375
-0.6972499999999999	0.10297500000001492	0.2779209480932203	0.039375
-0.696275	-0.34605024999996203	0.2821019597457626	0.03375
-0.6971	-0.6093640000000278	0.2915789194915252	0.0425
-0.688175	0.22281774999999016	0.2748830773305082	0.033125
-0.694	0.9506000000000085	0.28879237288135606	0.027499999999999997
-0.6915749999999998	0.2093577500000947	0.28584586864406786	0.025
-0.7055750000000001	-0.07768224999995255	0.27545987817796613	0.040625
-0.7017250000000002	0.5508097499999849	0.2727134533898305	0.04
-0.6994500000000001	0.6088790000000017	0.2701467161016951	0.025
-0.6816499999999999	0.6430610000001025	0.2799324682203388	0.03875
-0.7053750000000001	-0.40180625000016335	0.27644994703389836	0.036250000000000004
-0.698475	1.0128197500000624	0.26208686440677975	0.027499999999999997
-0.68805	-0.44287099999996826	0.28338069385593184	0.034375
-0.6920999999999999	-0.09246399999994992	0.2857579449152544	0.03
-0.6941000000000002	-0.5024240000001328	0.2767199417372881	0.020625
-0.6945000000000001	0.5151499999999487	0.27001747881355903	0.0325
-0.7040250000000001	-0.693230250000056	0.26487817796610136	0.025
-0.6945749999999999	0.1562277499999709	0.2745895127118644	0.03
-0.69475	0.04747500000007676	0.27462725105932184	0.035625000000000004
-0.6800250000000001	-0.6701002500000186	0.2717000794491525	0.034375
-0.689125	-0.4593062499999405	0.2727146451271185	0.050625
-0.708375	0.1404437499999176	0.27001814088983034	0.018125000000000002
-0.701975	0.23793974999989587	0.29848728813559333	0.025
-0.6795500000000001	-0.6082810000000336	0.2762027277542373	0.039375
-0.703525	-0.1157202499999812	0.27151946504237295	0.039375
-0.710275	0.14701975000002676	0.26800662076271176	0.028749999999999998
-0.7012750000000001	0.019599749999997584	0.28375940148305073	0.026874999999999996
-0.698825	0.5241977499999848	0.27684613347457643	0.03375
-0.6870749999999999	0.14042775000007168	0.2782035222457626	0.043125000000000004
-0.691325	-0.24710225000001174	0.26872828389830516	0.0425
-0.6957499999999999	0.5225249999999733	0.2822429819915255	0.031875
-0.70855	0.36900900000000547	0.2685858050847459	0.0375
-0.6772	-0.5791860000000497	0.28041962394067815	0.025625000000000002
-0.6877249999999999	-0.28077025000004596	0.2612849576271188	0.0425
-0.683975	0.41252974999986236	0.27121557203389834	0.025
-0.6956500000000001	0.09968099999991864	0.2823620233050845	0.036250000000000004
-0.6940250000000001	0.10021974999995109	0.29105879237288174	0.03
-0.7003249999999999	-0.4475422499999695	0.2562358315677968	0.048125
-0.701225	0.3451497500000187	0.27170802436440705	0.026874999999999996
-0.7075	0.0025000000001682565	0.2744472987288135	0.036250000000000004
-0.7000249999999999	-0.29800024999997277	0.28501933262711865	0.026250000000000002
-0.6868000000000001	-0.5926960000000463	0.26655985169491536	0.045
-0.6891500000000002	-0.37683900000001813	0.2778789724576272	0.01875
-0.6868000000000001	0.6053039999999328	0.26988016419491534	0.034375
-0.6867000000000001	-0.06300600000008671	0.266247086864407	0.03375
-0.7073750000000001	-0.13725624999995034	0.273109375	0.02375
-0.6991749999999999	0.15847774999997455	0.28079197563559305	0.025625000000000002
-0.6996	0.8354359999998451	0.27388943326271203	0.023125
-0.6943250000000001	-0.11938225000005787	0.2793961864406782	0.03
-0.7016	0.6279759999999897	0.26694544491525385	0.0325
-0.6847749999999999	-0.012970249999966654	0.2620998411016948	0.02375
-0.69635	-0.014579000000026099	0.27233315677966086	0.027499999999999997
-0.7114750000000001	-0.43667025000002013	0.26879965572033904	0.029375
-0.69095	-0.015510999999946762	0.26631223516949165	0.026250000000000002
-0.7099500000000001	-0.31660100000010516	0.2730671345338984	0.034375
-0.7077500000000001	-0.10427500000002965	0.28029899364406785	0.02125
-0.7027749999999999	0.4584197500000755	0.28071875000000013	0.0425
-0.6877499999999999	-0.25977499999987685	0.27727290783898295	0.030625
-0.692925	1.0444777500000555	0.2712210010593222	0.028124999999999997
-0.703225	0.7798397500000647	0.2742416578389828	0.035625000000000004
-0.68035	-0.1276990000000069	0.28393776483050837	0.043750000000000004
-0.699675	-0.7802922500001159	0.2787096133474576	0.026874999999999996
-0.7004250000000001	-0.16557225000008202	0.2777168961864408	0.03125
-0.7010000000000001	-0.19289999999989504	0.28420074152542385	0.0225
-0.683325	0.16952775000004294	0.2805011917372878	0.040625
-0.6962999999999999	0.29227400000013404	0.2699380296610169	0.035
-0.699525	0.6929097500000125	0.2707758209745763	0.034375
-0.6880000000000002	-0.4488500000001068	0.2639819915254236	0.0375
-0.68405	-0.06976099999997132	0.2852408633474579	0.029375
-0.679875	-0.06500625000001037	0.2839829184322035	0.021875000000000002
-0.6880250000000001	-0.3658602499999688	0.2768144862288137	0.021875000000000002
-0.6830500000000002	0.7625789999999597	0.27855071504237305	0.029375
-0.6927749999999999	0.8051197500000171	0.27762698622881343	0.031875
-0.69265	0.5686409999998432	0.2729956302966105	0.029375
-0.698375	0.5521937500000149	0.26767650953389843	0.035625000000000004
-0.6961249999999999	0.10649375000002692	0.28512460275423746	0.028124999999999997
-0.697225	-0.021330250000119122	0.26828826800847466	0.035625000000000004
-0.7033	0.07739400000002661	0.27631554555084736	0.034375
-0.698625	0.4744937499999651	0.2824308792372882	0.02375
-0.6874	-0.1517540000000963	0.2690181408898305	0.035625000000000004
-0.7055	0.010150000000066939	0.2838638771186442	0.0175
-0.7066000000000001	-0.8574240000000373	0.27675132415254255	0.026250000000000002
-0.6941250000000001	0.21869375000005675	0.27720656779661	0.025
-0.6953499999999999	-0.8993990000000167	0.2682145127118639	0.03
-0.6991749999999999	-0.3280222500000036	0.2817319915254238	0.025
-0.7022249999999999	0.20026975000007496	0.27546424788135593	0.026250000000000002
-0.7014	-0.12178399999993417	0.2558524894067798	0.03875
-0.6968000000000001	0.7631539999999859	0.2859141949152545	0.0175
-0.68445	-0.4059710000000223	0.2734711334745763	0.03875
-0.7060249999999999	0.23872974999994767	0.28074920550847493	0.01875
-0.7051000000000001	0.06359599999996135	0.2823850635593222	0.03
-0.6970000000000001	0.3416499999999587	0.27788400423728843	0.03
-0.703425	-0.21244224999998096	0.2749496822033898	0.027499999999999997
-0.6960999999999999	-0.37558400000011716	0.26692690677966086	0.035
-0.691775	0.36168975000009596	0.2778123675847459	0.026874999999999996
-0.6921250000000001	0.634943749999934	0.26661202330508493	0.03125
-0.6944750000000002	0.16353974999992715	0.2754445180084747	0.033125
-0.7094499999999999	-0.08472100000005867	0.2803332891949152	0.033125
-0.695325	-0.6964922500000057	0.26675940148305083	0.029375
-0.6801999999999999	-0.09131600000000617	0.2629257150423728	0.024375
-0.692725	-0.24867025000014564	0.27701310911016974	0.036875
-0.6834	-0.07297400000004473	0.2784605402542373	0.01625
-0.690375	-0.09480625000003329	0.28694610699152545	0.013125000000000001
-0.692475	-0.25715024999999514	0.2810376059322034	0.03
-0.6865000000000001	-0.5883999999999787	0.280476430084746	0.03125
-0.7006000000000001	-0.13339400000006663	0.27203707627118656	0.0325
-0.7036500000000001	-0.6423290000000179	0.27558222987288117	0.025625000000000002
-0.70465	0.21135100000003604	0.2731912076271189	0.035
-0.7022249999999999	-0.06998024999995778	0.27153389830508456	0.03
-0.7014	-0.0007839999999532665	0.2708793697033899	0.028124999999999997
-0.6911749999999999	0.8153477500000008	0.2680558792372884	0.03875
-0.696175	0.24014775000000554	0.26338453389830524	0.0325
-0.6968749999999999	0.20934375000001637	0.2793806938559325	0.021875000000000002
-0.7063000000000001	-0.025626000000102067	0.2761673728813557	0.03
-0.69895	1.001559000000043	0.2806922669491525	0.03
-0.6941999999999999	0.03679399999998623	0.2790484639830507	0.036250000000000004
-0.6839999999999999	-0.23614999999995234	0.2796790254237289	0.0325
-0.704725	0.5270697500000097	0.28475979872881324	0.026250000000000002
-0.707675	0.37918774999991456	0.27780455508474594	0.0175
-0.696475	0.43827974999987873	0.27295352224576275	0.030625
-0.698075	0.3192677499999945	0.2877281514830508	0.021875000000000002
-0.6994500000000001	-0.3063710000000128	0.2809717955508479	0.029375
-0.6878	-0.1402859999999464	0.27890121822033875	0.04125
-0.6947749999999999	0.6790797500000281	0.2706167902542371	0.02125
-0.6968000000000001	-1.0655960000000277	0.27891657838983036	0.03125
-0.6968999999999999	-0.1825939999999946	0.27280865995762704	0.024375
-0.6964999999999999	-0.029649999999946886	0.27099496822033897	0.026250000000000002
-0.700075	0.09774774999993951	0.2777688029661016	0.03125
-0.6929750000000001	-0.1397402500000453	0.2891844544491525	0.040625
-0.6989750000000001	0.03432974999986982	0.28508448093220345	0.02125
-0.6916499999999999	-0.059138999999959196	0.27433302436440693	0.044375
-0.7047750000000002	0.49512974999993276	0.27766498940677997	0.03125
-0.698175	0.500167749999946	0.2774545815677968	0.040625
-0.6975250000000002	-0.34345025000004625	0.28568154131355944	0.029375
-0.6988749999999999	0.31024375000004056	0.2787784692796609	0.026874999999999996
-0.7044000000000001	0.33225599999991573	0.27226297669491506	0.02125
-0.6964000000000001	0.0455659999998943	0.27302621822033885	0.03125
-0.7004250000000001	-0.14307225000015933	0.2852681408898303	0.023125
-0.6945000000000001	-0.494350000000054	0.2782466896186439	0.034375
-0.6955	0.602649999999926	0.2728436175847459	0.036875
-0.700825	-0.11902225000005728	0.28316498940678	0.026250000000000002
-0.6992749999999999	-0.5387102499998946	0.27801390360169476	0.018125000000000002
-0.695875	0.16094375000000127	0.275330905720339	0.029375
-0.6960999999999999	-0.20183400000007623	0.2763763241525425	0.026250000000000002
-0.7027749999999999	-0.34708024999986264	0.2715688559322035	0.0375
-0.6941250000000001	-0.06130624999991596	0.27918418961864405	0.029375
-0.700075	-0.42675225000004957	0.2685828919491526	0.02125
-0.6952500000000001	0.5332249999999021	0.2850811705508475	0.033125
-0.688075	-0.17438225000012153	0.27987274894067793	0.036875
-0.70495	-0.36730099999999766	0.27764737817796614	0.020625
-0.6907749999999999	1.1504597499999818	0.2742394067796609	0.045
-0.6809749999999999	-0.18903024999997342	0.2665971927966103	0.028749999999999998
-0.7026249999999998	-0.26350624999986394	0.2657948887711864	0.031875
-0.6880999999999999	0.044605999999930646	0.2719279661016947	0.0375
-0.704925	1.409297749999837	0.27528932733050865	0.030625
-0.7047000000000001	-0.6330860000000484	0.26654316737288114	0.036250000000000004
-0.6957499999999999	-0.27547500000002856	0.2617591366525421	0.030625
-0.6869749999999999	-0.502110249999987	0.28620511122881354	0.025625000000000002
-0.6931749999999999	-0.39788224999995236	0.26460977224576276	0.040625
-0.69705	-0.7007309999999052	0.2740188029661017	0.036250000000000004
-0.6945250000000001	0.48100974999999835	0.26004608050847466	0.027499999999999997
-0.6990750000000001	-0.14384225000003426	0.2835590572033894	0.02125
-0.715525	0.05608974999995553	0.26705627648305064	0.033125
-0.6977	-0.09936600000003182	0.27323847987288113	0.028124999999999997
-0.699975	0.478499749999969	0.2835218485169494	0.035625000000000004
-0.6893	0.19995399999993424	0.25817968750000037	0.033125
-0.7115500000000001	-0.10461100000009083	0.2786322828389829	0.034375
-0.701025	0.006579750000128115	0.28602317266949095	0.031875
-0.6923249999999999	0.25568775000010646	0.28214155190677953	0.040625
-0.693325	-0.37832224999988284	0.26016287076271183	0.05374999999999999
-0.6920999999999999	-0.04696399999988898	0.27573516949152554	0.03
-0.7042999999999999	0.45785399999999754	0.2766955773305085	0.033125
-0.6830750000000001	-0.4780822500000568	0.28209467690677953	0.029375
-0.6978500000000001	0.0659010000000535	0.28074576271186424	0.035
-0.7013750000000001	-0.04000624999991942	0.27793445444915255	0.025625000000000002
-0.6970750000000001	0.8423277499999813	0.289023040254237	0.036250000000000004
-0.693675	-0.6415022499999168	0.28268551377118645	0.028124999999999997
-0.7097	0.3948640000000978	0.2804606726694917	0.031875
-0.6918250000000001	-0.22723225000004277	0.2822490730932205	0.030625
-0.6946249999999998	0.10044375000006767	0.2756742584745761	0.0425
-0.7	0.1330000000000382	0.27827635063559303	0.026874999999999996
-0.6862999999999999	0.38117400000010093	0.276743908898305	0.036250000000000004
-0.6935499999999999	0.21060900000009042	0.2828144862288138	0.026874999999999996
-0.6946999999999999	0.6845140000000356	0.28037552966101686	0.035
-0.6898250000000001	1.1275877499999751	0.2714296874999999	0.033125
-0.7012499999999999	-0.5063749999999345	0.28737725105932194	0.020625
-0.6927749999999999	-0.27638024999998834	0.27553217690677984	0.024375
-0.6919499999999998	0.2413290000000643	0.28080680614406783	0.033125
-0.7090999999999998	0.2796260000000075	0.2849751059322034	0.0225
-0.6873	-0.4002659999998741	0.26823066737288115	0.04125
-0.6858499999999998	0.006161000000133754	0.2839692796610168	0.0225
-0.6938499999999999	0.7771209999999655	0.27743670550847466	0.03875
-0.697325	0.25913774999992256	0.2845362817796609	0.028749999999999998
-0.69645	0.4367090000000644	0.2690041048728814	0.031875
-0.69215	0.18810100000007424	0.29030627648305074	0.023125
-0.7058249999999999	-0.5140722499999129	0.275090439618644	0.024375
-0.6986000000000001	-0.10153400000001511	0.2743144862288135	0.031875
-0.698175	0.5694177499999569	0.27343816207627103	0.025625000000000002
-0.6958500000000001	0.7696109999999408	0.2734584216101695	0.03125
-0.6945250000000001	0.17050975000006474	0.28385341631355937	0.030625
-0.6918	0.08760400000005575	0.27485116525423714	0.04
-0.6882250000000001	-0.3619602500000383	0.2844627913135592	0.026874999999999996
-0.6938499999999999	0.27937099999996917	0.2831330773305089	0.018125000000000002
-0.6865999999999999	-0.6483240000000023	0.2744471663135591	0.035625000000000004
-0.6981999999999999	-0.6382959999999684	0.27334732521186444	0.031875
-0.692725	-0.7784202500000674	0.27538241525423734	0.035
-0.6922999999999999	0.054533999999989646	0.27083408368644046	0.039375
-0.7039	-0.3078339999999571	0.2833162076271188	0.0225
-0.6973750000000001	0.9602437500000178	0.28427568855932234	0.026250000000000002
-0.6927749999999999	0.01011974999994436	0.27636003707627105	0.029375
-0.6998250000000001	0.15798774999984744	0.2721165254237288	0.03
-0.70035	-0.2787990000000491	0.264973781779661	0.02125
-0.68645	0.5478090000000293	0.2746416843220339	0.04625
-0.714375	0.4468437499999709	0.27612870762711866	0.027499999999999997
-0.699125	0.1644437499999185	0.2891550582627117	0.029375
-0.7054	0.08958599999994021	0.2789373675847457	0.024375
-0.698075	0.56776775000003	0.2707701271186441	0.0325
-0.70645	0.26735899999994217	0.2778293167372879	0.021875000000000002
-0.6922000000000001	0.6236639999999625	0.27506183792372874	0.029375
-0.686075	0.06568775000005189	0.2783453389830508	0.0325
-0.6876250000000002	-0.11200625000003583	0.27304965572033874	0.036875
-0.696625	-0.3315562500000624	0.27838440148305077	0.021875000000000002
-0.6945000000000001	0.5658999999999423	0.28401946504237274	0.041875
-0.7075749999999998	0.3042977500000461	0.28265121822033923	0.02125
-0.70475	0.7052250000000413	0.27071054025423735	0.026250000000000002
-0.6864750000000002	0.5668297500000108	0.26670921610169473	0.04
-0.6854749999999998	0.35810975000003964	0.2733565942796611	0.023125
-0.6984999999999999	0.10635000000013406	0.2871003707627118	0.036250000000000004
-0.688925	-0.48181225000007544	0.27882786016949146	0.045
-0.6894	0.3225559999999632	0.2867217955508474	0.036875
-0.6979500000000001	0.1998190000000477	0.27672153072033934	0.035625000000000004
-0.6815	0.2096000000000231	0.28729396186440687	0.0325
-0.700175	0.6327377500000466	0.27893948622881337	0.021875000000000002
-0.6827999999999999	0.5269140000000334	0.2772547669491524	0.04
-0.7094749999999999	-0.03416024999989986	0.28138691737288124	0.03875
-0.703875	-0.1390062500000795	0.2774547139830511	0.036250000000000004
-0.7062250000000001	-0.4227502500000355	0.2817784692796612	0.029375
-0.7052499999999999	-0.133275000000026	0.26853932733050834	0.035625000000000004
-0.7005250000000001	-0.28986025000006066	0.28286083156779696	0.033125
-0.6926749999999999	-1.3132122499999923	0.26562076271186463	0.0325
-0.703975	-0.7915702499999497	0.2659920550847461	0.025
-0.700475	0.43790975000013077	0.2713189883474578	0.025625000000000002
-0.70225	-0.17227500000012697	0.28576668432203356	0.036250000000000004
-0.6936249999999999	-0.14525624999998854	0.27882627118644054	0.025
-0.68485	-0.26955899999995836	0.269783501059322	0.030625
-0.6943250000000001	-0.14238225000008242	0.28159467690677964	0.036875
-0.698	-0.16984999999999673	0.2772837658898304	0.024375
-0.6977249999999999	-0.0008202499999470092	0.27637394067796617	0.0325
-0.7042999999999999	-0.7058959999999388	0.2772649629237286	0.018125000000000002
-0.7054	-0.030164000000013402	0.27565942796610154	0.025
-0.690725	-0.07041024999989531	0.2989663665254235	0.03375
-0.7112	-0.07667599999990671	0.27498649364406796	0.03375
-0.71445	-0.3002710000000661	0.27241565148305097	0.024375
-0.71455	-0.24768100000005688	0.26783514300847455	0.034375
-0.70695	0.21842900000001464	0.27061559851694916	0.023125
-0.685875	0.5601937499999394	0.2797755561440672	0.025625000000000002
-0.7029000000000001	-0.04136400000004414	0.2763883739406777	0.025625000000000002
-0.70685	0.48598100000003797	0.27577529131355943	0.031875
-0.698625	0.37399374999995416	0.2824306144067794	0.04
-0.698825	0.36944774999994934	0.2676554555084747	0.026250000000000002
