-0.17093750000000008	0.12434374999999953	0.0910014204545454	0.07855263157894736
-0.19896250000000004	0.08368774999999973	0.08169034090909091	0.06960526315789474
-0.23743750000000008	0.17024375000000003	0.09449360795454548	0.08125
-0.2248500000000001	0.13082400000000005	0.08490553977272736	0.07914473684210527
-0.21155000000000002	0.1317459999999997	0.0946022727272727	0.07986842105263157
-0.19397500000000012	0.08247899999999975	0.08039275568181818	0.07730263157894737
-0.23031250000000003	0.16159374999999976	0.08925000000000001	0.07894736842105263
-0.21796250000000006	0.13211774999999948	0.09346022727272726	0.07473684210526314
-0.21178750000000002	0.056747749999999986	0.08333735795454544	0.07914473684210527
-0.2098875	0.12121975000000029	0.09462357954545456	0.08526315789473685
-0.2255625000000001	0.1289937499999998	0.0856257102272727	0.07230263157894737
-0.21368750000000003	0.12899375000000024	0.09880823863636368	0.08118421052631579
-0.21606250000000005	0.16644375	0.08860653409090911	0.08671052631578947
-0.20703749999999999	0.11236775000000021	0.07795738636363628	0.07999999999999999
-0.22128749999999997	0.18090775000000026	0.08797372159090903	0.07756578947368421
-0.17331249999999998	0.10869375000000003	0.09166619318181818	0.08605263157894737
-0.18518749999999995	0.07719375000000062	0.08584730113636366	0.0780921052631579
-0.21511250000000004	0.19296975000000005	0.08738991477272727	0.08111842105263158
-0.23815000000000008	0.09558399999999967	0.09320028409090905	0.06986842105263158
-0.2108375	0.10348774999999977	0.08357386363636365	0.0693421052631579
-0.25263750000000007	0.1666097500000001	0.08768821022727263	0.07572368421052632
-0.21938750000000007	0.09703975000000042	0.08587286931818189	0.07572368421052632
-0.17853750000000013	0.10463774999999931	0.07983025568181819	0.08085526315789474
-0.28327500000000005	0.10779899999999998	0.09662215909090907	0.07592105263157893
-0.21107500000000012	0.0969909999999996	0.08836363636363637	0.08789473684210526
-0.21440000000000003	0.10273399999999988	0.0848948863636364	0.07236842105263158
-0.21226250000000002	0.11674974999999987	0.08671448863636368	0.07552631578947368
-0.2578625	0.13862975000000022	0.09614488636363633	0.07815789473684209
-0.23031250000000003	0.10709374999999977	0.09179829545454544	0.07499999999999998
-0.21748750000000006	0.12438974999999974	0.08966974431818187	0.07888157894736843
-0.21915000000000007	0.12680399999999992	0.08474786931818187	0.07217105263157894
-0.19706250000000003	0.20744374999999993	0.08334375000000002	0.07921052631578947
-0.2391000000000001	0.10936400000000024	0.09196022727272733	0.08499999999999999
-0.1766375000000001	0.06754974999999996	0.07873295454545454	0.06828947368421052
-0.20775	0.10340000000000016	0.08287499999999998	0.07644736842105262
-0.2393375000000001	0.09805775000000017	0.08856818181818188	0.07460526315789473
-0.23102500000000004	0.2087290000000004	0.09713352272727283	0.0813157894736842
-0.20395000000000008	0.07542600000000022	0.0923480113636364	0.07513157894736841
-0.18874999999999997	0.13375000000000004	0.0852997159090909	0.08473684210526315
-0.2419500000000001	0.12065599999999987	0.09262926136363638	0.07052631578947369
-0.23957499999999998	0.16225100000000037	0.09387357954545454	0.0793421052631579
-0.23173750000000004	0.14835975	0.07848579545454545	0.07552631578947368
-0.20608749999999998	0.16331775000000048	0.08692116477272728	0.07927631578947368
-0.17758750000000012	0.09809774999999998	0.08341193181818182	0.07736842105263157
-0.17188750000000008	0.13593974999999947	0.07621448863636365	0.07355263157894737
-0.22865000000000002	0.1625939999999999	0.09092471590909092	0.07394736842105264
-0.21511250000000004	0.14621974999999976	0.08848508522727268	0.08230263157894736
-0.18637500000000007	0.13847500000000013	0.10045738636363641	0.07763157894736841
-0.20775	0.10340000000000016	0.08795454545454545	0.0818421052631579
-0.18281250000000004	0.15384375000000006	0.08507173295454548	0.07848684210526316
-0.20418749999999997	0.1819437500000003	0.09221377840909095	0.07269736842105262
-0.18447500000000006	0.09601900000000008	0.08392116477272735	0.07348684210526316
-0.24527500000000002	0.10223899999999997	0.0922798295454546	0.07210526315789474
-0.20228749999999995	0.1600377500000003	0.09135937500000005	0.07842105263157893
-0.18091250000000003	0.1240777500000001	0.08499928977272726	0.07388157894736842
-0.23268750000000005	0.21219374999999996	0.09126349431818184	0.08493421052631578
-0.23838750000000009	0.07002975000000022	0.08056321022727267	0.07256578947368421
-0.21250000000000002	0.08899999999999997	0.08747514204545451	0.07598684210526316
-0.20608749999999998	0.04181775000000032	0.08648650568181818	0.06861842105263156
-0.2260375	0.14368774999999978	0.09259517045454546	0.08394736842105263
-0.17996250000000003	0.11230775000000026	0.08336505681818188	0.0875
-0.20442500000000008	0.09121099999999949	0.08759659090909093	0.09144736842105262
-0.20086250000000005	0.13589974999999965	0.08968678977272726	0.07467105263157894
-0.17022500000000007	0.05357900000000004	0.094747159090909	0.07671052631578947
-0.21606250000000005	0.08419374999999985	0.08910085227272733	0.07565789473684209
-0.16832500000000006	0.104101	0.09081818181818183	0.07999999999999999
-0.2058500000000001	0.10355400000000037	0.08580894886363635	0.07980263157894738
-0.20418749999999997	0.11719375000000021	0.08348650568181827	0.07098684210526315
-0.19967500000000005	0.08352099999999973	0.08021164772727275	0.08552631578947369
-0.23411250000000006	0.0966797499999994	0.09299360795454546	0.07467105263157894
-0.21558750000000004	0.08895775000000006	0.08548934659090908	0.06769736842105262
-0.18447500000000006	0.15601900000000013	0.08805255681818183	0.07460526315789473
-0.2552500000000001	0.12214999999999998	0.09378835227272726	0.07473684210526314
-0.23340000000000005	0.15781400000000012	0.0834865056818182	0.08703947368421051
-0.23696250000000008	0.15334774999999956	0.08728338068181823	0.07032894736842105
-0.20775	0.13664999999999994	0.08639488636363639	0.0688157894736842
-0.2056125000000001	0.11553974999999994	0.08719815340909094	0.07217105263157894
-0.21321250000000003	0.10574774999999992	0.09205397727272736	0.0843421052631579
-0.241475	0.14777899999999988	0.09305752840909091	0.06993421052631578
-0.2391000000000001	0.09786399999999995	0.09690340909090908	0.07013157894736842
-0.22318749999999998	0.09899374999999999	0.08423224431818176	0.08269736842105262
-0.22223749999999998	0.06957974999999994	0.09118892045454544	0.07394736842105264
-0.2227125000000001	0.11303774999999971	0.09065411931818185	0.07769736842105263
-0.20418749999999997	0.07444375000000036	0.08092116477272725	0.08046052631578947
-0.20395000000000008	0.15442599999999995	0.09914062500000001	0.08249999999999999
-0.21368750000000003	0.16974374999999986	0.07952556818181822	0.07592105263157893
-0.23648750000000007	0.10619975000000004	0.09077556818181812	0.0793421052631579
-0.26332500000000003	0.10005100000000011	0.08850000000000005	0.07592105263157893
-0.23102500000000004	0.18972900000000026	0.08662500000000002	0.07723684210526315
-0.2236625000000001	0.09769774999999958	0.08665909090909091	0.0818421052631579
-0.20466250000000008	0.13047774999999984	0.08511647727272731	0.07592105263157893
-0.17948750000000013	0.06291974999999939	0.08168394886363639	0.07782894736842105
-0.20513749999999997	0.15550975000000022	0.08649928977272726	0.07730263157894737
-0.20466250000000008	0.06197774999999961	0.08690411931818184	0.08296052631578946
-0.22342499999999998	0.1499710000000003	0.08458167613636369	0.08151315789473684
-0.19563750000000002	0.08873975000000023	0.09003196022727272	0.0769078947368421
-0.22675	0.058099999999999596	0.08186292613636366	0.07927631578947368
-0.225325	0.13702100000000028	0.08779261363636368	0.07776315789473684
-0.21345000000000003	0.07574600000000009	0.08662286931818183	0.07743421052631579
-0.1737875000000001	0.06310774999999991	0.08530184659090914	0.07532894736842105
-0.21321250000000003	0.1769977499999995	0.09145099431818185	0.07598684210526316
-0.22105000000000008	0.12617600000000007	0.09321732954545459	0.07552631578947368
-0.2089375	0.04494375000000028	0.08700426136363637	0.07723684210526315
-0.2056125000000001	0.07853975000000002	0.08399147727272727	0.06710526315789474
-0.21416250000000003	0.11473774999999975	0.08964204545454552	0.07486842105263157
-0.24622500000000003	0.07995900000000011	0.0853508522727272	0.07828947368421052
-0.20252500000000007	0.11330899999999966	0.09392684659090908	0.07743421052631579
-0.23957499999999998	0.12900100000000014	0.09230113636363636	0.08592105263157894
-0.19611250000000002	0.06580974999999967	0.07638707386363633	0.07769736842105263
-0.23363750000000005	0.1230197500000001	0.08531676136363628	0.07644736842105262
-0.18874999999999997	0.0665	0.08845099431818182	0.07348684210526316
-0.20015000000000005	0.10557399999999983	0.07942542613636358	0.08493421052631578
-0.2277	0.11547599999999969	0.07951704545454547	0.06605263157894736
-0.2065625000000001	0.18509375000000006	0.08446448863636363	0.07157894736842105
-0.24480000000000002	0.07987599999999961	0.08373366477272728	0.07467105263157894
-0.21772499999999995	0.09937900000000033	0.0880078125	0.07782894736842105
-0.2407625000000001	0.11195974999999958	0.08192471590909092	0.07868421052631579
-0.22746250000000012	0.16675774999999993	0.09675213068181819	0.07151315789473683
-0.21202500000000013	0.11149899999999979	0.08250426136363637	0.08473684210526315
-0.2063250000000001	0.10408099999999942	0.08734517045454543	0.07263157894736842
-0.2550125	0.08098975000000053	0.08606036931818181	0.07335526315789473
-0.22128749999999997	0.06515775000000001	0.08751775568181816	0.08019736842105263
-0.18756250000000008	0.0794937499999997	0.09077130681818185	0.07592105263157893
-0.2393375000000001	0.11505775000000007	0.08766903409090912	0.08171052631578947
-0.25216249999999996	0.15102775000000035	0.09079687499999994	0.07407894736842104
-0.20038750000000005	0.1380997500000003	0.08828267045454546	0.08421052631578947
-0.21012500000000012	0.10847499999999943	0.08021590909090909	0.08328947368421052
-0.18613749999999996	0.09391974999999997	0.08568750000000003	0.07921052631578947
-0.20133750000000006	0.1526977500000002	0.0822336647727273	0.07309210526315789
-0.18281250000000004	0.0950937500000002	0.09040056818181823	0.08605263157894737
-0.20110000000000006	0.08967400000000003	0.09110582386363632	0.07703947368421052
-0.1923125	0.16444375000000022	0.08625426136363637	0.07434210526315789
-0.2402875	0.16507775000000002	0.09432954545454542	0.07407894736842104
-0.21938750000000007	0.13078975000000037	0.08706605113636363	0.07559210526315789
-0.21392500000000003	0.11449100000000012	0.08728124999999995	0.07960526315789473
-0.21748750000000006	0.10113974999999975	0.08336505681818185	0.07657894736842104
-0.21653750000000005	0.13117775000000043	0.0836676136363636	0.0793421052631579
-0.21558750000000004	0.04170775000000004	0.09374786931818183	0.07940789473684211
-0.21962499999999996	0.0785250000000004	0.09031747159090905	0.07875
-0.22983750000000003	0.1124177500000001	0.08247017045454547	0.08263157894736842
-0.20062500000000005	0.13587499999999952	0.08926704545454545	0.08013157894736841
-0.21392500000000003	0.12149100000000024	0.09317897727272732	0.06789473684210526
-0.1569250000000001	0.07906099999999983	0.08433238636363634	0.09657894736842104
-0.2098875	0.08646975000000001	0.09048579545454544	0.08026315789473684
-0.2084625000000001	0.18642775	0.08735156250000002	0.08072368421052632
-0.23031250000000003	0.1248437499999997	0.09234161931818181	0.07901315789473684
-0.21487500000000004	0.11847500000000011	0.08323295454545451	0.08934210526315789
-0.19397500000000012	0.16297899999999954	0.08328196022727274	0.08269736842105262
-0.23767499999999997	0.17269100000000037	0.08409375000000001	0.07197368421052631
-0.2094125000000001	0.16220774999999987	0.08374857954545457	0.07947368421052631
-0.22936250000000014	0.08448974999999992	0.08113636363636358	0.07855263157894736
-0.1894625000000001	0.11764775000000016	0.08753480113636367	0.07532894736842105
-0.22793750000000002	0.057193750000000154	0.0912017045454546	0.07276315789473685
-0.22746250000000012	0.14950774999999972	0.08612642045454548	0.0793421052631579
-0.20418749999999997	0.17469375000000031	0.08592826704545456	0.0744078947368421
-0.20276250000000007	0.0878297499999996	0.0843046875000001	0.08098684210526316
-0.21748750000000006	0.09563975000000013	0.08663352272727276	0.07828947368421052
-0.20205000000000006	0.12376600000000026	0.0824637784090909	0.07164473684210526
-0.23340000000000005	0.15556400000000004	0.07947869318181817	0.0731578947368421
-0.2621375	0.12007974999999993	0.08778196022727272	0.0805921052631579
-0.21321250000000003	0.1947477499999999	0.08474360795454541	0.08190789473684211
-0.21321250000000003	0.13974774999999973	0.0851100852272727	0.0863815789473684
-0.23791250000000008	0.07163774999999939	0.08578764204545458	0.0719078947368421
-0.225325	0.07277100000000036	0.08698295454545453	0.07592105263157893
-0.23173750000000004	0.17910974999999985	0.08193536931818184	0.07519736842105262
-0.2220000000000001	0.1713499999999999	0.08039701704545452	0.07098684210526315
-0.2079875	0.18265975	0.09375213068181815	0.07611842105263157
-0.18756250000000008	0.09749374999999993	0.08755184659090909	0.07875
-0.21250000000000002	0.13974999999999982	0.09285937499999994	0.0856578947368421
-0.1942125	0.13901775000000027	0.08246803977272725	0.07480263157894737
-0.25097500000000006	0.10243900000000039	0.0951178977272728	0.08144736842105263
-0.2239000000000001	0.09617399999999998	0.0923565340909091	0.060789473684210525
-0.23458750000000006	0.07508775000000023	0.09557599431818187	0.07177631578947367
-0.1942125	0.12501775000000004	0.08557457386363637	0.07756578947368421
-0.2246125000000001	0.11859975	0.083296875	0.08328947368421052
-0.22746250000000012	0.21000774999999994	0.10369602272727277	0.08026315789473684
-0.2248500000000001	0.13857399999999975	0.09535866477272731	0.0719078947368421
-0.21321250000000003	0.1482477499999999	0.08524644886363633	0.07493421052631578
-0.23458750000000006	0.16458774999999992	0.08497372159090902	0.07572368421052632
-0.22105000000000008	0.12942600000000004	0.09047727272727277	0.07671052631578947
-0.20228749999999995	0.12103775000000017	0.08572798295454546	0.06993421052631578
-0.22318749999999998	0.14924375000000012	0.0888238636363637	0.08118421052631579
-0.1935	0.09240000000000004	0.08537215909090914	0.08026315789473684
-0.20371250000000007	0.07140774999999966	0.08454332386363639	0.07111842105263157
-0.2065625000000001	0.1423437500000002	0.08976136363636364	0.08210526315789474
-0.22342499999999998	0.15547100000000036	0.07827059659090908	0.07453947368421052
-0.22105000000000008	0.15092600000000012	0.08749644886363629	0.07875
-0.24717500000000003	0.07917100000000055	0.08798224431818183	0.07217105263157894
-0.22912500000000002	0.10802500000000004	0.08727059659090912	0.07861842105263157
-0.23601250000000007	0.24179974999999976	0.0920241477272727	0.08934210526315789
-0.21155000000000002	0.151246	0.08655681818181815	0.07460526315789473
-0.18803749999999997	0.1283477500000001	0.09240980113636363	0.08032894736842106
-0.24432500000000001	0.12951100000000038	0.09569105113636367	0.09453947368421052
-0.22746250000000012	0.11550774999999991	0.08936718750000001	0.07480263157894737
-0.1932625	0.12360974999999996	0.08811008522727273	0.07019736842105262
-0.21250000000000002	0.07799999999999985	0.08456676136363636	0.07710526315789473
-0.18993749999999998	0.0732437500000005	0.09085227272727273	0.07499999999999998
-0.20513749999999997	0.08750975000000016	0.0817286931818182	0.07171052631578947
-0.2410000000000001	0.13039999999999985	0.07925497159090912	0.07677631578947368
-0.19658750000000003	0.13712775000000033	0.08928196022727272	0.08322368421052631
-0.23577499999999996	0.1518489999999999	0.08832741477272726	0.07848684210526316
-0.23648750000000007	0.17069975000000026	0.09029190340909087	0.07125
-0.21250000000000002	0.16900000000000004	0.08935440340909094	0.0769078947368421
-0.20110000000000006	0.08242400000000005	0.09391406249999998	0.08467105263157894
-0.2065625000000001	0.10209374999999987	0.09060724431818185	0.07901315789473684
-0.17046250000000007	0.12916775000000014	0.0892606534090909	0.07796052631578947
-0.22033750000000007	0.08547774999999991	0.09076917613636365	0.07164473684210526
-0.21772499999999995	0.12362900000000021	0.0840021306818182	0.07203947368421051
-0.2082250000000001	0.11516899999999941	0.08030326704545455	0.08019736842105263
-0.1935	0.04390000000000027	0.08231463068181818	0.07453947368421052
-0.21250000000000002	0.15850000000000009	0.09216903409090907	0.07855263157894736
-0.2087	0.07568600000000014	0.08404474431818176	0.07993421052631579
-0.22105000000000008	0.038676000000000155	0.08391264204545452	0.08361842105263156
-0.25050000000000006	0.19684999999999953	0.08843394886363638	0.07677631578947368
-0.22983750000000003	0.19016775000000008	0.08944815340909094	0.07598684210526316
-0.21178750000000002	0.0689977500000003	0.08801207386363633	0.08664473684210526
-0.1904125000000001	0.1485877499999999	0.08669531250000002	0.07782894736842105
-0.2082250000000001	0.09216899999999972	0.09533522727272724	0.07381578947368421
-0.24670000000000003	0.13131599999999954	0.0855085227272727	0.07092105263157895
-0.23720000000000008	0.15979600000000005	0.08467329545454545	0.07026315789473685
-0.2602375	0.10514974999999982	0.09100355113636364	0.07401315789473684
-0.2412375	0.14008975	0.08903480113636363	0.07967105263157895
-0.21131250000000001	0.10924375000000008	0.0922926136363636	0.08513157894736842
-0.21297500000000003	0.1694990000000005	0.0859964488636364	0.07782894736842105
-0.21701250000000005	0.15465974999999954	0.08544673295454544	0.08006578947368422
-0.21915000000000007	0.20205399999999996	0.08526988636363635	0.08473684210526315
-0.23743750000000008	0.09299375000000021	0.08237215909090909	0.07131578947368421
-0.24931250000000005	0.07224375000000016	0.0922478693181818	0.07848684210526316
-0.21463750000000004	0.10197974999999992	0.09002556818181817	0.07763157894736841
-0.2417125000000001	0.06371774999999946	0.0798473011363636	0.08374999999999999
-0.22223749999999998	0.10832974999999978	0.07581605113636364	0.07164473684210526
-0.20513749999999997	0.12075975000000039	0.08467116477272726	0.06769736842105262
-0.20418749999999997	0.12794375000000047	0.08237642045454542	0.08171052631578947
-0.20537500000000009	0.16577499999999956	0.09609161931818186	0.08453947368421051
-0.241475	0.14252900000000013	0.08962499999999998	0.07921052631578947
-0.19563750000000002	0.07823975000000027	0.09600426136363638	0.07907894736842104
-0.22865000000000002	0.14334399999999992	0.10257102272727274	0.0806578947368421
-0.21297500000000003	0.08124900000000013	0.08018181818181817	0.08486842105263158
-0.21012500000000012	0.14322499999999927	0.09637286931818184	0.08414473684210526
-0.20181250000000006	0.0964937499999996	0.08870454545454547	0.06894736842105263
-0.22888750000000002	0.12880975000000028	0.0820823863636364	0.07907894736842104
-0.23482500000000006	0.12654100000000001	0.0898146306818182	0.07217105263157894
-0.18162500000000004	0.11977499999999974	0.08112784090909095	0.07921052631578947
-0.2087	0.10268600000000028	0.08595596590909091	0.0818421052631579
-0.243375	0.14627500000000015	0.08906250000000002	0.0718421052631579
-0.2082250000000001	0.10416899999999973	0.0790333806818182	0.07098684210526315
-0.18851250000000008	0.13469974999999978	0.09044744318181816	0.0863157894736842
-0.26427500000000004	0.06486900000000029	0.08623082386363634	0.06677631578947367
-0.22318749999999998	0.1834937499999998	0.09688210227272723	0.07578947368421052
-0.21772499999999995	0.08662900000000029	0.095203125	0.07328947368421053
-0.2258	0.10946599999999984	0.08334801136363634	0.08236842105263158
-0.2058500000000001	0.09830400000000017	0.08260227272727275	0.07868421052631579
-0.22223749999999998	0.18082975	0.084375	0.07907894736842104
-0.20775	0.1614	0.08061008522727271	0.08361842105263156
-0.18637500000000007	0.10972500000000007	0.09278267045454544	0.06894736842105263
-0.18756250000000008	0.10399374999999988	0.08081036931818181	0.07914473684210527
-0.225325	0.12027100000000068	0.09546732954545457	0.07894736842105263
-0.2269875	0.14706975	0.08345667613636365	0.07848684210526316
-0.24931250000000005	0.0759937500000003	0.09481534090909088	0.0731578947368421
-0.19848750000000004	0.07687975000000025	0.09281676136363633	0.07960526315789473
-0.24432500000000001	0.16801100000000035	0.08757102272727274	0.0806578947368421
-0.25073750000000006	0.17376974999999995	0.08791832386363639	0.07677631578947368
-0.19658750000000003	0.13462775000000038	0.09310653409090905	0.07657894736842104
-0.2391000000000001	0.1293639999999998	0.0854829545454545	0.08710526315789474
-0.21630000000000005	0.09793600000000025	0.08521875000000004	0.07802631578947368
-0.19920000000000004	0.14896600000000015	0.07618678977272725	0.07427631578947368
-0.18020000000000003	0.1071260000000005	0.09264417613636364	0.08019736842105263
-0.26308750000000003	0.10040775000000002	0.08492897727272729	0.06710526315789474
-0.26427500000000004	0.11336900000000005	0.08081250000000006	0.07842105263157893
-0.21345000000000003	0.11574600000000013	0.0923394886363637	0.09578947368421052
-0.260475	0.13729900000000006	0.09183238636363636	0.07052631578947369
-0.18874999999999997	0.1525000000000003	0.08486931818181818	0.0788157894736842
-0.2108375	0.14823774999999983	0.08452414772727272	0.07342105263157896
-0.19967500000000005	0.15452099999999946	0.07765269886363632	0.07993421052631579
-0.20965	0.10921400000000014	0.08718110795454545	0.08006578947368422
-0.21392500000000003	0.08699100000000026	0.08757528409090912	0.07078947368421053
-0.20608749999999998	0.05206775000000041	0.08593678977272726	0.07348684210526316
-0.2229500000000001	0.15351599999999976	0.09617045454545452	0.0788157894736842
-0.2260375	0.15768775000000002	0.08662926136363634	0.08223684210526315
-0.20062500000000005	0.1131249999999997	0.0852102272727273	0.07960526315789473
-0.21938750000000007	0.08928975000000028	0.09025994318181822	0.07302631578947369
-0.2255625000000001	0.20374374999999967	0.09299999999999997	0.07855263157894736
-0.2087	0.10568600000000039	0.08111079545454539	0.07973684210526315
-0.21535000000000004	0.09696399999999983	0.09080965909090909	0.06921052631578947
-0.22128749999999997	0.14565775000000025	0.09213281249999997	0.08072368421052632
-0.23197500000000004	0.144069	0.09311292613636361	0.07993421052631579
-0.19706250000000003	0.1661937499999997	0.08753693181818184	0.07684210526315789
-0.21321250000000003	0.14274774999999984	0.08217400568181818	0.07572368421052632
-0.19801250000000004	0.09306974999999973	0.09191974431818184	0.08111842105263158
-0.1766375000000001	0.12754975000000002	0.08407670454545457	0.0769736842105263
-0.22010000000000007	0.07499400000000023	0.08158593750000004	0.07467105263157894
-0.22057499999999997	0.1624610000000004	0.08850639204545453	0.07914473684210527
-0.2220000000000001	0.16959999999999997	0.08620099431818184	0.0769078947368421
-0.23316250000000005	0.12360774999999968	0.09808380681818178	0.07078947368421053
-0.17735	0.10877399999999993	0.08584303977272727	0.08230263157894736
-0.19967500000000005	0.16127099999999972	0.07926988636363635	0.07460526315789473
-0.23957499999999998	0.1005010000000004	0.08170738636363638	0.08684210526315789
-0.21012500000000012	0.12447499999999945	0.07989417613636365	0.08177631578947368
-0.243375	0.13777500000000042	0.08954616477272731	0.07914473684210527
-0.2258	0.10371599999999992	0.0984183238636363	0.07296052631578946
-0.23126250000000004	0.1651897499999997	0.09037500000000001	0.07289473684210526
-0.22057499999999997	0.07971100000000053	0.07986434659090907	0.08151315789473684
-0.18566250000000006	0.13880775000000023	0.08247869318181816	0.07749999999999999
-0.1901750000000001	0.0972909999999998	0.08905397727272721	0.0806578947368421
-0.2616625	0.06428775000000009	0.08690411931818179	0.07743421052631579
-0.19587500000000002	0.10277499999999984	0.0885021306818182	0.08164473684210527
-0.1946875	0.1718437500000003	0.07852840909090913	0.07578947368421052
-0.2241375	0.13639975000000026	0.09332812499999997	0.08171052631578947
-0.20418749999999997	0.0829437500000001	0.08247230113636363	0.07401315789473684
-0.23031250000000003	0.11859374999999961	0.08880894886363642	0.07388157894736842
-0.22105000000000008	0.08817599999999981	0.08306463068181819	0.08164473684210527
-0.22318749999999998	0.08299374999999998	0.08273650568181817	0.07453947368421052
-0.20466250000000008	0.11622774999999974	0.08784375000000004	0.0731578947368421
-0.23173750000000004	0.11960974999999996	0.08376349431818177	0.07230263157894737
-0.18115000000000003	0.086144	0.0835610795454545	0.07815789473684209
-0.17069999999999996	0.07650600000000018	0.07960653409090906	0.07736842105263157
-0.21796250000000006	0.06961774999999948	0.09781747159090914	0.0838815789473684
-0.21867499999999995	0.13383100000000026	0.08142613636363638	0.07815789473684209
-0.18661250000000007	0.12352974999999988	0.08745383522727274	0.07769736842105263
-0.1930250000000001	0.13231899999999985	0.09401420454545455	0.07618421052631578
-0.2106	0.1134839999999997	0.08646519886363638	0.08230263157894736
-0.18020000000000003	0.16187600000000035	0.08733451704545452	0.07282894736842105
-0.23221250000000004	0.11377774999999968	0.08766051136363644	0.07684210526315789
-0.24290000000000012	0.14240399999999953	0.09819673295454551	0.06467105263157895
-0.21843750000000006	0.14009375000000013	0.08439630681818183	0.07
-0.24717500000000003	0.09642100000000031	0.08652059659090916	0.08190789473684211
-0.23363750000000005	0.1867697500000003	0.08989133522727272	0.07796052631578947
-0.2098875	0.16646975000000008	0.09041335227272729	0.0875
-0.2239000000000001	0.15292400000000006	0.08503338068181825	0.07506578947368421
-0.22033750000000007	0.17197774999999993	0.08128977272727278	0.07736842105263157
-0.21843750000000006	0.10009375000000009	0.08591335227272728	0.07789473684210525
-0.1930250000000001	0.12556900000000004	0.08829332386363635	0.08572368421052631
-0.22983750000000003	0.11691774999999982	0.08740909090909094	0.07828947368421052
-0.23601250000000007	0.12279974999999999	0.08268323863636363	0.07013157894736842
-0.16808750000000006	0.07200774999999959	0.08745596590909091	0.07763157894736841
-0.22081250000000008	0.1129437499999999	0.09783877840909093	0.08019736842105263
-0.20086250000000005	0.17464974999999994	0.08933096590909095	0.07578947368421052
-0.2056125000000001	0.08328975000000005	0.07978977272727275	0.08144736842105263
-0.21202500000000013	0.11399899999999974	0.08463920454545454	0.07684210526315789
-0.18637500000000007	0.09947499999999998	0.08425355113636365	0.07282894736842105
-0.23363750000000005	0.15451974999999996	0.0889346590909091	0.08171052631578947
-0.21653750000000005	0.08417775000000027	0.086203125	0.0831578947368421
-0.17093750000000008	0.08309374999999974	0.09007670454545452	0.08355263157894736
-0.2108375	0.1902377500000001	0.09010014204545458	0.08532894736842105
-0.23102500000000004	0.120479	0.08303267045454546	0.08328947368421052
-0.2087	0.15418600000000016	0.08591548295454543	0.07467105263157894
-0.22010000000000007	0.07724400000000031	0.08832315340909089	0.07269736842105262
-0.21772499999999995	0.11637900000000023	0.09295525568181812	0.07730263157894737
-0.24836250000000004	0.14154975000000025	0.08728977272727273	0.07434210526315789
-0.2229500000000001	0.11676600000000015	0.09158735795454545	0.07585526315789473
-0.2269875	0.10531975000000005	0.0870021306818182	0.07625
-0.20205000000000006	0.10551600000000017	0.0869126420454545	0.0863815789473684
-0.23292500000000005	0.11615100000000034	0.09325994318181816	0.0793421052631579
-0.24575000000000002	0.027599999999999625	0.08306249999999994	0.07302631578947369
-0.18613749999999996	0.07816975000000026	0.08243394886363639	0.08190789473684211
-0.2075125000000001	0.15588975000000005	0.08995525568181817	0.07927631578947368
-0.226275	0.07840900000000062	0.08123224431818181	0.07546052631578946
-0.1930250000000001	0.10506899999999986	0.08081463068181813	0.07980263157894738
-0.2545375000000001	0.06466774999999991	0.09089914772727267	0.08289473684210526
-0.19730000000000003	0.13947600000000016	0.08827627840909086	0.08085526315789474
-0.18732500000000007	0.11144100000000012	0.08735795454545452	0.07868421052631579
-0.2250875	0.0902977500000004	0.09006605113636362	0.08164473684210527
-0.1927875	0.1092777500000004	0.08612215909090908	0.08499999999999999
-0.2248500000000001	0.08857399999999993	0.08318394886363639	0.07361842105263157
-0.19563750000000002	0.14448974999999997	0.08427485795454545	0.08361842105263156
-0.1742625	0.1270197500000001	0.09027059659090905	0.07927631578947368
-0.19848750000000004	0.0966297500000004	0.08328835227272727	0.07802631578947368
-0.2421875	0.14884375000000016	0.08648863636363634	0.07013157894736842
-0.19635000000000002	0.03584399999999999	0.0886875	0.06986842105263158
-0.23363750000000005	0.13851974999999994	0.08961647727272729	0.07710526315789473
-0.22841250000000013	0.17862774999999997	0.09679048295454543	0.08164473684210527
-0.22223749999999998	0.08957974999999996	0.07858167613636363	0.0844078947368421
-0.21107500000000012	0.058240999999999765	0.08224644886363636	0.07756578947368421
-0.22960000000000003	0.13670399999999994	0.0899765625	0.08585526315789473
-0.22960000000000003	0.10320399999999985	0.08515269886363637	0.07572368421052632
-0.24812500000000004	0.1146250000000002	0.09118678977272729	0.08111842105263158
-0.20228749999999995	0.10028775000000012	0.08556818181818181	0.08605263157894737
-0.22983750000000003	0.17441774999999993	0.09017258522727274	0.07901315789473684
-0.21297500000000003	0.1862490000000001	0.08532741477272726	0.07782894736842105
-0.19563750000000002	0.06448975000000035	0.0862244318181818	0.08289473684210526
-0.2063250000000001	0.07458099999999979	0.07999857954545452	0.0736842105263158
-0.21535000000000004	0.0482140000000002	0.08202485795454542	0.07467105263157894
-0.19658750000000003	0.10587775000000033	0.09344957386363635	0.08611842105263157
-0.22128749999999997	0.10840775000000002	0.08391690340909091	0.08782894736842105
-0.2091750000000001	0.10470099999999949	0.09186860795454546	0.07782894736842105
-0.23458750000000006	0.06658775000000006	0.0839701704545455	0.08210526315789474
-0.22105000000000008	0.1429260000000001	0.08874076704545458	0.07796052631578947
-0.21036250000000012	0.11897974999999983	0.0938181818181818	0.07828947368421052
-0.24598750000000003	0.11877974999999985	0.0894353693181818	0.08401315789473683
-0.2091750000000001	0.11770099999999983	0.08164772727272727	0.07539473684210525
-0.23815000000000008	0.11783399999999977	0.08600497159090914	0.07638157894736843
-0.19706250000000003	0.14094374999999992	0.07857954545454546	0.08039473684210525
-0.21891250000000007	0.10206774999999979	0.09156605113636368	0.07756578947368421
-0.2227125000000001	0.10603775000000004	0.07419886363636358	0.07855263157894736
-0.22223749999999998	0.20182974999999992	0.08448366477272723	0.0744078947368421
-0.2094125000000001	0.11395774999999952	0.09105255681818178	0.08026315789473684
-0.18566250000000006	0.11330775000000015	0.08175852272727277	0.08105263157894736
-0.21511250000000004	0.03896974999999969	0.08570880681818183	0.0681578947368421
-0.22841250000000013	0.07587774999999963	0.09115056818181816	0.07776315789473684
-0.21463750000000004	0.07072974999999992	0.08968039772727272	0.07421052631578946
-0.1932625	0.11835974999999976	0.08827840909090907	0.08407894736842104
-0.23316250000000005	0.1031077499999995	0.08027769886363634	0.07059210526315789
-0.21891250000000007	0.1443177499999999	0.08600710227272726	0.07842105263157893
-0.21463750000000004	0.15922974999999973	0.08210795454545458	0.07723684210526315
-0.20300000000000007	0.10559999999999992	0.08554900568181818	0.07651315789473684
-0.20775	0.10015000000000018	0.09264630681818183	0.07644736842105262
-0.24622500000000003	0.08920900000000032	0.09166832386363634	0.06874999999999999
-0.24622500000000003	0.13195900000000016	0.09101846590909089	0.0806578947368421
-0.24290000000000012	0.12315399999999954	0.09186008522727274	0.09059210526315789
-0.22081250000000008	0.08919374999999974	0.08388920454545444	0.08078947368421052
-0.21677499999999994	0.04591900000000049	0.09208806818181817	0.07197368421052631
-0.20395000000000008	0.08817599999999981	0.08755184659090909	0.08532894736842105
-0.25168750000000006	0.16169374999999997	0.09104829545454544	0.07276315789473685
-0.1728375000000001	0.1922777499999997	0.0814453125	0.08546052631578946
-0.20252500000000007	0.04980899999999977	0.08365482954545454	0.0813157894736842
-0.22960000000000003	0.10670400000000013	0.0909225852272727	0.07953947368421052
-0.21511250000000004	0.11796974999999987	0.08500355113636365	0.07888157894736843
-0.21938750000000007	0.0872897500000005	0.07807031249999996	0.07822368421052632
-0.22651250000000012	0.08937974999999998	0.09778551136363645	0.06486842105263158
-0.24290000000000012	0.1589039999999997	0.08995951704545452	0.07203947368421051
-0.19492500000000013	0.10813099999999976	0.07957883522727269	0.08019736842105263
-0.18091250000000003	0.12557775000000015	0.08154119318181818	0.0763157894736842
-0.19943750000000005	0.11024374999999997	0.08751136363636364	0.08249999999999999
-0.21250000000000002	0.08150000000000013	0.08135582386363635	0.08085526315789474
-0.20086250000000005	0.09964974999999976	0.09366477272727272	0.07486842105263157
-0.2255625000000001	0.18724374999999993	0.08469034090909083	0.08249999999999999
-0.2091750000000001	0.10570099999999982	0.08988920454545457	0.08118421052631579
-0.2106	0.152984	0.07324644886363635	0.08480263157894737
-0.25026249999999994	0.12267975000000053	0.08051420454545459	0.07973684210526315
-0.20228749999999995	0.10903775000000016	0.08795667613636363	0.07019736842105262
-0.22912500000000002	0.1670250000000002	0.0974424715909091	0.07335526315789473
-0.21487500000000004	0.10222500000000023	0.08449005681818184	0.07960526315789473
-0.18542500000000006	0.13550099999999965	0.09320028409090914	0.08763157894736842
-0.2091750000000001	0.09770099999999982	0.0861051136363636	0.09157894736842104
-0.23221250000000004	0.12302774999999988	0.10117968749999998	0.07585526315789473
-0.22912500000000002	0.08002500000000001	0.09130397727272725	0.08763157894736842
-0.23530000000000006	0.0804459999999998	0.08719602272727277	0.07855263157894736
-0.21701250000000005	0.19990974999999978	0.08800142045454545	0.07842105263157893
-0.21796250000000006	0.11236774999999977	0.07877556818181819	0.07999999999999999
-0.23838750000000009	0.1880297500000001	0.09408877840909093	0.07651315789473684
-0.21202500000000013	0.16149899999999962	0.09491122159090903	0.07572368421052632
-0.18779999999999997	0.12429600000000018	0.09750213068181818	0.08796052631578946
-0.22912500000000002	0.13777499999999998	0.08735369318181817	0.07749999999999999
-0.20608749999999998	0.1118177500000006	0.08456676136363636	0.08473684210526315
-0.20537500000000009	0.05777499999999991	0.08628409090909091	0.08171052631578947
-0.1927875	0.11602775000000021	0.08571519886363635	0.07572368421052632
-0.19848750000000004	0.13762975000000033	0.08923508522727275	0.07335526315789473
-0.1942125	0.11951774999999998	0.08202911931818184	0.07861842105263157
-0.21606250000000005	0.14344374999999987	0.0836164772727273	0.08486842105263158
-0.28493750000000007	0.1784937499999999	0.09283380681818186	0.07263157894736842
-0.2431375	0.1190897500000001	0.08840198863636357	0.07263157894736842
-0.2079875	0.08715975000000009	0.08450923295454549	0.07875
-0.2400500000000001	0.09938599999999953	0.08481178977272727	0.09980263157894735
-0.22936250000000014	0.09148974999999959	0.09409090909090906	0.07802631578947368
-0.23221250000000004	0.21577774999999955	0.08359943181818179	0.07789473684210525
-0.2621375	0.12132974999999968	0.09821377840909093	0.07309210526315789
-0.22888750000000002	0.10530974999999998	0.08830397727272729	0.07342105263157896
-0.21938750000000007	0.05153975000000033	0.09494105113636364	0.07151315789473683
-0.18471250000000006	0.09682774999999966	0.0805610795454545	0.08118421052631579
-0.2106	0.132984	0.10083451704545449	0.08598684210526315
-0.24883750000000004	0.13564774999999996	0.08207599431818177	0.07322368421052632
-0.18376250000000005	0.07883974999999976	0.08618821022727272	0.07203947368421051
-0.23268750000000005	0.08419374999999985	0.09082031249999997	0.07967105263157895
-0.20466250000000008	0.09747774999999992	0.0785752840909091	0.0769736842105263
-0.18281250000000004	0.05859375	0.0870042613636364	0.0813157894736842
-0.2564375000000001	0.10344374999999983	0.08254474431818187	0.07822368421052632
-0.2091750000000001	0.10795099999999946	0.07996448863636366	0.0744736842105263
-0.24670000000000003	0.1590659999999997	0.09693536931818178	0.07664473684210527
-0.21511250000000004	0.15596974999999969	0.08667613636363637	0.08118421052631579
-0.20062500000000005	0.07187499999999947	0.0819950284090909	0.07453947368421052
-0.17735	0.1345240000000003	0.08730681818181821	0.0806578947368421
-0.20110000000000006	0.10992400000000035	0.07791903409090906	0.08697368421052631
-0.24432500000000001	0.16226100000000043	0.09025142045454546	0.07565789473684209
-0.2227125000000001	0.1267877500000001	0.08065269886363638	0.07664473684210527
-0.226275	0.13990900000000028	0.08999999999999997	0.08223684210526315
-0.19967500000000005	0.07602099999999945	0.08599431818181819	0.07960526315789473
-0.225325	0.08252100000000029	0.0873409090909091	0.07868421052631579
-0.22651250000000012	0.10387974999999994	0.09118892045454544	0.0793421052631579
-0.1728375000000001	0.10027775000000005	0.07586079545454548	0.08342105263157894
-0.19801250000000004	0.11131974999999983	0.0887876420454546	0.07059210526315789
-0.22128749999999997	0.07640775	0.08528906249999998	0.07717105263157895
-0.18827500000000008	0.11864899999999956	0.08486079545454542	0.08171052631578947
-0.20775	0.05940000000000012	0.08467329545454547	0.07960526315789473
-0.2269875	0.16881974999999994	0.0792080965909091	0.07125
-0.21416250000000003	0.12198774999999973	0.09298721590909095	0.07789473684210525
-0.22081250000000008	0.07044374999999992	0.09271448863636367	0.07855263157894736
-0.2255625000000001	0.2054937499999996	0.08081036931818181	0.07875
-0.22888750000000002	0.14830975000000013	0.09742755681818185	0.07421052631578946
-0.2108375	0.06248774999999984	0.08691477272727272	0.08078947368421052
-0.2220000000000001	0.053850000000000176	0.07718394886363637	0.07717105263157895
-0.20038750000000005	0.058849750000000256	0.08887926136363639	0.07986842105263157
-0.22746250000000012	0.07725774999999979	0.08963352272727274	0.07092105263157895
-0.20418749999999997	0.17619375000000037	0.08370596590909098	0.07460526315789473
-0.21986250000000007	0.14375974999999963	0.08806321022727269	0.07203947368421051
-0.24503750000000002	0.19605775000000003	0.09625142045454549	0.08355263157894736
-0.227225	0.14803900000000025	0.09352201704545451	0.07611842105263157
-0.22675	0.08759999999999968	0.08637144886363639	0.07664473684210527
-0.19611250000000002	0.13505974999999992	0.0892159090909091	0.07565789473684209
-0.1901750000000001	0.12254099999999957	0.08332883522727273	0.07269736842105262
-0.23173750000000004	0.14985975000000007	0.09668394886363635	0.08427631578947367
-0.21131250000000001	0.1332437500000001	0.09108238636363639	0.08394736842105263
-0.25002500000000005	0.14300900000000016	0.09349431818181816	0.08210526315789474
-0.18447500000000006	0.09801899999999986	0.08772869318181817	0.08592105263157894
-0.22342499999999998	0.1512210000000005	0.0837421875	0.07296052631578946
-0.23482500000000006	0.06379100000000015	0.08984872159090912	0.07782894736842105
-0.2063250000000001	0.1500809999999997	0.0781470170454545	0.08769736842105262
-0.23767499999999997	0.16794100000000034	0.09429971590909089	0.07960526315789473
-0.18328749999999994	0.13021775000000035	0.08424928977272725	0.07782894736842105
-0.2094125000000001	0.12795774999999976	0.08296875000000001	0.08144736842105263
-0.18661250000000007	0.1045297500000002	0.08816548295454545	0.07664473684210527
-0.21487500000000004	0.16647500000000015	0.08648437500000006	0.08013157894736841
-0.17331249999999998	0.1221937500000001	0.08387642045454544	0.08947368421052632
-0.21772499999999995	0.16362900000000025	0.09598295454545445	0.0838157894736842
-0.2108375	0.13373774999999988	0.0805994318181819	0.07763157894736841
-0.2227125000000001	0.14278774999999966	0.08339488636363639	0.08368421052631579
-0.19255	0.102236	0.08307315340909088	0.07519736842105262
-0.2056125000000001	0.17478974999999997	0.0843600852272727	0.07875
-0.18898749999999997	0.055299750000000536	0.08628409090909092	0.08236842105263158
-0.1749750000000001	0.12875900000000007	0.080671875	0.08394736842105263
-0.2258	0.24371600000000004	0.09478124999999997	0.08302631578947368
-0.18566250000000006	0.09755775	0.08167542613636368	0.07940789473684211
-0.19943750000000005	0.09824375000000041	0.08695951704545464	0.07598684210526316
-0.23292500000000005	0.13090100000000016	0.08669105113636362	0.08085526315789474
-0.19943750000000005	0.10649375000000028	0.08130894886363635	0.0780921052631579
-0.20418749999999997	0.1536937500000004	0.0801988636363636	0.0706578947368421
-0.21915000000000007	0.11880399999999991	0.07959588068181818	0.06809210526315788
-0.22033750000000007	0.15572775000000005	0.07802130681818184	0.07749999999999999
-0.23672499999999996	0.09489900000000029	0.09049218750000006	0.07861842105263157
-0.18898749999999997	0.08654975000000054	0.09060511363636364	0.09249999999999999
-0.21558750000000004	0.10095775000000007	0.08378693181818186	0.07763157894736841
-0.23767499999999997	0.16969100000000026	0.08144957386363638	0.08335526315789472
-0.2436125	0.13345975000000054	0.08955255681818186	0.07789473684210525
-0.2436125	0.10070975000000049	0.09602343750000006	0.07717105263157895
-0.22793750000000002	0.17744375000000012	0.08684446022727273	0.08085526315789474
-0.1920750000000001	0.11840099999999998	0.08124928977272727	0.07940789473684211
-0.23078750000000003	0.14451775000000033	0.0865866477272728	0.07171052631578947
-0.21416250000000003	0.09773774999999985	0.08889843749999997	0.08138157894736843
-0.20133750000000006	0.09694775000000044	0.08126633522727275	0.07427631578947368
-0.20703749999999999	0.11961775000000019	0.08205468749999999	0.07611842105263157
-0.23221250000000004	0.13102774999999944	0.08978906249999996	0.07822368421052632
-0.18281250000000004	0.06259375	0.08475852272727274	0.08263157894736842
-0.1728375000000001	0.11952775000000004	0.07965127840909088	0.08296052631578946
-0.20015000000000005	0.09157400000000004	0.08182244318181817	0.07473684210526314
-0.19587500000000002	0.10152499999999964	0.08968465909090913	0.0838157894736842
-0.2246125000000001	0.09209975000000004	0.08109801136363642	0.08328947368421052
-0.21986250000000007	0.1510097499999996	0.08331392045454546	0.07684210526315789
-0.23815000000000008	0.1525839999999996	0.08293465909090914	0.07657894736842104
-0.21178750000000002	0.16699775000000017	0.08641832386363635	0.08453947368421051
-0.19492500000000013	0.12313099999999944	0.08044176136363637	0.08684210526315789
-0.1920750000000001	0.12765099999999974	0.08248721590909089	0.07855263157894736
-0.21273750000000002	0.12699974999999997	0.08955894886363636	0.08098684210526316
-0.22223749999999998	0.07632974999999975	0.0931299715909091	0.07940789473684211
-0.22010000000000007	0.1397440000000003	0.0931363636363636	0.07236842105263158
-0.21012500000000012	0.06547499999999928	0.08085724431818181	0.07453947368421052
-0.22888750000000002	0.11780975000000016	0.1001399147727272	0.08243421052631578
-0.23221250000000004	0.09677774999999977	0.09101846590909092	0.07276315789473685
-0.18708749999999996	0.12013775000000049	0.08853622159090908	0.08835526315789473
-0.2431375	0.06783975000000009	0.08905823863636361	0.0793421052631579
-0.2063250000000001	0.11808099999999966	0.09614914772727273	0.07131578947368421
-0.21725000000000005	0.09465000000000012	0.0953288352272728	0.07861842105263157
-0.2220000000000001	0.16910000000000025	0.09231392045454546	0.07921052631578947
-0.21250000000000002	0.1499999999999999	0.08402343749999999	0.07125
-0.20015000000000005	0.13257399999999997	0.08706605113636368	0.07625
-0.21653750000000005	0.11067775000000024	0.08500355113636361	0.08177631578947368
-0.1937375	0.0951897500000003	0.08070383522727279	0.07467105263157894
-0.23102500000000004	0.10697900000000038	0.09624076704545459	0.07769736842105263
-0.23173750000000004	0.09660974999999983	0.09462997159090915	0.07953947368421052
-0.243375	0.1552750000000005	0.09019389204545457	0.08743421052631578
-0.2250875	0.20779775000000011	0.0936519886363637	0.06921052631578947
-0.1932625	0.04560974999999967	0.08735156249999995	0.07361842105263157
-0.240525	0.1502690000000002	0.08817826704545464	0.08138157894736843
-0.20276250000000007	0.1350797499999996	0.08010085227272723	0.07671052631578947
-0.19658750000000003	0.10062775000000057	0.08439417613636363	0.07703947368421052
-0.23078750000000003	0.057267750000000284	0.0814346590909091	0.08328947368421052
-0.23625000000000007	0.06950000000000012	0.09589985795454548	0.08190789473684211
-0.21392500000000003	0.10299100000000028	0.08768607954545456	0.08473684210526315
-0.2410000000000001	0.1226499999999997	0.0877095170454546	0.07756578947368421
-0.21178750000000002	0.1182477500000001	0.08310937500000001	0.07026315789473685
-0.25002500000000005	0.150509	0.09447656250000006	0.07138157894736842
-0.1935	0.12590000000000012	0.075375	0.08394736842105263
-0.21748750000000006	0.10413974999999986	0.08583877840909096	0.07085526315789473
-0.2239000000000001	0.11392399999999991	0.09360298295454549	0.07875
-0.18115000000000003	0.1003940000000001	0.08310724431818181	0.08480263157894737
-0.1930250000000001	0.08781899999999965	0.07224715909090912	0.07907894736842104
-0.23791250000000008	0.1161377499999996	0.08819957386363635	0.07309210526315789
-0.2239000000000001	0.25892399999999993	0.08823153409090909	0.08236842105263158
-0.21131250000000001	0.12174374999999982	0.08496519886363636	0.07625
-0.22342499999999998	0.15347100000000014	0.08198224431818182	0.07664473684210527
-0.23625000000000007	0.08150000000000013	0.0884041193181818	0.07796052631578947
-0.2108375	0.11048774999999988	0.09926420454545455	0.07684210526315789
-0.22983750000000003	0.18591774999999977	0.08563849431818181	0.08309210526315788
-0.19896250000000004	0.11593775000000006	0.08366335227272723	0.08092105263157894
-0.21440000000000003	0.13048400000000004	0.08270454545454552	0.07802631578947368
-0.20300000000000007	0.09834999999999994	0.0830326704545455	0.08592105263157894
-0.1930250000000001	0.0985689999999999	0.08291974431818185	0.07375
-0.23411250000000006	0.1514297499999997	0.09170880681818183	0.08039473684210525
-0.22128749999999997	0.12390775000000032	0.08297514204545452	0.08453947368421051
-0.2590500000000001	0.09589599999999976	0.08880468750000006	0.08835526315789473
-0.2098875	0.1279697500000001	0.0840276988636364	0.08019736842105263
-0.21891250000000007	0.10281774999999982	0.08917329545454544	0.07776315789473684
-0.21511250000000004	0.07246974999999978	0.08319034090909087	0.08921052631578948
-0.23458750000000006	0.15058775000000013	0.07692613636363636	0.08552631578947369
-0.224375	0.09437500000000032	0.09015127840909093	0.07625
-0.21962499999999996	0.08952500000000052	0.08778622159090907	0.07546052631578946
-0.23055000000000003	0.12255599999999989	0.09341974431818188	0.07138157894736842
-0.1923125	0.15419375000000013	0.09128267045454544	0.07973684210526315
-0.18874999999999997	0.0820000000000003	0.07776349431818184	0.07559210526315789
-0.2087	0.11893600000000015	0.08595596590909084	0.08302631578947368
-0.25050000000000006	0.1588499999999997	0.0827088068181818	0.07434210526315789
-0.2087	0.09093600000000013	0.08309232954545455	0.08723684210526315
-0.22865000000000002	0.16709400000000008	0.0873984375	0.08006578947368422
-0.2388625000000001	0.16316974999999978	0.09182386363636368	0.07078947368421053
-0.21606250000000005	0.18594374999999985	0.08596448863636363	0.07526315789473684
-0.23387500000000006	0.06647500000000006	0.08914133522727266	0.07427631578947368
-0.21250000000000002	0.10124999999999984	0.08482457386363643	0.07453947368421052
-0.18328749999999994	0.10871775000000028	0.0810809659090909	0.08263157894736842
-0.2079875	0.08340974999999995	0.08154971590909088	0.0763157894736842
-0.23577499999999996	0.1168490000000002	0.0927805397727273	0.05861842105263158
-0.25216249999999996	0.1690277500000006	0.08391051136363638	0.0706578947368421
-0.21653750000000005	0.09692775000000031	0.08261079545454544	0.08039473684210525
-0.21582500000000004	0.08545100000000039	0.08728551136363638	0.07565789473684209
-0.23078750000000003	0.15026775000000026	0.0917088068181818	0.0638157894736842
-0.2533500000000001	0.1503540000000001	0.08978480113636364	0.07335526315789473
-0.19065	0.12413400000000019	0.08539772727272728	0.0843421052631579
-0.25073750000000006	0.17926975	0.09058167613636364	0.07519736842105262
-0.2250875	0.06879775000000032	0.09720383522727269	0.07927631578947368
-0.2564375000000001	0.09844374999999994	0.09005965909090911	0.07802631578947368
-0.21511250000000004	0.16846974999999986	0.08286221590909087	0.0731578947368421
-0.20965	0.09671399999999997	0.0887237215909091	0.07888157894736843
-0.25311249999999996	0.08418975000000017	0.08955042613636366	0.07953947368421052
-0.18779999999999997	0.06304599999999994	0.08539772727272726	0.08552631578947369
-0.22057499999999997	0.18996100000000027	0.07981747159090907	0.07875
-0.2108375	0.09698774999999982	0.09172159090909088	0.06907894736842105
-0.21345000000000003	0.11849599999999993	0.08529332386363639	0.07111842105263157
-0.2063250000000001	0.08508099999999974	0.07863707386363641	0.07822368421052632
-0.23862499999999998	0.10747500000000043	0.08625000000000002	0.07684210526315789
-0.2082250000000001	0.1124189999999996	0.07975781250000001	0.08927631578947368
-0.21725000000000005	0.1594000000000002	0.08552556818181817	0.07407894736842104
-0.20513749999999997	0.10750975000000018	0.08362713068181815	0.07546052631578946
-0.2106	0.13748399999999972	0.08627769886363634	0.07427631578947368
-0.23791250000000008	0.1693877499999994	0.08764346590909096	0.07578947368421052
-0.2082250000000001	0.20916899999999972	0.08457528409090911	0.07539473684210525
-0.18732500000000007	0.07594099999999981	0.07792116477272726	0.08006578947368422
-0.22888750000000002	0.09280975000000025	0.08382528409090909	0.07407894736842104
-0.19896250000000004	0.06793775000000002	0.09282102272727277	0.08355263157894736
-0.2220000000000001	0.13359999999999994	0.08379758522727271	0.07427631578947368
-0.18969999999999998	0.14244600000000007	0.08236576704545454	0.08085526315789474
-0.2087	0.16218600000000016	0.08108096590909089	0.08328947368421052
-0.22081250000000008	0.08369374999999968	0.09279119318181818	0.08513157894736842
-0.2241375	0.14089975	0.07935298295454554	0.07651315789473684
-0.2246125000000001	0.13209975000000007	0.09189843750000003	0.08151315789473684
-0.22223749999999998	0.06657974999999983	0.08539772727272726	0.08460526315789474
-0.18993749999999998	0.09399375000000054	0.07833451704545452	0.0838815789473684
-0.19825000000000004	0.13710000000000022	0.08994886363636367	0.08855263157894737
-0.256675	0.1496010000000001	0.08590482954545454	0.07828947368421052
-0.1920750000000001	0.142401	0.08502485795454547	0.07625
-0.21915000000000007	0.12330400000000008	0.0885660511363636	0.07796052631578947
-0.23173750000000004	0.1646097499999999	0.08418323863636365	0.0693421052631579
-0.19611250000000002	0.06305974999999986	0.09081392045454542	0.07618421052631578
-0.18067500000000003	0.07151099999999966	0.09004048295454546	0.07953947368421052
-0.1752125	0.09408774999999991	0.08728125000000005	0.09105263157894736
-0.2440875	0.07057775	0.080237215909091	0.0793421052631579
-0.2754375000000001	0.16894374999999995	0.08871306818181822	0.07407894736842104
-0.2609500000000001	0.16834599999999966	0.08403196022727276	0.08098684210526316
-0.1908875	0.09192975000000025	0.09711647727272726	0.07973684210526315
-0.1911250000000001	0.14197499999999952	0.08308806818181814	0.08052631578947368
-0.23316250000000005	0.06460774999999952	0.09317045454545453	0.07210526315789474
-0.26688750000000006	0.11163975000000015	0.08861718750000006	0.07072368421052631
-0.21653750000000005	0.07642775000000013	0.08741335227272728	0.07710526315789473
-0.2087	0.09518599999999999	0.08087642045454546	0.07763157894736841
-0.16452500000000003	0.11479899999999965	0.08861505681818174	0.08236842105263158
-0.2106	0.06798400000000004	0.08063565340909087	0.07888157894736843
-0.224375	0.14412500000000028	0.08745383522727271	0.07296052631578946
-0.22912500000000002	0.11552500000000032	0.08844673295454546	0.07151315789473683
-0.2616625	0.16278775000000012	0.1024580965909091	0.0744078947368421
-0.22983750000000003	0.1764177499999997	0.07759943181818182	0.0881578947368421
-0.23506250000000006	0.12324374999999987	0.08117258522727272	0.06980263157894737
-0.18423749999999994	0.12345975000000031	0.08906676136363641	0.07749999999999999
-0.227225	0.1282890000000001	0.09184303977272731	0.07822368421052632
-0.2082250000000001	0.12091899999999978	0.08515482954545452	0.07302631578947369
-0.21297500000000003	0.11999900000000041	0.08682741477272723	0.07796052631578947
-0.17901250000000002	0.17902974999999977	0.08830397727272724	0.07828947368421052
-0.21155000000000002	0.19799599999999984	0.09460014204545458	0.07032894736842105
-0.1942125	0.10926775000000033	0.08651420454545455	0.0806578947368421
-0.1894625000000001	0.09139775000000006	0.08958664772727275	0.07828947368421052
-0.23530000000000006	0.14144599999999974	0.0900852272727273	0.07236842105263158
-0.20490000000000008	0.12599400000000038	0.0839232954545455	0.08407894736842104
-0.21345000000000003	0.14149600000000007	0.07613565340909094	0.07861842105263157
-0.21321250000000003	0.12349774999999985	0.0864055397727273	0.08532894736842105
-0.1923125	0.12169374999999993	0.08401491477272725	0.08717105263157894
-0.2075125000000001	0.10588974999999978	0.08082102272727273	0.08355263157894736
-0.19492500000000013	0.03913099999999936	0.08455823863636361	0.07092105263157895
-0.22057499999999997	0.1232110000000004	0.0851761363636364	0.07407894736842104
-0.24432500000000001	0.08651100000000023	0.08509517045454551	0.08421052631578947
-0.25121249999999995	0.16810775000000033	0.08680823863636362	0.07578947368421052
-0.23506250000000006	0.11424374999999998	0.08900071022727278	0.07467105263157894
-0.22342499999999998	0.14222100000000015	0.08618394886363634	0.0805921052631579
-0.23530000000000006	0.11744599999999972	0.09829474431818183	0.07717105263157895
-0.23102500000000004	0.1649790000000002	0.08704900568181816	0.07072368421052631
-0.23268750000000005	0.14169374999999995	0.09115482954545454	0.07381578947368421
-0.22865000000000002	0.16334399999999993	0.09037499999999997	0.0763157894736842
-0.18637500000000007	0.115475	0.08447940340909094	0.08309210526315788
-0.19896250000000004	0.1414377499999997	0.08838707386363637	0.07138157894736842
-0.2410000000000001	0.17464999999999975	0.08485440340909094	0.0869078947368421
-0.20490000000000008	0.0874940000000004	0.08048224431818181	0.06546052631578947
-0.21843750000000006	0.17034375000000024	0.0871534090909091	0.0831578947368421
-0.2255625000000001	0.10724374999999986	0.08741335227272726	0.07342105263157896
-0.20371250000000007	0.1114077499999997	0.08165411931818178	0.07348684210526316
-0.2098875	0.1159697500000001	0.0870127840909091	0.0769736842105263
-0.1930250000000001	0.12381899999999968	0.0806612215909091	0.07151315789473683
-0.21653750000000005	0.06892775000000029	0.08882599431818179	0.07098684210526315
-0.20703749999999999	0.11811775000000013	0.08492684659090913	0.07835526315789473
-0.20205000000000006	0.18251600000000012	0.08747727272727272	0.07789473684210525
-0.22817500000000002	0.0979110000000003	0.09028338068181825	0.08138157894736843
-0.22128749999999997	0.10090775000000018	0.08797585227272725	0.07486842105263157
-0.2056125000000001	0.20353975000000002	0.08905184659090912	0.07730263157894737
-0.2538250000000001	0.17193100000000028	0.08957386363636365	0.07776315789473684
-0.2108375	0.1497377499999999	0.08988281250000002	0.07677631578947368
-0.19730000000000003	0.09997599999999984	0.08569602272727268	0.07144736842105263
-0.21368750000000003	0.13899375000000003	0.08071448863636368	0.08052631578947368
-0.18043750000000014	0.09744374999999961	0.08758593750000004	0.08453947368421051
-0.17948750000000013	0.09566974999999944	0.0884509943181818	0.08296052631578946
-0.18067500000000003	0.08501099999999973	0.08247017045454547	0.08078947368421052
-0.22318749999999998	0.1372437500000001	0.08582386363636364	0.07828947368421052
-0.21558750000000004	0.12320775000000017	0.10286079545454543	0.07197368421052631
-0.2607125	0.14744775000000043	0.09329190340909095	0.0769078947368421
-0.1911250000000001	0.08022499999999955	0.08528267045454549	0.0763157894736842
-0.2108375	0.16798775	0.07776136363636364	0.07776315789473684
-0.19730000000000003	0.11797600000000008	0.08684872159090906	0.07401315789473684
-0.19706250000000003	0.07369374999999989	0.09185369318181821	0.08881578947368421
-0.20228749999999995	0.12653775000000023	0.07623153409090908	0.07749999999999999
-0.2094125000000001	0.1357077499999999	0.08828053977272722	0.08546052631578946
-0.21535000000000004	0.09571400000000008	0.08690838068181815	0.07967105263157895
-0.2277	0.12672599999999967	0.08868749999999999	0.07802631578947368
-0.21012500000000012	0.1259749999999995	0.08326491477272722	0.08625
-0.21867499999999995	0.057581000000000326	0.09672230113636363	0.08019736842105263
-0.16737500000000005	0.08772499999999983	0.0889474431818182	0.07236842105263158
-0.21748750000000006	0.11563975000000015	0.08346306818181816	0.07499999999999998
-0.2079875	0.13140975	0.0929978693181818	0.07427631578947368
-0.224375	0.14662500000000023	0.0776420454545455	0.07789473684210525
-0.25168750000000006	0.11719375000000021	0.09096946022727274	0.06677631578947367
-0.22010000000000007	0.10699400000000026	0.08624360795454551	0.08203947368421052
-0.21416250000000003	0.0989877499999996	0.09221164772727274	0.07671052631578947
-0.26688750000000006	0.09913974999999997	0.08758380681818176	0.06868421052631579
-0.20775	0.15264999999999995	0.09006178977272727	0.07743421052631579
-0.18233750000000004	0.10646774999999975	0.08933096590909093	0.07078947368421053
-0.21226250000000002	0.08899975000000016	0.08019886363636354	0.08026315789473684
-0.2227125000000001	0.18553774999999995	0.0839318181818182	0.08473684210526315
-0.2063250000000001	0.12008099999999944	0.08734943181818183	0.07723684210526315
-0.21297500000000003	0.10849900000000012	0.08563849431818181	0.07401315789473684
-0.22960000000000003	0.08945399999999992	0.09124218749999997	0.07296052631578946
-0.262375	0.14372499999999988	0.09506249999999994	0.07855263157894736
-0.2089375	0.0611937500000006	0.09000852272727271	0.0806578947368421
-0.20513749999999997	0.0872597500000003	0.08398082386363638	0.07769736842105263
-0.1946875	0.1473437500000001	0.09049218750000004	0.07782894736842105
-0.16571250000000004	0.10279775000000013	0.07559446022727276	0.08453947368421051
-0.1913625	0.12551975000000004	0.0952414772727273	0.07263157894736842
-0.15644999999999998	0.10557600000000056	0.08261718750000004	0.08243421052631578
-0.2227125000000001	0.1580377500000001	0.09147656250000005	0.07730263157894737
-0.2277	0.09597599999999984	0.09374573863636367	0.07078947368421053
-0.19492500000000013	0.061380999999999464	0.08969318181818178	0.07921052631578947
-0.2426625	0.10946775000000031	0.09522656250000001	0.07072368421052631
-0.24575000000000002	0.13634999999999975	0.0878778409090909	0.0769736842105263
-0.2065625000000001	0.12259375000000006	0.09243110795454548	0.07782894736842105
-0.2421875	0.10734375000000007	0.09559517045454541	0.0769736842105263
-0.21012500000000012	0.14247499999999969	0.09517968749999997	0.07717105263157895
-0.21345000000000003	0.05474599999999974	0.09179829545454547	0.07723684210526315
-0.19255	0.018486000000000224	0.09004261363636364	0.0813157894736842
-0.2388625000000001	0.12241974999999972	0.08465838068181816	0.07967105263157895
-0.2089375	0.0831937500000004	0.10345951704545453	0.08085526315789474
-0.21131250000000001	0.08424375000000017	0.0936882102272728	0.08190789473684211
-0.1935	0.10565000000000024	0.08522727272727272	0.07999999999999999
-0.22960000000000003	0.07845400000000025	0.08035866477272728	0.07901315789473684
-0.227225	0.0930390000000001	0.07682812500000001	0.07921052631578947
-0.19825000000000004	0.12959999999999994	0.08953124999999998	0.07499999999999998
-0.21392500000000003	0.142741	0.08560653409090906	0.07171052631578947
-0.19635000000000002	0.12934400000000013	0.08786718749999996	0.08467105263157894
-0.16405000000000003	0.05984600000000029	0.08481818181818182	0.08118421052631579
-0.2065625000000001	0.18134374999999991	0.0908650568181818	0.07618421052631578
-0.18542500000000006	0.07000099999999954	0.09132741477272732	0.06835526315789472
-0.2602375	0.15539974999999995	0.0866505681818182	0.07407894736842104
-0.20679999999999998	0.179106	0.08333096590909095	0.07815789473684209
-0.2236625000000001	0.2024477499999997	0.08388707386363642	0.07703947368421052
-0.23055000000000003	0.10355599999999976	0.09121022727272726	0.07394736842105264
-0.21843750000000006	0.14709375000000025	0.0878288352272728	0.08296052631578946
-0.22936250000000014	0.0812397499999995	0.09213068181818182	0.07526315789473684
-0.25216249999999996	0.12902775000000055	0.09168963068181818	0.07401315789473684
-0.19397500000000012	0.06822899999999965	0.08511221590909086	0.07828947368421052
-0.22318749999999998	0.15674374999999996	0.08635227272727268	0.07210526315789474
-0.2229500000000001	0.1542659999999998	0.07313991477272726	0.06809210526315788
-0.21748750000000006	0.12038974999999974	0.09048153409090909	0.07921052631578947
-0.18708749999999996	0.11563775000000032	0.08638636363636368	0.08144736842105263
-0.22152499999999997	0.12063900000000016	0.08139630681818182	0.07565789473684209
-0.21273750000000002	0.14224974999999995	0.09286150568181821	0.07769736842105263
-0.27995000000000003	0.12383600000000028	0.08804403409090905	0.07157894736842105
-0.24290000000000012	0.1651539999999998	0.10080468749999999	0.08730263157894735
-0.2535875000000001	0.13976774999999986	0.08855965909090907	0.07263157894736842
-0.2236625000000001	0.1684477499999999	0.08934161931818185	0.0805921052631579
-0.21986250000000007	0.07975974999999957	0.09880823863636362	0.07223684210526315
-0.2091750000000001	0.08370099999999958	0.09820738636363635	0.08171052631578947
-0.20276250000000007	0.10282974999999972	0.08301988636363639	0.07578947368421052
-0.22651250000000012	0.1001297499999998	0.09061576704545454	0.08532894736842105
-0.20205000000000006	0.21401599999999998	0.08382102272727271	0.08671052631578947
-0.24931250000000005	0.11674375000000037	0.0786136363636364	0.07671052631578947
-0.20228749999999995	0.09253774999999997	0.08897301136363638	0.08223684210526315
-0.21345000000000003	0.16924599999999979	0.08888565340909091	0.08138157894736843
-0.2075125000000001	0.1128897499999999	0.09319602272727272	0.08276315789473684
-0.24503750000000002	0.1065577499999999	0.08963352272727271	0.07486842105263157
-0.1892250000000001	0.1273489999999997	0.08167542613636358	0.08348684210526315
-0.19682500000000003	0.1429109999999998	0.07672798295454544	0.08269736842105262
-0.21345000000000003	0.08124600000000015	0.09560156249999996	0.07638157894736843
-0.17758750000000012	0.10034774999999962	0.0981349431818182	0.07552631578947368
-0.18827500000000008	0.09889899999999985	0.0868188920454545	0.08177631578947368
-0.22888750000000002	0.17955975000000013	0.09155326704545455	0.07638157894736843
-0.17331249999999998	0.07994374999999998	0.08648011363636363	0.0838157894736842
-0.23173750000000004	0.11735974999999987	0.08989772727272732	0.07302631578947369
-0.226275	0.14340900000000056	0.09001704545454546	0.08092105263157894
-0.22651250000000012	0.16012974999999985	0.09388210227272728	0.07539473684210525
-0.21131250000000001	0.12349374999999974	0.0923181818181818	0.0793421052631579
-0.1749750000000001	0.07700899999999988	0.08979545454545457	0.07105263157894737
-0.2250875	0.13079775000000016	0.0865163352272727	0.07940789473684211
-0.20513749999999997	0.12325975000000033	0.07891832386363633	0.0694078947368421
-0.18613749999999996	0.10566975000000012	0.08376988636363632	0.08697368421052631
-0.21796250000000006	0.08886774999999947	0.08803338068181822	0.08098684210526316
-0.2239000000000001	0.12342399999999998	0.08997443181818181	0.07776315789473684
-0.2220000000000001	0.14559999999999995	0.091546875	0.08197368421052631
-0.24717500000000003	0.1066710000000004	0.09369034090909084	0.06460526315789474
-0.2246125000000001	0.1485997499999998	0.08928409090909091	0.0788157894736842
-0.20347500000000007	0.08688899999999977	0.09151278409090906	0.07749999999999999
-0.18328749999999994	0.1772177500000005	0.08010724431818185	0.08282894736842104
-0.23815000000000008	0.16733399999999943	0.08012002840909094	0.07427631578947368
-0.21273750000000002	0.0602497500000001	0.0866910511363636	0.07138157894736842
-0.19516250000000002	0.10166774999999983	0.07848153409090905	0.07092105263157895
-0.20513749999999997	0.12400975000000036	0.08691903409090915	0.07526315789473684
-0.23268750000000005	0.10244374999999994	0.09006605113636368	0.08111842105263158
-0.2098875	0.0834697499999999	0.08915198863636362	0.08578947368421053
-0.23221250000000004	0.08752774999999957	0.08683380681818177	0.07052631578947369
-0.23601250000000007	0.13404974999999997	0.09996093749999997	0.07743421052631579
-0.21321250000000003	0.13124774999999955	0.09487073863636364	0.07999999999999999
-0.24503750000000002	0.14505774999999987	0.0894183238636363	0.07506578947368421
-0.23292500000000005	0.0851510000000002	0.07580752840909093	0.07953947368421052
-0.18779999999999997	0.11029599999999995	0.08494602272727268	0.08881578947368421
-0.23435000000000006	0.06038399999999999	0.09626207386363642	0.06835526315789472
-0.21463750000000004	0.16347975000000003	0.09252272727272727	0.08039473684210525
-0.21535000000000004	0.07796400000000014	0.0820546875	0.07493421052631578
-0.26356250000000003	0.17494375000000018	0.09805610795454546	0.07822368421052632
-0.2094125000000001	0.11945774999999959	0.08743252840909095	0.07203947368421051
-0.22152499999999997	0.11363900000000005	0.09157457386363635	0.07835526315789473
-0.2535875000000001	0.13076774999999996	0.0980710227272727	0.07026315789473685
-0.23435000000000006	0.10713399999999984	0.08838920454545457	0.07013157894736842
-0.2538250000000001	0.10368100000000036	0.07950852272727275	0.07328947368421053
-0.23363750000000005	0.11151975000000025	0.09048792613636364	0.07835526315789473
-0.23530000000000006	0.09719599999999984	0.0858387784090909	0.07125
-0.1920750000000001	0.09865099999999982	0.08698508522727268	0.07151315789473683
-0.21345000000000003	0.14324599999999998	0.09303622159090902	0.08032894736842106
-0.23743750000000008	0.12799375000000035	0.09426988636363638	0.0793421052631579
-0.21582500000000004	0.08620100000000042	0.09222869318181817	0.07815789473684209
-0.24955000000000005	0.0766659999999999	0.09331107954545452	0.07210526315789474
-0.20347500000000007	0.09963899999999981	0.09597656249999995	0.07098684210526315
-0.21535000000000004	0.13746400000000003	0.09323011363636362	0.07763157894736841
-0.1935	0.06965000000000021	0.08328622159090913	0.07177631578947367
-0.23221250000000004	0.06427774999999958	0.09536931818181817	0.07605263157894736
-0.19920000000000004	0.06846600000000036	0.08709161931818184	0.08401315789473683
-0.21772499999999995	0.16362900000000025	0.09045170454545452	0.07473684210526314
-0.1946875	0.09559374999999992	0.07522798295454552	0.07993421052631579
-0.21463750000000004	0.12747975	0.08087642045454542	0.0731578947368421
-0.22057499999999997	0.08671100000000065	0.08760724431818186	0.07243421052631578
-0.21178750000000002	0.15949774999999988	0.08637144886363636	0.08019736842105263
-0.24503750000000002	0.15705774999999988	0.08509730113636366	0.07703947368421052
-0.14790000000000003	0.12050399999999994	0.0786051136363637	0.09315789473684209
-0.1918375	0.0658577500000006	0.0874154829545454	0.0719078947368421
-0.21701250000000005	0.11615974999999956	0.08888991477272729	0.07532894736842105
-0.21273750000000002	0.1187497500000001	0.09384374999999998	0.07039473684210526
-0.20300000000000007	0.1248499999999999	0.08203125000000003	0.08157894736842104
-0.20466250000000008	0.09672774999999989	0.1013267045454545	0.07842105263157893
-0.19445	0.11530600000000035	0.09057954545454547	0.07223684210526315
-0.25145000000000006	0.15127599999999974	0.10019105113636365	0.08493421052631578
-0.2388625000000001	0.13041974999999972	0.0923565340909091	0.07236842105263158
-0.22152499999999997	0.11563900000000027	0.0870298295454546	0.07039473684210526
-0.20371250000000007	0.09040774999999979	0.09040482954545448	0.07486842105263157
-0.2571500000000001	0.14416399999999951	0.08339062500000004	0.08394736842105263
-0.21986250000000007	0.08650974999999983	0.08588565340909093	0.08519736842105262
-0.21368750000000003	0.1082437500000002	0.08787357954545456	0.0718421052631579
-0.26546250000000005	0.16131775000000026	0.09280823863636364	0.07671052631578947
-0.241475	0.10102900000000004	0.09173650568181814	0.07625
-0.23696250000000008	0.11359774999999939	0.08646732954545448	0.07486842105263157
-0.22081250000000008	0.07969374999999967	0.08958238636363634	0.07986842105263157
-0.2538250000000001	0.17618100000000014	0.09345383522727274	0.08480263157894737
-0.21820000000000006	0.05685600000000024	0.09579971590909092	0.06921052631578947
-0.26451250000000004	0.09250975000000006	0.09938778409090906	0.08657894736842105
-0.21820000000000006	0.07585600000000037	0.0924098011363636	0.08296052631578946
-0.23530000000000006	0.11019599999999974	0.0971633522727273	0.07342105263157896
-0.18328749999999994	0.11271775000000028	0.08662286931818183	0.08125
-0.22033750000000007	0.17197774999999993	0.09151704545454542	0.07973684210526315
-0.21416250000000003	0.08273774999999972	0.08062286931818186	0.07072368421052631
-0.2426625	0.07796775	0.08571093750000001	0.06874999999999999
-0.21582500000000004	0.09420100000000042	0.0815561079545455	0.06835526315789472
-0.19825000000000004	0.13885000000000014	0.08371235795454542	0.08098684210526316
-0.2091750000000001	0.1129509999999998	0.09151065340909091	0.07796052631578947
-0.21297500000000003	0.08499900000000027	0.0787244318181819	0.07210526315789474
-0.25287500000000007	0.13327500000000025	0.09259943181818177	0.06776315789473684
-0.21202500000000013	0.09524899999999992	0.08466264204545461	0.07677631578947368
-0.19516250000000002	0.08766775000000004	0.09276988636363637	0.07157894736842105
-0.2094125000000001	0.09745774999999979	0.08482670454545455	0.07907894736842104
-0.18684999999999996	0.0875840000000001	0.0834971590909091	0.08302631578947368
-0.22746250000000012	0.17175774999999982	0.09570383522727277	0.06743421052631578
-0.1927875	0.0585277500000001	0.08354829545454548	0.0886842105263158
-0.23411250000000006	0.10567974999999974	0.0893309659090909	0.07513157894736841
-0.23292500000000005	0.2539010000000004	0.0937755681818182	0.07592105263157893
-0.19492500000000013	0.06363099999999955	0.08224644886363636	0.07085526315789473
-0.2258	0.10271600000000003	0.08600284090909094	0.08236842105263158
-0.22318749999999998	0.08549374999999992	0.0790205965909091	0.08730263157894735
-0.19825000000000004	0.0506000000000002	0.0804651988636364	0.07480263157894737
-0.2084625000000001	0.03867774999999973	0.0799282670454545	0.07269736842105262
-0.2239000000000001	0.14392400000000016	0.08576420454545454	0.07802631578947368
-0.24622500000000003	0.11670900000000017	0.09421022727272726	0.06947368421052631
-0.23150000000000004	0.06239999999999979	0.08977627840909089	0.06796052631578947
-0.22247499999999998	0.1860590000000002	0.09113139204545453	0.06282894736842104
-0.20276250000000007	0.09907975000000002	0.09053906250000002	0.07664473684210527
-0.23340000000000005	0.13331399999999993	0.08440482954545453	0.07907894736842104
-0.21131250000000001	0.054493749999999785	0.09478338068181816	0.07506578947368421
-0.18732500000000007	0.08494100000000016	0.08457741477272729	0.08125
-0.23601250000000007	0.14954974999999981	0.09007031249999997	0.07967105263157895
-0.21202500000000013	0.11924899999999994	0.08459232954545459	0.07736842105263157
-0.24693750000000003	0.17749375	0.08481392045454537	0.07868421052631579
-0.22176250000000008	0.08686974999999952	0.0774076704545455	0.07263157894736842
-0.20181250000000006	0.1359937499999999	0.08865340909090912	0.08289473684210526
-0.23696250000000008	0.08184774999999966	0.09787286931818182	0.07467105263157894
-0.22841250000000013	0.11562774999999981	0.09098437500000003	0.0675
-0.21297500000000003	0.1209990000000003	0.08953551136363634	0.07289473684210526
-0.22817500000000002	0.15691100000000047	0.0867677556818182	0.0844078947368421
-0.24503750000000002	0.08080774999999996	0.0841214488636364	0.08401315789473683
-0.2269875	0.09931974999999982	0.09609161931818185	0.07230263157894737
-0.2082250000000001	0.13366899999999937	0.08502911931818183	0.07085526315789473
-0.25050000000000006	0.08859999999999957	0.08895596590909091	0.08342105263157894
-0.22247499999999998	0.10955899999999996	0.09193465909090912	0.0763157894736842
-0.20228749999999995	0.09903774999999992	0.07935085227272731	0.08171052631578947
-0.23601250000000007	0.17229974999999964	0.08382528409090914	0.07868421052631579
-0.2227125000000001	0.15653775000000003	0.08894531250000001	0.08532894736842105
-0.20252500000000007	0.09330899999999964	0.08897940340909097	0.07769736842105263
-0.20252500000000007	0.08355899999999972	0.07797017045454548	0.07197368421052631
-0.22318749999999998	0.1632437499999999	0.08170738636363634	0.08592105263157894
-0.15621249999999998	0.12845775000000037	0.08374644886363633	0.07730263157894737
-0.23696250000000008	0.07659774999999946	0.09149999999999994	0.08302631578947368
-0.19658750000000003	0.1366277500000006	0.07885440340909093	0.07519736842105262
-0.23791250000000008	0.0486377499999997	0.0850696022727273	0.07592105263157893
-0.18566250000000006	0.12355775000000024	0.09566122159090909	0.07625
-0.21155000000000002	0.09824600000000006	0.09009588068181823	0.06414473684210525
-0.18043750000000014	0.12044374999999974	0.08676988636363639	0.08039473684210525
-0.2098875	0.057969750000000264	0.08579190340909094	0.07164473684210526
-0.25050000000000006	0.12134999999999962	0.08996803977272724	0.07177631578947367
-0.18566250000000006	0.10330774999999992	0.08570667613636368	0.08164473684210527
-0.21843750000000006	0.1043437500000004	0.08876633522727267	0.07453947368421052
-0.21297500000000003	0.13274900000000045	0.0971313920454546	0.07427631578947368
-0.23458750000000006	0.13008774999999995	0.0916704545454546	0.0711842105263158
-0.21962499999999996	0.11327500000000024	0.0887151988636364	0.07927631578947368
-0.21606250000000005	0.20519374999999984	0.08324360795454544	0.08072368421052632
-0.2419500000000001	0.2304059999999999	0.08293678977272731	0.07743421052631579
-0.2545375000000001	0.13066774999999975	0.08410227272727275	0.07828947368421052
-0.22888750000000002	0.15605975000000027	0.09001917613636368	0.08177631578947368
-0.18969999999999998	0.11994600000000011	0.09214346590909095	0.0744736842105263
-0.2861250000000001	0.06847499999999984	0.08886647727272726	0.0788157894736842
-0.23126250000000004	0.1356897499999996	0.08367400568181822	0.07243421052631578
-0.2227125000000001	0.08028774999999966	0.0937244318181819	0.07328947368421053
-0.21368750000000003	0.05924375000000026	0.08990198863636362	0.07460526315789473
-0.1935	0.08389999999999986	0.0855106534090909	0.06638157894736842
-0.2417125000000001	0.09496774999999946	0.09479190340909091	0.07243421052631578
-0.22152499999999997	0.20438900000000038	0.08624786931818186	0.08111842105263158
-0.21487500000000004	0.026225000000000165	0.08659517045454543	0.07434210526315789
-0.21677499999999994	0.08766900000000044	0.0953309659090909	0.08223684210526315
-0.23245000000000005	0.17973600000000012	0.09388210227272725	0.07276315789473685
-0.16784999999999994	0.09941400000000034	0.08689346590909092	0.0875
-0.24931250000000005	0.10074375000000035	0.08343323863636366	0.07499999999999998
-0.1918375	0.1413577500000005	0.08461576704545454	0.07914473684210527
-0.18233750000000004	0.09646774999999952	0.07920809659090908	0.0825657894736842
-0.22793750000000002	0.055443750000000236	0.09295738636363632	0.07684210526315789
-0.2106	0.08298399999999972	0.08675923295454548	0.07677631578947368
-0.20252500000000007	0.18530899999999972	0.0851590909090909	0.08078947368421052
-0.18542500000000006	0.10300099999999945	0.08339701704545457	0.09032894736842105
-0.19635000000000002	0.08234399999999997	0.07832386363636365	0.07171052631578947
-0.1911250000000001	0.14197499999999952	0.08652059659090904	0.08519736842105262
-0.22746250000000012	0.16450774999999984	0.08932883522727272	0.07217105263157894
-0.24480000000000002	0.20662599999999953	0.0925078125	0.07322368421052632
-0.21368750000000003	0.09649375000000004	0.08687215909090908	0.07842105263157893
-0.25287500000000007	0.10527500000000023	0.0847713068181819	0.07144736842105263
-0.1581125	0.06213975000000005	0.08699573863636365	0.07921052631578947
-0.21345000000000003	0.12774600000000014	0.08774999999999995	0.07736842105263157
-0.23648750000000007	0.10619975000000004	0.0884936079545455	0.07769736842105263
-0.20775	0.17939999999999978	0.07410085227272728	0.08039473684210525
-0.23007500000000003	0.16713099999999992	0.08601775568181816	0.07559210526315789
-0.21772499999999995	0.07562900000000017	0.08809090909090908	0.07671052631578947
-0.22936250000000014	0.08748974999999959	0.07971732954545453	0.0744736842105263
-0.19872500000000004	0.08065899999999981	0.07454829545454543	0.07289473684210526
-0.2236625000000001	0.06819774999999995	0.08602414772727268	0.0725
-0.21107500000000012	0.06424099999999955	0.09402485795454546	0.07651315789473684
-0.241475	0.0805290000000003	0.08884303977272735	0.07559210526315789
-0.2626125	0.11711975000000008	0.08130894886363638	0.07664473684210527
-0.17925000000000002	0.05885000000000051	0.0849353693181818	0.08769736842105262
-0.2220000000000001	0.10535000000000005	0.0899936079545454	0.07703947368421052
-0.23862499999999998	0.056475000000000275	0.09559303977272726	0.06914473684210526
