-0.3691375	0.3359897500000013	0.13422321428571427	0.08977272727272727
-0.38178750000000006	0.4001077500000001	0.13414955357142852	0.09386363636363636
-0.3773875000000001	0.33745974999999895	0.1420390625000001	0.08147727272727272
-0.39773749999999997	0.19628975000000004	0.14473214285714295	0.09045454545454545
-0.37436250000000004	0.4202797500000006	0.14000223214285726	0.08772727272727272
-0.37065000000000003	0.39519400000000005	0.1435457589285715	0.07761363636363637
-0.3883875000000001	0.42711974999999924	0.1366328125	0.08420454545454545
-0.4025500000000001	0.2547259999999998	0.13126450892857133	0.08397727272727272
-0.39759999999999995	0.3008040000000012	0.13732812499999997	0.08840909090909091
-0.3421875	0.3268437500000001	0.12783147321428584	0.08647727272727272
-0.3834375	0.5150937500000001	0.14750781250000003	0.09443181818181817
-0.38673749999999996	0.2995997500000005	0.13725223214285703	0.08272727272727272
-0.3606125000000001	0.33172974999999916	0.13863169642857132	0.09545454545454544
-0.3982875000000001	0.37047774999999916	0.1546316964285715	0.08386363636363636
-0.3724375	0.24899375000000212	0.13564285714285715	0.09454545454545454
-0.36707500000000004	0.26734100000000005	0.13721651785714267	0.09454545454545454
-0.3657	0.2633459999999985	0.1397622767857143	0.0903409090909091
-0.3760125000000001	0.33658974999999813	0.13700111607142856	0.08374999999999999
-0.38412499999999994	0.2650249999999996	0.13711941964285715	0.1028409090909091
-0.4014500000000001	0.2889660000000003	0.14770870535714273	0.08943181818181818
-0.360475	0.386609	0.13482366071428575	0.08431818181818182
-0.3727125000000001	0.4111477499999978	0.12633482142857144	0.09272727272727271
-0.3584125	0.2702377499999997	0.13158258928571434	0.08249999999999999
-0.40956250000000005	0.33994374999999977	0.14313058035714282	0.08806818181818182
-0.4043375	0.3360177499999999	0.14918861607142841	0.10375
-0.3848125	0.3644437500000013	0.1399252232142857	0.08829545454545455
-0.3724375	0.3572437500000021	0.13337834821428562	0.09215909090909091
-0.4153375	0.45683775000000004	0.15128013392857137	0.08852272727272727
-0.3342125	0.4353777499999989	0.12548883928571422	0.09454545454545454
-0.4099750000000001	0.4685189999999988	0.14640959821428562	0.09238636363636363
-0.37326250000000005	0.4354497500000001	0.14085825892857132	0.09284090909090909
-0.3845375	0.1623777499999992	0.14236830357142868	0.09613636363636363
-0.3921000000000001	0.3459639999999986	0.1452622767857143	0.08806818181818182
-0.3580000000000001	0.37185000000000024	0.14172991071428587	0.08363636363636363
-0.4043375	0.5087677500000005	0.1373772321428572	0.09022727272727273
-0.3861875	0.28499374999999993	0.13031584821428563	0.09670454545454545
-0.41025	0.4208999999999996	0.1500066964285714	0.09045454545454545
-0.381375	0.2944749999999985	0.13104799107142853	0.08988636363636364
-0.37312499999999993	0.3491250000000008	0.14103906249999998	0.08920454545454545
-0.3904500000000001	0.1278560000000013	0.15212723214285723	0.07977272727272726
-0.36006250000000006	0.23874375000000114	0.13283816964285705	0.0946590909090909
-0.40928750000000014	0.49155774999999835	0.14043973214285707	0.09022727272727273
-0.35414999999999996	0.23876399999999975	0.13887834821428577	0.09829545454545455
-0.3542875000000001	0.39440774999999917	0.13533928571428572	0.09568181818181817
-0.3736750000000001	0.21142099999999964	0.14631696428571433	0.08545454545454545
-0.41795000000000004	0.3427559999999996	0.14043303571428564	0.08727272727272727
-0.403925	0.38588100000000125	0.13740959821428578	0.08443181818181818
-0.4053	0.3519860000000019	0.14635825892857135	0.09647727272727272
-0.38055000000000005	0.25044600000000194	0.13943749999999996	0.10772727272727271
-0.4174	0.43835400000000035	0.1434910714285713	0.08477272727272726
-0.41932500000000006	0.3226010000000006	0.1449196428571428	0.09022727272727273
-0.3608875	0.41296975000000025	0.13488727678571422	0.10443181818181818
-0.42289999999999994	0.33776400000000173	0.15169866071428567	0.08931818181818182
-0.3941625000000001	0.4094977499999999	0.14588169642857146	0.09204545454545456
-0.3655625	0.14724375000000123	0.13873883928571412	0.09749999999999999
-0.39773749999999997	0.3930397499999998	0.1275390625	0.08806818181818182
-0.3555250000000001	0.3311789999999988	0.1274620535714285	0.08931818181818182
-0.35992499999999994	0.3698710000000016	0.13728013392857127	0.08511363636363636
-0.37725	0.31815000000000104	0.15666629464285725	0.09125
-0.36845000000000006	0.33203600000000044	0.13211160714285725	0.09363636363636363
-0.363225	0.2514290000000017	0.14236160714285706	0.08636363636363636
-0.36941250000000003	0.46116774999999777	0.1417176339285715	0.08761363636363637
-0.3886625	0.3306577500000003	0.13436718750000004	0.08738636363636364
-0.37450000000000006	0.3205999999999989	0.13869531250000006	0.10215909090909091
-0.37546250000000003	0.19532775000000058	0.13841964285714278	0.08772727272727272
-0.3886625	0.35790775000000075	0.14378794642857143	0.08795454545454545
-0.35992499999999994	0.3246210000000005	0.1502053571428571	0.08499999999999999
-0.3509875	0.2613197500000002	0.1352198660714287	0.09374999999999999
-0.3773875000000001	0.2374597499999993	0.14617410714285703	0.0915909090909091
-0.3471375	0.1215197500000027	0.14269977678571436	0.07852272727272726
-0.38275000000000003	0.3146500000000003	0.1417075892857143	0.09227272727272727
-0.40117500000000006	0.3120209999999979	0.15024888392857141	0.08170454545454545
-0.3904500000000001	0.41310600000000086	0.1396819196428571	0.10193181818181818
-0.39361250000000003	0.4542497500000007	0.13700781249999996	0.07806818181818183
-0.35250000000000004	0.30850000000000044	0.13098214285714269	0.09295454545454544
-0.3740875	0.2883877499999983	0.13277008928571427	0.08454545454545455
-0.3845375	0.35662774999999947	0.1298080357142857	0.09227272727272727
-0.38178750000000006	0.4236077500000004	0.14199107142857134	0.07590909090909091
-0.38770000000000004	0.2765159999999991	0.14464843750000006	0.08738636363636364
-0.3712000000000001	0.3440259999999995	0.1495055803571428	0.09147727272727273
-0.37573749999999995	0.4644597499999996	0.13876897321428575	0.09056818181818183
-0.39127500000000004	0.2771689999999989	0.14597767857142863	0.09090909090909091
-0.37697500000000006	0.26077899999999943	0.13978348214285705	0.08840909090909091
-0.41767500000000013	0.2926809999999982	0.1489542410714284	0.08965909090909091
-0.413825	0.30792100000000033	0.15793638392857148	0.08875
-0.3831625000000001	0.19926775000000063	0.13247321428571437	0.09295454545454544
-0.38055000000000005	0.08894600000000175	0.13595089285714285	0.09272727272727271
-0.37917500000000004	0.49194100000000063	0.14298102678571428	0.09193181818181818
-0.40969999999999995	0.352386000000001	0.1460691964285715	0.0915909090909091
-0.363225	0.18992900000000112	0.13381584821428574	0.08715909090909091
-0.40461250000000004	0.35268975000000147	0.13896986607142864	0.08806818181818182
-0.37175	0.2723499999999994	0.13988281250000004	0.08897727272727272
-0.35896249999999996	0.29224775000000136	0.1286651785714284	0.09409090909090909
-0.38027500000000003	0.2438489999999991	0.13965848214285717	0.07886363636363636
-0.37092499999999995	0.3011110000000006	0.137546875	0.09363636363636363
-0.36597500000000005	0.40754900000000127	0.12968750000000004	0.09295454545454544
-0.377525	0.49651900000000104	0.14059709821428573	0.09624999999999999
-0.3966375	0.4413897500000008	0.15417522321428567	0.08943181818181818
-0.39155000000000006	0.20893599999999957	0.13140178571428576	0.09749999999999999
-0.36872499999999997	0.4057190000000013	0.14068080357142854	0.09045454545454545
-0.3904500000000001	0.35585600000000106	0.14322656250000007	0.09647727272727272
-0.39498750000000005	0.28472974999999856	0.1366863839285714	0.10170454545454545
-0.3809625	0.5238377500000002	0.14548437499999992	0.08636363636363636
-0.3544250000000001	0.3213009999999983	0.13422767857142853	0.09272727272727271
-0.3677625	0.26531974999999974	0.1334888392857143	0.08499999999999999
-0.40213750000000004	0.34681974999999987	0.14495758928571442	0.0890909090909091
-0.39003750000000004	0.34131775	0.13364955357142858	0.09068181818181818
-0.39773749999999997	0.35453974999999893	0.14921651785714268	0.08386363636363636
-0.383575	0.2898809999999994	0.15018638392857142	0.08420454545454545
-0.372575	0.39082100000000075	0.14140178571428572	0.09204545454545456
-0.40722500000000006	0.32634900000000044	0.13375223214285703	0.10363636363636364
-0.35016250000000004	0.26537775000000074	0.1422053571428571	0.09659090909090909
-0.390725	0.2976290000000006	0.14385937499999993	0.09295454545454544
-0.34411250000000004	0.2501697499999995	0.13296875	0.10068181818181818
-0.35497500000000004	0.27686900000000136	0.13400223214285717	0.10045454545454545
-0.416025	0.40393900000000116	0.1536607142857144	0.09090909090909091
-0.36253749999999996	0.4001177500000015	0.13339843750000002	0.08238636363636363
-0.3592375	0.394999750000002	0.14243526785714278	0.07636363636363637
-0.37175	0.46834999999999916	0.13573214285714286	0.09136363636363637
-0.37450000000000006	0.3160999999999987	0.13850669642857136	0.09090909090909091
-0.412725	0.32348900000000036	0.1454787946428571	0.08920454545454545
-0.3427374999999999	0.2895897500000011	0.1413002232142858	0.08829545454545455
-0.4077750000000001	0.34214899999999915	0.14819531250000015	0.07693181818181818
-0.3606125000000001	0.32372974999999826	0.12611607142857145	0.08545454545454545
-0.3621249999999999	0.34977500000000106	0.1532142857142857	0.08409090909090909
-0.37683750000000005	0.3154677500000016	0.14580022321428573	0.08965909090909091
-0.37463749999999996	0.3386697500000011	0.14100334821428576	0.09329545454545454
-0.3883875000000001	0.301119749999998	0.1345569196428571	0.09374999999999999
-0.413825	0.36142100000000177	0.16738839285714296	0.08795454545454545
-0.3809625	0.42608775000000065	0.12988058035714278	0.09306818181818181
-0.38398750000000004	0.20848974999999825	0.13013839285714285	0.0934090909090909
-0.37683750000000005	0.34821775000000166	0.1366305803571428	0.08056818181818182
-0.40571250000000003	0.4446077500000012	0.14222209821428577	0.09556818181818182
-0.363225	0.20142900000000097	0.13216964285714272	0.09227272727272727
-0.36721250000000005	0.3444377499999991	0.14109598214285718	0.09886363636363636
-0.39402499999999996	0.4487490000000012	0.15014732142857137	0.08818181818181818
-0.3254125	0.3559977500000002	0.14759040178571423	0.09079545454545455
-0.3531875	0.3364937499999989	0.13362834821428565	0.09602272727272726
-0.35167500000000007	0.31984100000000026	0.14330133928571442	0.09818181818181818
-0.40337500000000004	0.4205249999999978	0.14059263392857135	0.09329545454545454
-0.36363749999999995	0.42175975000000143	0.1325022321428572	0.09363636363636363
-0.370375	0.1507750000000012	0.14439508928571418	0.09409090909090909
-0.3845375	0.375877749999999	0.14402455357142865	0.08704545454545455
-0.3795875000000001	0.36284774999999847	0.14383928571428584	0.09090909090909091
-0.4029625	0.3423777499999989	0.1335959821428572	0.09022727272727273
-0.39732500000000004	0.22258099999999992	0.1344843750000001	0.08727272727272727
-0.35497500000000004	0.27636900000000075	0.12935044642857133	0.09681818181818182
-0.37834999999999996	0.19836399999999976	0.13290848214285705	0.09386363636363636
-0.4053	0.39973600000000253	0.14128459821428563	0.08397727272727272
-0.36982499999999996	0.163431000000001	0.13901004464285735	0.08397727272727272
-0.37463749999999996	0.4131697499999998	0.1427232142857143	0.08977272727272727
-0.36817500000000003	0.3986010000000011	0.15132366071428577	0.09454545454545454
-0.3751875	0.34519374999999997	0.13700669642857133	0.08681818181818182
-0.3955375	0.3642077500000003	0.14069419642857148	0.09727272727272726
-0.39759999999999995	0.27355400000000074	0.1488694196428572	0.08488636363636363
-0.39127500000000004	0.23366899999999902	0.15110937500000005	0.10318181818181818
-0.3485125000000001	0.31468974999999944	0.13817075892857136	0.0903409090909091
-0.41918749999999994	0.2679437500000006	0.15978459821428567	0.07943181818181817
-0.3848125	0.35244375000000083	0.1372142857142858	0.08954545454545455
-0.3448	0.5170659999999998	0.15136049107142838	0.08374999999999999
-0.38495	0.2777259999999995	0.14207366071428568	0.09545454545454544
-0.3776625	0.4410777499999998	0.1373426339285714	0.09488636363636363
-0.3845375	0.297377749999999	0.13890959821428567	0.0903409090909091
-0.3580000000000001	0.17759999999999998	0.13081919642857143	0.09295454545454544
-0.3883875000000001	0.2281197499999994	0.1373381696428572	0.08829545454545455
-0.4088750000000001	0.28647499999999937	0.13846763392857145	0.08579545454545455
-0.38178750000000006	0.17285775000000037	0.1359709821428571	0.08795454545454545
-0.4147875	0.3151477500000013	0.13876897321428566	0.08374999999999999
-0.38893750000000005	0.5371937500000001	0.14665290178571433	0.09170454545454546
-0.37065000000000003	0.37744400000000056	0.1429765625	0.09534090909090909
-0.3287125000000001	0.44006775000000076	0.11887388392857141	0.09784090909090909
-0.37834999999999996	0.3713639999999998	0.1250792410714285	0.09102272727272727
-0.3547	0.35258599999999873	0.13321428571428567	0.10227272727272727
-0.3584125	0.3187377499999986	0.13850446428571425	0.09318181818181817
-0.38426250000000006	0.27880974999999886	0.13903683035714273	0.08738636363636364
-0.3845375	0.33887775	0.1466272321428572	0.09795454545454545
-0.3641875	0.35994374999999934	0.13888727678571428	0.09374999999999999
-0.366525	0.3129490000000015	0.12686383928571415	0.08840909090909091
-0.3776625	0.29332774999999955	0.13741071428571416	0.09227272727272727
-0.33833750000000007	0.38164774999999906	0.12788281249999997	0.09920454545454545
-0.38756250000000003	0.3224937499999996	0.14397991071428573	0.08454545454545455
-0.334075	0.25641099999999994	0.13655580357142855	0.10227272727272727
-0.39017500000000005	0.18358100000000022	0.1445479910714286	0.08829545454545455
-0.4222125	0.3152877500000013	0.14511495535714292	0.08965909090909091
-0.3850875	0.3570077499999993	0.14212499999999995	0.09022727272727273
-0.3195	0.38035000000000174	0.13122767857142853	0.09818181818181818
-0.37834999999999996	0.25836400000000026	0.14076450892857142	0.08647727272727272
-0.3723000000000001	0.26391599999999826	0.14842633928571425	0.08431818181818182
-0.40365000000000006	0.21720399999999884	0.13457589285714272	0.07931818181818182
-0.35758750000000006	0.32545775	0.13245758928571422	0.08795454545454545
-0.36624999999999996	0.30400000000000027	0.14282812500000014	0.09977272727272726
-0.39815	0.48124399999999845	0.14213281249999993	0.09193181818181818
-0.3536	0.23518400000000028	0.15105580357142856	0.09022727272727273
-0.4245500000000001	0.4644560000000002	0.14012723214285722	0.08590909090909091
-0.3822000000000001	0.16923599999999794	0.13644754464285708	0.09284090909090909
-0.4029625	0.2876277499999986	0.1364285714285714	0.09090909090909091
-0.38275000000000003	0.4393999999999991	0.14120647321428564	0.09056818181818183
-0.42551249999999996	0.2991597499999994	0.14239843749999995	0.07329545454545454
-0.3639125000000001	0.288227749999999	0.13493415178571427	0.09602272727272726
-0.3702375	0.31843975000000135	0.1320613839285715	0.08011363636363636
-0.359375	0.4626249999999992	0.1366897321428572	0.09272727272727271
-0.3680375	0.24225775000000205	0.13795870535714289	0.09284090909090909
-0.372575	0.3658210000000004	0.12461049107142849	0.08761363636363637
-0.3944375	0.5044937500000017	0.13928459821428565	0.09011363636363637
-0.3522250000000001	0.362448999999998	0.14136495535714286	0.10920454545454544
-0.4139625	0.38084774999999915	0.15456026785714294	0.08499999999999999
-0.3680375	0.4512577500000017	0.14033928571428567	0.09318181818181817
-0.360475	0.3093590000000006	0.13858035714285716	0.08886363636363637
-0.36075	0.3368500000000001	0.1330792410714284	0.08920454545454545
-0.37793750000000004	0.40519375000000046	0.14472209821428572	0.09579545454545454
-0.3690000000000001	0.2536499999999986	0.14821205357142836	0.08431818181818182
-0.3738125000000001	0.3592437499999992	0.13921205357142855	0.09113636363636364
-0.38797500000000007	0.3158089999999998	0.14285267857142864	0.08045454545454545
-0.38495	0.2839760000000009	0.13237053571428586	0.08045454545454545
-0.36116250000000005	0.3444577500000001	0.14902232142857136	0.08863636363636364
-0.35896249999999996	0.376247750000001	0.14532477678571437	0.09306818181818181
-0.37711249999999996	0.3398397500000012	0.13815066964285722	0.08715909090909091
-0.3716125000000001	0.38926974999999864	0.14657142857142869	0.09113636363636364
-0.399525	0.31055900000000136	0.1399631696428572	0.09147727272727273
-0.369275	0.27482900000000043	0.14466183035714283	0.08920454545454545
-0.3710625000000001	0.2671937499999988	0.13111049107142855	0.08715909090909091
-0.3555250000000001	0.2609289999999991	0.1348939732142856	0.08943181818181818
-0.3724375	0.38674375000000083	0.13801339285714292	0.10477272727272727
-0.40475000000000005	0.2884000000000011	0.13979129464285728	0.08920454545454545
-0.42757500000000004	0.48387099999999883	0.13809375000000018	0.09045454545454545
-0.3795875000000001	0.2988477499999984	0.1390580357142857	0.09068181818181818
-0.36817500000000003	0.3593510000000002	0.13158370535714287	0.10329545454545455
-0.36982499999999996	0.21893100000000132	0.13958035714285716	0.09
-0.38192499999999996	0.3544010000000011	0.13570424107142867	0.08602272727272726
-0.38082499999999997	0.29329099999999997	0.1484564732142856	0.08693181818181818
-0.38935	0.4207440000000009	0.1323113839285713	0.09102272727272727
-0.3845375	0.3491277499999992	0.13214843749999994	0.0796590909090909
-0.38797500000000007	0.3918090000000003	0.13168973214285717	0.09295454545454544
-0.3740875	0.3731377499999997	0.14458705357142856	0.08772727272727272
-0.36845000000000006	0.35528599999999955	0.1427935267857142	0.08534090909090909
-0.393475	0.38549899999999937	0.1414140624999999	0.08329545454545455
-0.3908625	0.2298897499999999	0.13564285714285715	0.08636363636363636
-0.3592375	0.2884997500000015	0.1357154017857142	0.08193181818181818
-0.34672500000000006	0.21175899999999892	0.14077790178571425	0.09761363636363636
-0.35896249999999996	0.12574775000000038	0.1424520089285714	0.09352272727272727
-0.3872875000000001	0.5009477499999981	0.13316852678571417	0.07920454545454544
-0.3578625	0.2599697499999998	0.12992187499999994	0.08409090909090909
-0.4062625000000001	0.27067974999999933	0.1343627232142858	0.08965909090909091
-0.3910000000000001	0.3561499999999995	0.14462499999999995	0.08931818181818182
-0.371475	0.30193899999999907	0.15147321428571422	0.08863636363636364
-0.36405	0.28883600000000165	0.1370881696428572	0.0846590909090909
-0.4068125	0.39724374999999945	0.1427734375000001	0.08738636363636364
-0.38646250000000004	0.326797749999999	0.13421540178571414	0.08920454545454545
-0.37546250000000003	0.2865777499999993	0.13306808035714296	0.09079545454545455
-0.41066250000000004	0.39446775000000045	0.14261607142857147	0.09068181818181818
-0.35621250000000004	0.2621177499999998	0.12149441964285707	0.09215909090909091
-0.36116250000000005	0.33970775000000053	0.1364553571428571	0.09181818181818183
-0.372575	0.17107099999999953	0.14429241071428575	0.08772727272727272
-0.3438375	0.26805775000000054	0.14052120535714277	0.08056818181818182
-0.42633750000000004	0.4004577499999993	0.15081250000000004	0.07931818181818182
-0.3650125000000001	0.2058297499999977	0.13935267857142872	0.08636363636363636
-0.3713375	0.29735775000000153	0.14865959821428587	0.09602272727272726
-0.41189999999999993	0.38989400000000174	0.1452879464285714	0.08409090909090909
-0.34782500000000005	0.2601109999999984	0.12895982142857146	0.08977272727272727
-0.3410875	0.36082775000000034	0.14670982142857142	0.09386363636363636
-0.33833750000000007	0.33714774999999975	0.13866294642857152	0.09409090909090909
-0.3859125	0.4054377500000008	0.1414441964285715	0.0984090909090909
-0.39966250000000003	0.4545377500000001	0.13626227678571437	0.09397727272727271
-0.38041249999999993	0.3473977500000025	0.13412500000000008	0.09386363636363636
-0.41189999999999993	0.5233940000000015	0.13566294642857127	0.08931818181818182
-0.38385	0.31395400000000073	0.14069419642857153	0.09568181818181817
-0.3823375	0.31977775000000186	0.12868080357142853	0.09272727272727271
-0.372575	0.2433209999999999	0.14871316964285716	0.09306818181818181
-0.399525	0.21330900000000064	0.14663058035714277	0.09443181818181817
-0.3760125000000001	0.36308974999999855	0.15112165178571438	0.09011363636363637
-0.3919625	0.40470775000000003	0.14344754464285714	0.08988636363636364
-0.3736750000000001	0.32642099999999985	0.1495379464285715	0.09090909090909091
-0.369275	0.34507900000000014	0.14718750000000008	0.09477272727272726
-0.37051250000000013	0.29185974999999864	0.14433370535714302	0.07806818181818183
-0.38055000000000005	0.43519600000000125	0.13989732142857142	0.08977272727272727
-0.37285	0.3254740000000016	0.1367756696428571	0.09397727272727271
-0.35002500000000003	0.22971899999999756	0.13496651785714284	0.08772727272727272
-0.41176250000000003	0.3732097499999991	0.14926004464285722	0.07625
-0.399525	0.1578090000000021	0.14883370535714288	0.08625
-0.40227500000000005	0.3330389999999994	0.14155691964285724	0.07602272727272727
-0.3702375	0.4416897500000001	0.14313392857142854	0.10386363636363637
-0.40035	0.26817400000000013	0.15031584821428576	0.09829545454545455
-0.41052500000000003	0.32177899999999937	0.13806696428571424	0.08204545454545455
-0.38770000000000004	0.47276599999999824	0.13209486607142853	0.08920454545454545
-0.399525	0.6230590000000014	0.13406808035714265	0.08556818181818182
-0.3850875	0.36100774999999885	0.13885825892857134	0.09125
-0.387425	0.3862210000000008	0.13858928571428578	0.08454545454545455
-0.4128625	0.4316697499999993	0.1334464285714287	0.0834090909090909
-0.3943	0.5682460000000003	0.14965513392857163	0.07943181818181817
-0.36624999999999996	0.38500000000000156	0.1301651785714285	0.08954545454545455
-0.3701000000000001	0.3221039999999995	0.13079017857142852	0.08613636363636364
-0.3401250000000001	0.35147499999999887	0.14586383928571423	0.09295454545454544
-0.33847499999999997	0.38634900000000094	0.13396763392857133	0.08852272727272727
-0.3789000000000001	0.2078339999999983	0.13999218750000014	0.08443181818181818
-0.3784875000000001	0.34766974999999967	0.13684375000000004	0.09227272727272727
-0.361575	0.24956099999999992	0.1454676339285715	0.08965909090909091
-0.41561250000000005	0.3799297500000005	0.1458069196428572	0.08374999999999999
-0.36143749999999997	0.3026937500000013	0.13002343750000006	0.0878409090909091
-0.347275	0.4959389999999999	0.13790178571428577	0.10477272727272727
-0.3580000000000001	0.4206000000000003	0.129078125	0.10954545454545454
-0.37725	0.34440000000000026	0.13800000000000007	0.08249999999999999
-0.41767500000000013	0.33868099999999934	0.14233705357142862	0.08159090909090909
-0.39292499999999997	0.3487410000000004	0.13807700892857142	0.08261363636363636
-0.4043375	0.536017750000001	0.14134263392857133	0.08897727272727272
-0.3677625	0.4735697500000011	0.1400491071428572	0.09045454545454545
-0.3967750000000001	0.37462899999999877	0.13971316964285704	0.09602272727272726
-0.4064	0.3656340000000018	0.13201116071428573	0.08272727272727272
-0.35057499999999997	0.3673510000000011	0.1351529017857145	0.09693181818181817
-0.35497500000000004	0.40161900000000017	0.13576785714285713	0.11386363636363636
-0.357175	0.25256100000000004	0.1302857142857143	0.10363636363636364
-0.35497500000000004	0.40711900000000156	0.13913504464285711	0.09352272727272727
-0.37587500000000007	0.24727499999999836	0.12630022321428586	0.09261363636363636
-0.36460000000000004	0.31451399999999907	0.13149218749999989	0.09579545454545454
-0.3773875000000001	0.312709749999998	0.14376674107142862	0.08761363636363637
-0.3619875	0.3544097499999985	0.13358482142857145	0.09204545454545456
-0.388525	0.4231390000000008	0.14294754464285706	0.08397727272727272
-0.42015	0.48228399999999993	0.15045424107142868	0.08988636363636364
-0.4256500000000001	0.41379399999999933	0.14343191964285715	0.08102272727272726
-0.3567625	0.37365974999999985	0.13214955357142857	0.10454545454545455
-0.38288750000000005	0.3011897499999989	0.1426941964285714	0.08818181818181818
-0.3496125000000001	0.26648974999999986	0.14562499999999987	0.09249999999999999
-0.3798625	0.31194975000000014	0.15263392857142855	0.09227272727272727
-0.39649999999999996	0.4811500000000013	0.1508671875	0.07920454545454544
-0.3886625	0.2884077500000011	0.1397779017857143	0.08829545454545455
-0.3789000000000001	0.4375839999999993	0.1499977678571429	0.09113636363636364
-0.4124500000000001	0.45562599999999875	0.1411138392857142	0.09090909090909091
-0.388525	0.34113900000000186	0.14994642857142865	0.08568181818181818
-0.37683750000000005	0.5154677500000009	0.13378348214285707	0.08886363636363637
-0.36597500000000005	0.2932990000000011	0.1467890625	0.07874999999999999
-0.4025500000000001	0.30622600000000055	0.14676562500000004	0.08727272727272727
-0.37202499999999994	0.35350900000000074	0.13904910714285715	0.08454545454545455
-0.38426250000000006	0.44855974999999937	0.1446573660714286	0.0903409090909091
-0.3591000000000001	0.3633740000000003	0.14213169642857137	0.08818181818181818
-0.38935	0.3427439999999997	0.13728459821428568	0.08693181818181818
-0.37505	0.19462599999999952	0.1319642857142857	0.10590909090909091
-0.39856250000000004	0.35169374999999903	0.14729352678571425	0.08374999999999999
-0.38797500000000007	0.2610589999999995	0.13452120535714288	0.10124999999999999
-0.36845000000000006	0.32503600000000077	0.15139508928571435	0.08159090909090909
-0.40805	0.40204600000000035	0.13955133928571425	0.08636363636363636
-0.3426	0.33390399999999865	0.13933370535714265	0.09193181818181818
-0.37560000000000004	0.42589399999999955	0.13849330357142847	0.07977272727272726
-0.3674875000000001	0.3583797499999992	0.14418415178571434	0.09488636363636363
-0.39292499999999997	0.37549100000000024	0.13908258928571435	0.07681818181818183
-0.41176250000000003	0.31645974999999815	0.14304687500000002	0.09477272727272726
-0.3655625	0.3467437499999999	0.1357935267857142	0.09238636363636363
-0.3553875000000001	0.39203975000000035	0.1431874999999999	0.07795454545454546
-0.3729875	0.1712997499999993	0.15419084821428572	0.08420454545454545
-0.4189125	0.5516277500000015	0.1543214285714285	0.0765909090909091
-0.3833000000000001	0.4285559999999986	0.14596428571428555	0.08818181818181818
-0.38398750000000004	0.342739749999998	0.1420636160714285	0.08670454545454545
-0.4075	0.39775000000000205	0.14433370535714293	0.08647727272727272
-0.3848125	0.2526937500000024	0.1411383928571427	0.07954545454545454
-0.4213875	0.5286497500000014	0.15451562500000002	0.08227272727272726
-0.39526250000000007	0.3072197499999998	0.12666852678571427	0.09852272727272726
-0.40035	0.493424000000001	0.14213839285714275	0.08204545454545455
-0.36487500000000006	0.4444750000000006	0.13146986607142835	0.0878409090909091
-0.3628125000000001	0.42984374999999986	0.14961495535714264	0.08397727272727272
-0.4152	0.38666600000000173	0.1443549107142858	0.09818181818181818
-0.38165000000000004	0.3190639999999991	0.14173549107142858	0.09693181818181817
-0.403925	0.45113100000000017	0.13984040178571427	0.08147727272727272
-0.39925	0.37509999999999977	0.11763392857142868	0.09386363636363636
-0.36982499999999996	0.3409310000000012	0.13524553571428574	0.0934090909090909
-0.3883875000000001	0.3063697499999982	0.13543415178571436	0.08374999999999999
-0.37697500000000006	0.36827899999999936	0.14146874999999998	0.09272727272727271
-0.40007500000000007	0.31122099999999975	0.1498191964285715	0.08068181818181817
-0.39815	0.45624399999999987	0.14639620535714284	0.09352272727272727
-0.39141249999999994	0.43867775000000186	0.15781696428571446	0.09045454545454545
-0.3831625000000001	0.23351775000000075	0.1330178571428572	0.09295454545454544
-0.3628125000000001	0.45509374999999963	0.13582477678571425	0.08647727272727272
-0.38783750000000006	0.31003774999999933	0.15354352678571434	0.08715909090909091
-0.388525	0.31688900000000153	0.13611049107142859	0.08261363636363636
-0.37065000000000003	0.36219400000000057	0.12883816964285705	0.08602272727272726
-0.36006250000000006	0.4092437499999999	0.1329843750000001	0.10999999999999999
-0.37670000000000003	0.5919059999999998	0.14800223214285702	0.09431818181818181
-0.35153749999999995	0.3944377500000016	0.12713169642857153	0.09613636363636363
-0.38880000000000003	0.2694259999999993	0.14622321428571422	0.09090909090909091
-0.3644625	0.2469077500000001	0.12624218749999988	0.08602272727272726
-0.3958125	0.33244375000000126	0.13633816964285717	0.09761363636363636
-0.40035	0.30192399999999964	0.1368526785714286	0.09636363636363636
-0.38550000000000006	0.4230999999999998	0.1310446428571429	0.09181818181818183
-0.42235	0.3971839999999993	0.16087946428571417	0.09136363636363637
-0.39485000000000003	0.3734839999999995	0.13335937500000009	0.08590909090909091
-0.38770000000000004	0.28276599999999874	0.13907477678571428	0.09238636363636363
-0.40722500000000006	0.3313490000000012	0.144853794642857	0.09079545454545455
-0.400625	0.33987500000000104	0.15305133928571432	0.08863636363636364
-0.38605	0.24346599999999974	0.12960267857142854	0.10295454545454545
-0.3421875	0.36984374999999936	0.12720200892857142	0.09420454545454544
-0.39512499999999995	0.40922500000000106	0.14780133928571432	0.09227272727272727
-0.3680375	0.4082577500000024	0.12932924107142857	0.09193181818181818
-0.41203750000000006	0.25157774999999916	0.14239174107142857	0.08284090909090909
-0.3859125	0.40843775000000093	0.13491406250000001	0.08625
-0.3837125	0.3361677500000013	0.14236495535714278	0.09829545454545455
-0.35965	0.10987399999999958	0.12587723214285718	0.08499999999999999
-0.3595125000000001	0.347499749999999	0.14622656249999993	0.08761363636363637
-0.3861875	0.25699374999999947	0.13185379464285732	0.10056818181818182
-0.3790375	0.16338775000000183	0.14856361607142837	0.08011363636363636
-0.3536	0.38768400000000014	0.1543125	0.09136363636363637
-0.4318375000000001	0.41106775000000084	0.14166741071428574	0.07795454545454546
-0.35043749999999996	0.29394375000000217	0.1417991071428571	0.09931818181818182
-0.3652875000000001	0.18503774999999933	0.13710937500000014	0.09727272727272726
-0.3688625	0.29155974999999934	0.15605580357142868	0.09636363636363636
-0.4213875	0.4751497500000017	0.13952678571428567	0.09068181818181818
-0.37573749999999995	0.34620974999999987	0.12075111607142852	0.10193181818181818
-0.37450000000000006	0.18759999999999977	0.14798660714285705	0.08386363636363636
-0.37807500000000005	0.28650099999999945	0.1329263392857143	0.08818181818181818
-0.34906250000000005	0.4180937500000006	0.14730357142857148	0.08954545454545455
-0.41203750000000006	0.2603277500000001	0.1315178571428572	0.08931818181818182
-0.3713375	0.43035775000000065	0.13923437500000005	0.08840909090909091
-0.36130000000000007	0.2745759999999997	0.12539062499999995	0.09681818181818182
-0.3820625000000001	0.30644375000000146	0.1479330357142858	0.08499999999999999
-0.35414999999999996	0.31426399999999965	0.1385703125000002	0.08693181818181818
-0.41025	0.3694000000000006	0.13540625000000012	0.08318181818181818
-0.37463749999999996	0.444669750000001	0.14845200892857158	0.09602272727272726
-0.3736750000000001	0.34992100000000015	0.13680357142857147	0.08977272727272727
-0.3870125	0.2931497500000013	0.14693080357142857	0.09886363636363636
-0.3584125	0.42673774999999914	0.13314397321428562	0.09102272727272727
-0.4004875000000001	0.41239974999999873	0.13475446428571428	0.09818181818181818
-0.367625	0.3827250000000024	0.1373872767857143	0.08329545454545455
-0.39155000000000006	0.30543600000000026	0.13478348214285701	0.09363636363636363
-0.36116250000000005	0.382957750000001	0.13724776785714288	0.09068181818181818
-0.38027500000000003	0.28234899999999996	0.1281875000000001	0.08931818181818182
-0.3107	0.4052959999999999	0.14916629464285713	0.09874999999999999
-0.41327500000000006	0.2884589999999996	0.14035937499999995	0.0915909090909091
-0.4202874999999999	0.410687750000001	0.13912276785714273	0.08181818181818182
-0.3822000000000001	0.4177359999999979	0.13379464285714288	0.10272727272727272
-0.3713375	0.3638577500000011	0.13601897321428585	0.09102272727272727
-0.3905875000000001	0.26536774999999935	0.13350669642857135	0.09386363636363636
-0.36350000000000005	0.4154	0.12470647321428556	0.09147727272727273
-0.3712000000000001	0.3410259999999994	0.13004017857142858	0.08727272727272727
-0.35978750000000004	0.2952477499999997	0.13834709821428567	0.08579545454545455
-0.40846250000000006	0.39988774999999954	0.14532589285714292	0.09136363636363637
-0.3823375	0.391027750000001	0.13686941964285715	0.0971590909090909
-0.38385	0.12920399999999965	0.14184151785714294	0.08431818181818182
-0.40846250000000006	0.3513877499999989	0.131578125	0.08363636363636363
-0.38673749999999996	0.33909974999999903	0.1288928571428571	0.09090909090909091
-0.40571250000000003	0.20710775000000048	0.140625	0.08636363636363636
-0.39883750000000007	0.38315774999999874	0.15096316964285708	0.08488636363636363
-0.38522500000000004	0.39728900000000067	0.12541183035714298	0.10034090909090909
-0.36253749999999996	0.35686775000000104	0.14302566964285718	0.09693181818181817
-0.3507125000000001	0.2817577499999988	0.13590736607142856	0.10170454545454545
-0.41561250000000005	0.33667975000000183	0.14417410714285708	0.08818181818181818
-0.399525	0.38105900000000226	0.13707812500000005	0.09204545454545456
-0.34411250000000004	0.3281697499999989	0.12812499999999996	0.10159090909090909
-0.3784875000000001	0.3489197500000003	0.133025669642857	0.08170454545454545
-0.38825	0.4836000000000009	0.13680803571428568	0.08272727272727272
-0.36515	0.2489340000000002	0.13886718749999996	0.08625
-0.3941625000000001	0.3497477500000006	0.14434040178571425	0.09534090909090909
-0.35978750000000004	0.2817477499999992	0.1347209821428573	0.08931818181818182
-0.3533250000000001	0.3731409999999986	0.1456986607142858	0.09568181818181817
-0.38385	0.38220399999999977	0.14046428571428565	0.09659090909090909
-0.35305	0.3805960000000006	0.15066852678571416	0.08715909090909091
-0.34645000000000004	0.3286660000000019	0.1254497767857144	0.09556818181818182
-0.37353749999999997	0.3695977500000023	0.14056473214285703	0.08318181818181818
-0.37202499999999994	0.5232590000000013	0.12858482142857144	0.09204545454545456
-0.3621249999999999	0.15652500000000025	0.12932924107142862	0.08761363636363637
-0.40351249999999994	0.30023974999999936	0.13535491071428563	0.08818181818181818
-0.36982499999999996	0.42768100000000153	0.1367321428571429	0.09181818181818183
-0.40227500000000005	0.4465389999999996	0.1373236607142857	0.08522727272727272
-0.4135500000000001	0.43256599999999956	0.12783147321428573	0.09215909090909091
-0.388525	0.49638900000000064	0.16653013392857136	0.09647727272727272
-0.3438375	0.3043077500000013	0.14365625	0.09204545454545456
-0.388525	0.2406390000000016	0.13696874999999992	0.09204545454545456
-0.42647500000000005	0.38633899999999777	0.13933593750000006	0.08011363636363636
-0.36460000000000004	0.29776399999999903	0.14410825892857154	0.09329545454545454
-0.4025500000000001	0.3179759999999998	0.14810714285714305	0.08886363636363637
-0.3553875000000001	0.32428975000000015	0.13847767857142865	0.09636363636363636
-0.4042	0.4635560000000023	0.15337499999999982	0.08795454545454545
-0.36487500000000006	0.36397499999999994	0.1437410714285714	0.08068181818181817
-0.3908625	0.5208897500000003	0.15552790178571416	0.09125
-0.40035	0.4541740000000001	0.1488883928571429	0.07068181818181818
-0.4068125	0.2817437500000004	0.14237388392857142	0.08943181818181818
-0.4025500000000001	0.2894760000000005	0.14417968749999982	0.09193181818181818
-0.4098375000000001	0.5168277499999991	0.1300044642857143	0.09272727272727271
-0.35965	0.31012400000000007	0.13203013392857138	0.07988636363636363
-0.39649999999999996	0.4169000000000018	0.14574665178571422	0.0903409090909091
-0.3553875000000001	0.35078975000000057	0.13660937499999995	0.08795454545454545
-0.34521250000000003	0.2758477499999987	0.13675669642857152	0.09431818181818181
-0.42125	0.46449999999999925	0.15862834821428567	0.08079545454545455
-0.378625	0.2772250000000014	0.1378191964285715	0.0959090909090909
-0.38178750000000006	0.21410775000000015	0.14777790178571434	0.09761363636363636
-0.3567625	0.39540975000000067	0.13722098214285725	0.09431818181818181
-0.3617125000000001	0.196427749999998	0.13307812500000005	0.09454545454545454
-0.39361250000000003	0.38324975000000094	0.1321540178571428	0.09409090909090909
-0.40461250000000004	0.3849397500000009	0.14955022321428563	0.08147727272727272
-0.37312499999999993	0.21287500000000037	0.1312299107142857	0.09113636363636364
-0.43156250000000007	0.34484374999999723	0.1393950892857142	0.08249999999999999
-0.3837125	0.4506677500000009	0.12860491071428581	0.09704545454545455
-0.35648750000000007	0.17213974999999948	0.13049107142857133	0.1009090909090909
-0.38412499999999994	0.48777500000000096	0.15341406249999992	0.09443181818181817
-0.38907500000000006	0.2112109999999987	0.13710937500000017	0.09249999999999999
-0.38041249999999993	0.27314775000000147	0.14318415178571428	0.09534090909090909
-0.4053	0.18373600000000145	0.15079241071428562	0.08499999999999999
-0.37931249999999994	0.34824375000000174	0.13864397321428581	0.09556818181818182
-0.3859125	0.2721877500000005	0.13289955357142855	0.09795454545454545
-0.38398750000000004	0.18473974999999854	0.13090290178571434	0.08738636363636364
-0.3933375	0.2592477500000001	0.13339620535714292	0.0903409090909091
-0.38027500000000003	0.13084899999999955	0.13583928571428558	0.09363636363636363
-0.364325	0.3855510000000013	0.13049441964285696	0.09670454545454545
-0.402825	0.4139110000000006	0.1591104910714286	0.09329545454545454
-0.38770000000000004	0.24576599999999793	0.13923772321428568	0.09170454545454546
-0.390725	0.38012900000000016	0.14572656249999988	0.09215909090909091
-0.3438375	0.2510577500000011	0.130513392857143	0.10318181818181818
-0.369275	0.31682900000000025	0.13261718750000018	0.08829545454545455
-0.38825	0.4106000000000005	0.13900223214285706	0.09977272727272726
-0.38783750000000006	0.3815377499999997	0.13860937499999992	0.08704545454545455
-0.37945000000000007	0.3587959999999999	0.13160044642857155	0.08795454545454545
-0.38935	0.3294940000000004	0.13994642857142858	0.08818181818181818
-0.42276250000000004	0.3116197499999984	0.14114397321428573	0.07897727272727272
-0.4090125	0.2964197500000001	0.13388169642857134	0.09613636363636363
-0.38027500000000003	0.24584899999999976	0.13319866071428574	0.09704545454545455
-0.36831250000000004	0.41244374999999955	0.15151785714285712	0.08727272727272727
-0.4224875	0.3348297500000026	0.15091294642857156	0.0809090909090909
-0.38563749999999997	0.2731297500000007	0.13699999999999998	0.08136363636363636
-0.3644625	0.19365774999999985	0.12584486607142858	0.09443181818181817
-0.40488750000000007	0.25035974999999944	0.14958258928571425	0.08386363636363636
-0.4136875	0.23424375000000097	0.13544308035714286	0.09102272727272727
-0.3716125000000001	0.242769749999999	0.13317857142857142	0.09999999999999999
-0.40241249999999995	0.4780077500000015	0.14645089285714266	0.09022727272727273
-0.37436250000000004	0.20927975000000032	0.13720424107142856	0.07988636363636363
-0.366525	0.18969900000000095	0.13470089285714282	0.0915909090909091
-0.37546250000000003	0.2875777500000005	0.14167187500000006	0.08840909090909091
-0.34686249999999996	0.3611797500000016	0.1366004464285714	0.09136363636363637
-0.3784875000000001	0.4684197500000007	0.13280022321428578	0.09693181818181817
-0.3760125000000001	0.26508974999999957	0.14372098214285706	0.09681818181818182
-0.38055000000000005	0.06994600000000162	0.13785044642857136	0.08636363636363636
-0.36941250000000003	0.1994177499999985	0.1451138392857143	0.08477272727272726
-0.3760125000000001	0.43433974999999947	0.14423995535714293	0.09647727272727272
-0.3523625	0.34259975000000153	0.1335892857142857	0.08795454545454545
-0.3481000000000001	0.3494440000000001	0.12488281249999994	0.09693181818181817
-0.3795875000000001	0.3375977499999987	0.14285491071428572	0.09068181818181818
-0.32857499999999995	0.26308100000000145	0.13026339285714286	0.10477272727272727
-0.4200125	0.3238797499999997	0.13609821428571434	0.08931818181818182
-0.36721250000000005	0.2504377499999997	0.13245312499999987	0.0984090909090909
-0.37725	0.13440000000000119	0.1379174107142857	0.09318181818181817
-0.3680375	0.46350775000000155	0.13132254464285703	0.09738636363636363
-0.3801375	0.23379975000000108	0.12707924107142854	0.09397727272727271
-0.34865	0.28960400000000064	0.13645870535714283	0.08511363636363636
-0.4101125	0.30395975000000064	0.1462935267857141	0.08738636363636364
-0.405575	0.5171510000000001	0.1404095982142857	0.08715909090909091
-0.35896249999999996	0.2594977500000013	0.1375323660714286	0.09556818181818182
-0.358275	0.4521090000000001	0.13034374999999998	0.09045454545454545
-0.39141249999999994	0.32367775000000165	0.13305468749999994	0.0903409090909091
-0.38563749999999997	0.3148797500000011	0.14327008928571427	0.0775
-0.39608750000000004	0.25542774999999907	0.14524776785714286	0.08863636363636364
-0.35634999999999994	0.2797540000000005	0.13176004464285718	0.09897727272727272
-0.364325	0.36330100000000165	0.1454899553571429	0.10011363636363636
-0.39251249999999993	0.4064797500000008	0.15317633928571422	0.08613636363636364
-0.37312499999999993	0.2376250000000013	0.13713392857142864	0.09909090909090909
-0.4008999999999999	0.34132400000000196	0.14247098214285714	0.07681818181818183
-0.3916875000000001	0.33194374999999887	0.14307589285714284	0.09272727272727271
-0.42537500000000006	0.3967749999999981	0.13442410714285702	0.1009090909090909
-0.3496125000000001	0.3509897499999983	0.13410267857142866	0.09363636363636363
-0.40488750000000007	0.3928597499999995	0.15060379464285722	0.09238636363636363
-0.3857750000000001	0.3244089999999993	0.15161830357142855	0.0915909090909091
-0.3947125	0.12848775000000145	0.14294419642857142	0.09681818181818182
-0.39388750000000006	0.394749749999999	0.15028459821428555	0.09329545454545454
-0.38563749999999997	0.39562974999999945	0.13536718750000004	0.08920454545454545
-0.3254125	0.30499775000000007	0.12403571428571425	0.09227272727272727
-0.3542875000000001	0.41265774999999927	0.15173437499999995	0.09613636363636363
-0.3993875000000001	0.49407974999999915	0.15462946428571425	0.07886363636363636
-0.3606125000000001	0.17522974999999796	0.12919754464285738	0.0821590909090909
-0.42166250000000005	0.20669774999999824	0.14326674107142856	0.08147727272727272
-0.369275	0.42357900000000015	0.13973772321428568	0.09306818181818181
-0.3724375	0.3097437500000009	0.1471272321428572	0.08272727272727272
-0.3980125	0.4877597500000004	0.14280803571428569	0.08499999999999999
-0.3850875	0.33250774999999955	0.13399330357142847	0.08590909090909091
-0.42908749999999996	0.26098775000000174	0.1466584821428571	0.08545454545454545
-0.3930625000000001	0.3232437499999996	0.14933705357142849	0.09545454545454544
-0.40942500000000004	0.431751000000002	0.14844419642857143	0.0915909090909091
-0.3908625	0.23613974999999954	0.15144531249999998	0.08079545454545455
-0.3423250000000001	0.3775309999999994	0.13346986607142858	0.10147727272727272
-0.33214999999999995	0.30482400000000176	0.12798102678571432	0.09943181818181818
-0.42179999999999995	0.2815960000000004	0.14957477678571415	0.08897727272727272
-0.42042500000000005	0.4748409999999996	0.15027566964285716	0.08965909090909091
-0.3811000000000001	0.2838839999999987	0.1366049107142857	0.09454545454545454
-0.40241249999999995	0.6650077500000009	0.1444386160714286	0.0971590909090909
-0.39141249999999994	0.6061777500000023	0.1425647321428572	0.08636363636363636
-0.36116250000000005	0.211457750000001	0.13523325892857155	0.10329545454545455
-0.37505	0.4541260000000005	0.13005691964285715	0.08806818181818182
-0.36955000000000005	0.3405060000000013	0.13207366071428575	0.10204545454545455
-0.43720000000000003	0.371535999999999	0.1391975446428571	0.08965909090909091
-0.38770000000000004	0.47551599999999894	0.15722544642857156	0.08954545454545455
-0.39595	0.34093599999999924	0.14222991071428562	0.08499999999999999
-0.3626750000000001	0.2557310000000008	0.12776227678571417	0.08488636363636363
-0.38646250000000004	0.31054774999999957	0.1358549107142858	0.09295454545454544
-0.34878750000000003	0.3140177500000014	0.12707589285714282	0.09090909090909091
-0.37326250000000005	0.1811997500000011	0.13024665178571435	0.09284090909090909
-0.3740875	0.36313774999999815	0.14380803571428583	0.08613636363636364
-0.39759999999999995	0.33355400000000124	0.15428906250000002	0.08556818181818182
-0.36624999999999996	0.30150000000000077	0.1329832589285714	0.09261363636363636
-0.3801375	0.2970497500000011	0.1495647321428571	0.10613636363636364
-0.37340000000000007	0.3595240000000004	0.13523995535714278	0.09374999999999999
-0.3630875	0.7470677500000011	0.14044531250000009	0.09511363636363636
-0.41698749999999996	0.25910975000000036	0.139361607142857	0.09727272727272726
-0.3578625	0.3489697500000002	0.13495870535714272	0.0971590909090909
-0.3751875	0.4056937499999993	0.14051674107142872	0.09511363636363636
-0.3982875000000001	0.5129777499999992	0.1380982142857143	0.08613636363636364
-0.39925	0.3128499999999992	0.13705468750000008	0.08170454545454545
-0.3628125000000001	0.27359374999999986	0.13735602678571435	0.08193181818181818
-0.381375	0.19822499999999899	0.14177566964285715	0.0796590909090909
-0.39237500000000003	0.28647499999999937	0.14454910714285713	0.0890909090909091
-0.3520875	0.3087977500000001	0.13720982142857135	0.09999999999999999
-0.3944375	0.20999375000000065	0.13338169642857145	0.08590909090909091
-0.3922375	0.26746975000000006	0.1498816964285714	0.08590909090909091
-0.37587500000000007	0.3535249999999994	0.1441796875	0.09534090909090909
-0.39636250000000006	0.41240975000000013	0.1399196428571428	0.09295454545454544
-0.37065000000000003	0.3656939999999995	0.13327455357142853	0.09681818181818182
-0.3859125	0.3756877500000009	0.1461808035714285	0.09477272727272726
-0.37353749999999997	0.4643477500000017	0.13826785714285705	0.09749999999999999
-0.38935	0.43549400000000027	0.13290736607142853	0.09193181818181818
-0.3457625	0.35229975000000024	0.12577232142857148	0.09886363636363636
-0.42015	0.41003399999999957	0.16324218749999983	0.07693181818181818
-0.35896249999999996	0.39624775000000056	0.1364776785714284	0.10159090909090909
-0.3591000000000001	0.14812399999999926	0.137408482142857	0.08499999999999999
-0.3558	0.4254559999999987	0.1449252232142858	0.10397727272727272
-0.36102499999999993	0.5433390000000013	0.13771316964285704	0.09374999999999999
-0.40571250000000003	0.38185775	0.1488381696428571	0.08738636363636364
-0.3778	0.1441359999999996	0.13221874999999988	0.08977272727272727
-0.36597500000000005	0.4525490000000012	0.14039732142857142	0.09227272727272727
-0.4053	0.29323600000000205	0.1463794642857142	0.08818181818181818
-0.4026875000000001	0.17844374999999957	0.13889285714285715	0.08977272727272727
-0.38055000000000005	0.35419600000000173	0.1421283482142857	0.09897727272727272
-0.38770000000000004	0.3155159999999988	0.13154129464285713	0.09897727272727272
-0.3989750000000001	0.34263899999999836	0.13420758928571436	0.08886363636363637
-0.4064	0.18513400000000146	0.14458593750000004	0.08352272727272726
-0.3801375	0.5317997500000011	0.1345803571428572	0.09613636363636363
-0.3886625	0.3381577500000006	0.14349107142857137	0.08454545454545455
-0.3966375	0.2326397500000006	0.14100223214285706	0.09727272727272726
-0.41671250000000004	0.3727777500000009	0.14699888392857138	0.0996590909090909
-0.423725	0.4156189999999995	0.1341674107142856	0.09636363636363636
-0.40021249999999997	0.2866977500000001	0.14875111607142866	0.08352272727272726
-0.39141249999999994	0.2934277500000011	0.141986607142857	0.08977272727272727
-0.3364125	0.31927774999999947	0.157853794642857	0.0946590909090909
-0.34397500000000003	0.35473900000000036	0.13455022321428584	0.09920454545454545
-0.43706250000000013	0.3979437499999978	0.12757477678571427	0.09215909090909091
-0.4187750000000001	0.34921899999999795	0.13134040178571418	0.08965909090909091
-0.37725	0.3751500000000014	0.14225111607142865	0.09125
-0.36734999999999995	0.11103400000000185	0.13754799107142868	0.08829545454545455
-0.37670000000000003	0.25965599999999966	0.15072098214285715	0.08795454545454545
-0.37326250000000005	0.2611997500000012	0.13463839285714274	0.09727272727272726
-0.3542875000000001	0.3039077499999987	0.1369486607142858	0.10113636363636364
-0.3971875	0.37684374999999903	0.12203013392857145	0.08897727272727272
-0.36006250000000006	0.25724375000000066	0.14006473214285714	0.09386363636363636
-0.37188750000000004	0.371429749999999	0.14409486607142866	0.09397727272727271
-0.40502499999999997	0.35831899999999983	0.13703124999999994	0.08568181818181818
-0.359375	0.42112499999999997	0.1278683035714285	0.09522727272727272
-0.3921000000000001	0.38346399999999825	0.14998549107142878	0.09147727272727273
-0.3663875000000001	0.17034974999999974	0.13391517857142854	0.09363636363636363
-0.40131249999999996	0.4509937500000021	0.13601339285714292	0.08499999999999999
-0.39979999999999993	0.37026600000000087	0.13348772321428581	0.09193181818181818
-0.402825	0.32166100000000064	0.14357254464285713	0.08829545454545455
-0.34920000000000007	0.3477559999999986	0.14402566964285718	0.08534090909090909
-0.38082499999999997	0.40479100000000123	0.15368861607142864	0.08693181818181818
-0.3372375000000001	0.22876974999999788	0.1259263392857143	0.08772727272727272
-0.34878750000000003	0.39026775000000136	0.1325290178571429	0.10159090909090909
-0.40117500000000006	0.2395209999999981	0.1475055803571428	0.09511363636363636
-0.3729875	0.31604974999999946	0.13523883928571426	0.08863636363636364
-0.39485000000000003	0.2802340000000001	0.13674776785714282	0.08818181818181818
-0.42757500000000004	0.2666209999999989	0.13169308035714286	0.08875
-0.3669375	0.4017437500000014	0.12701227678571414	0.08829545454545455
-0.39732500000000004	0.3390810000000002	0.13558928571428558	0.09749999999999999
-0.3652875000000001	0.3355377499999985	0.13576562499999986	0.08386363636363636
-0.3553875000000001	0.42578974999999986	0.1386484374999999	0.09988636363636363
-0.381375	0.2957249999999991	0.14151562499999992	0.09681818181818182
-0.40915	0.4878640000000001	0.14169419642857153	0.10749999999999998
-0.36515	0.43018400000000057	0.13025446428571436	0.09931818181818182
-0.3736750000000001	0.366420999999999	0.1398761160714286	0.09443181818181817
-0.39746250000000005	0.33056775000000016	0.13744866071428574	0.09136363636363637
-0.40117500000000006	0.4632709999999989	0.13952120535714274	0.08329545454545455
-0.39608750000000004	0.31467774999999953	0.13992410714285725	0.08363636363636363
-0.38041249999999993	0.32464775000000223	0.1345334821428571	0.10113636363636364
-0.387425	0.22972099999999962	0.14058593749999998	0.09170454545454546
-0.39856250000000004	0.43569375000000043	0.14188281249999998	0.08761363636363637
-0.35731250000000003	0.4369437499999975	0.151642857142857	0.09772727272727272
-0.38673749999999996	0.28059975000000037	0.14595424107142868	0.08943181818181818
-0.37051250000000013	0.3766097500000001	0.1458270089285715	0.0846590909090909
-0.40736250000000007	0.4160497499999991	0.1469854910714286	0.09488636363636363
-0.3916875000000001	0.2389437499999989	0.14066406249999977	0.08806818181818182
-0.37560000000000004	0.37364399999999875	0.13811718749999988	0.09079545454545455
-0.3845375	0.40562774999999895	0.14572767857142832	0.09
-0.36350000000000005	0.2856499999999986	0.13515401785714293	0.09090909090909091
-0.3956750000000001	0.3159510000000001	0.13750669642857136	0.08727272727272727
-0.36102499999999993	0.3573390000000014	0.14967745535714286	0.08670454545454545
-0.37175	0.36134999999999984	0.1401830357142858	0.0890909090909091
-0.36515	0.33318399999999926	0.13974776785714288	0.09295454545454544
-0.3537374999999999	0.3808297500000002	0.13466629464285707	0.09897727272727272
-0.339025	0.32339899999999844	0.13606696428571438	0.0890909090909091
-0.35043749999999996	0.3961937500000019	0.1390133928571429	0.09659090909090909
-0.37546250000000003	0.45257774999999967	0.1417979910714286	0.07897727272727272
-0.38811249999999997	0.3030797500000002	0.1434977678571429	0.09659090909090909
-0.39017500000000005	0.3273310000000009	0.14611941964285707	0.09602272727272726
-0.3922375	0.3779697500000001	0.14236941964285715	0.08306818181818182
-0.4066750000000001	0.22504099999999916	0.1439553571428572	0.09909090909090909
-0.36982499999999996	0.46743100000000126	0.1419006696428571	0.09238636363636363
-0.3584125	0.28173774999999956	0.14160825892857154	0.09761363636363636
-0.401725	0.3489090000000008	0.12720312500000008	0.08318181818181818
-0.41946250000000007	0.3887577499999981	0.14949441964285723	0.08920454545454545
-0.3955375	0.4557077500000002	0.14459151785714286	0.08818181818181818
-0.3529125000000001	0.523447749999999	0.14146763392857148	0.0996590909090909
-0.3778	0.34388599999999947	0.1300770089285714	0.09397727272727271
-0.360475	0.14835899999999924	0.13636495535714277	0.09147727272727273
-0.3910000000000001	0.28614999999999924	0.14495647321428576	0.0946590909090909
-0.401725	0.4794090000000004	0.1376127232142857	0.09329545454545454
-0.3723000000000001	0.27916599999999825	0.13389174107142857	0.08829545454545455
-0.360475	0.24585899999999938	0.13214732142857144	0.08863636363636364
-0.36734999999999995	0.30078400000000194	0.13412834821428576	0.0946590909090909
-0.38605	0.36346600000000073	0.14630691964285714	0.08897727272727272
-0.3606125000000001	0.42197974999999843	0.14084933035714275	0.10124999999999999
-0.37546250000000003	0.3833277499999994	0.13999553571428575	0.09477272727272726
-0.393475	0.15999899999999911	0.12825334821428563	0.09374999999999999
-0.41657500000000003	0.3636109999999988	0.15086049107142857	0.08647727272727272
-0.38536250000000005	0.29931974999999866	0.1450435267857143	0.09920454545454545
-0.35511250000000005	0.3465097499999992	0.1482957589285713	0.09102272727272727
-0.40103750000000005	0.2775477500000001	0.14144642857142853	0.08613636363636364
-0.3496125000000001	0.39323974999999933	0.14614508928571412	0.09181818181818183
-0.40131249999999996	0.36199375000000167	0.12582366071428575	0.0934090909090909
-0.36130000000000007	0.4168259999999986	0.13259375000000004	0.09113636363636364
-0.4098375000000001	0.2665777499999997	0.1375100446428572	0.08579545454545455
-0.39595	0.16418599999999905	0.14797879464285724	0.0903409090909091
-0.32101250000000003	0.32378974999999954	0.12405691964285717	0.08920454545454545
-0.35497500000000004	0.3581190000000003	0.14250446428571423	0.08772727272727272
-0.3716125000000001	0.3440197499999975	0.13860044642857153	0.09454545454545454
-0.36941250000000003	0.3371677499999972	0.1386082589285713	0.09125
-0.40818750000000004	0.4869937499999981	0.15499665178571423	0.08897727272727272
-0.4211125	0.3910997500000004	0.14640178571428572	0.07772727272727273
-0.38990000000000014	0.2925539999999991	0.14147433035714285	0.08806818181818182
-0.3823375	0.3385277500000008	0.14540625000000004	0.07954545454545454
-0.33558750000000004	0.19226774999999918	0.13391183035714277	0.08374999999999999
-0.34672500000000006	0.385508999999999	0.12406808035714281	0.09443181818181817
-0.3850875	0.2455077499999998	0.14537053571428557	0.08772727272727272
-0.3886625	0.26440775000000016	0.15648772321428567	0.08329545454545455
-0.35607500000000003	0.4029810000000005	0.14004687500000002	0.09659090909090909
-0.35882500000000006	0.21412099999999867	0.1374877232142857	0.08693181818181818
-0.41189999999999993	0.474394000000002	0.15260267857142848	0.08931818181818182
-0.39127500000000004	0.39066899999999904	0.14406919642857147	0.0934090909090909
-0.37670000000000003	0.24165599999999898	0.1356450892857143	0.10045454545454545
-0.402825	0.3884109999999996	0.1371941964285715	0.09295454545454544
-0.3749125000000001	0.27280774999999835	0.14084040178571425	0.08420454545454545
-0.36968750000000006	0.235093749999999	0.14630133928571412	0.08477272727272726
-0.39732500000000004	0.45008100000000084	0.1455781250000001	0.08727272727272727
-0.370375	0.3580249999999996	0.13471651785714286	0.09499999999999999
-0.35648750000000007	0.28388975000000016	0.13069084821428573	0.10147727272727272
-0.35401250000000006	0.378119749999998	0.13639843750000002	0.09829545454545455
-0.38893750000000005	0.4531937500000005	0.15146316964285733	0.09397727272727271
-0.3747750000000001	0.47873899999999914	0.1470491071428571	0.09318181818181817
-0.38398750000000004	0.326739749999998	0.13484040178571438	0.10215909090909091
-0.39498750000000005	0.2989797499999991	0.13473214285714288	0.08886363636363637
-0.4014500000000001	0.41321600000000025	0.15497321428571437	0.0865909090909091
-0.40942500000000004	0.43275100000000144	0.13822433035714282	0.09374999999999999
-0.3868750000000001	0.2608750000000004	0.14301227678571415	0.08625
-0.3602000000000001	0.49511599999999945	0.1419542410714286	0.09011363636363637
-0.36377500000000007	0.32111900000000126	0.13851674107142864	0.08875
-0.39361250000000003	0.24249975000000035	0.14329799107142843	0.09102272727272727
-0.41025	0.4148999999999994	0.15219419642857152	0.09068181818181818
-0.38536250000000005	0.48481974999999977	0.1451941964285714	0.09522727272727272
-0.366525	0.39844900000000116	0.13965959821428572	0.09397727272727271
-0.365425	0.25189100000000053	0.15144531250000004	0.08693181818181818
-0.3933375	0.4252477500000005	0.13612276785714286	0.08249999999999999
-0.3749125000000001	0.4010577499999979	0.1430479910714285	0.08738636363636364
-0.3544250000000001	0.32005099999999764	0.14787834821428558	0.08875
-0.34411250000000004	0.23341974999999948	0.1369051339285713	0.0971590909090909
-0.3482375	0.3958597500000014	0.13557142857142856	0.09999999999999999
-0.377525	0.3140190000000018	0.14725	0.0834090909090909
-0.36253749999999996	0.3111177500000011	0.1352912946428572	0.0846590909090909
-0.4209750000000001	0.2911989999999989	0.1458002232142858	0.09874999999999999
-0.4025500000000001	0.4347259999999995	0.14124218749999995	0.09238636363636363
-0.401725	0.30090900000000076	0.1331573660714287	0.08329545454545455
-0.4405	0.1758500000000005	0.15880468749999999	0.08511363636363636
-0.36116250000000005	0.2557077500000009	0.13437611607142858	0.09761363636363636
-0.4007625	0.42834974999999886	0.1393537946428572	0.09693181818181817
-0.38288750000000005	0.43643974999999813	0.13213058035714292	0.09738636363636363
-0.36968750000000006	0.18234374999999936	0.14052232142857132	0.11136363636363636
-0.35634999999999994	0.36450400000000016	0.13990736607142853	0.08625
-0.35126250000000003	0.30287975000000067	0.13660602678571435	0.08943181818181818
-0.35731250000000003	0.35469374999999737	0.1306551339285716	0.09647727272727272
-0.35882500000000006	0.26512099999999883	0.12306361607142863	0.09374999999999999
-0.39649999999999996	0.27915000000000134	0.1406573660714285	0.09988636363636363
-0.36143749999999997	0.2719437500000019	0.13866071428571422	0.09363636363636363
-0.37065000000000003	0.3601939999999999	0.14029352678571433	0.09102272727272727
-0.37945000000000007	0.2780459999999998	0.1448515625	0.09011363636363637
-0.35016250000000004	0.2403777500000004	0.1176953125	0.1028409090909091
-0.38605	0.3749660000000006	0.1484720982142856	0.08420454545454545
-0.4043375	0.26201775000000005	0.14765624999999982	0.07795454545454546
-0.3857750000000001	0.38665899999999986	0.1278069196428573	0.08715909090909091
-0.36982499999999996	0.3584310000000013	0.1482700892857144	0.10159090909090909
-0.4066750000000001	0.33179099999999906	0.14137946428571418	0.08568181818181818
-0.37326250000000005	0.33569974999999985	0.13645424107142853	0.09693181818181817
-0.3545625	0.4299437499999996	0.129997767857143	0.08727272727272727
-0.3553875000000001	0.18153975000000067	0.14041852678571415	0.09693181818181817
-0.4042	0.2658060000000013	0.15996093749999976	0.09488636363636363
-0.35882500000000006	0.24187099999999973	0.13320200892857137	0.10193181818181818
-0.41822500000000007	0.29857900000000015	0.1326808035714285	0.08613636363636364
-0.38385	0.36070400000000014	0.15132254464285713	0.09329545454545454
-0.4211125	0.32234975000000077	0.1409374999999999	0.09499999999999999
-0.36405	0.27108600000000216	0.13817075892857136	0.08670454545454545
-0.3569000000000001	0.5200439999999986	0.15479687500000003	0.0875
-0.3655625	0.41224375	0.1387767857142857	0.1009090909090909
-0.3911375	0.3631597500000012	0.13100558035714285	0.09056818181818183
-0.389625	0.19177500000000158	0.12995982142857157	0.10295454545454545
-0.39649999999999996	0.4341500000000007	0.15199330357142848	0.08181818181818182
-0.3790375	0.33563775000000184	0.1421261160714285	0.0846590909090909
-0.4066750000000001	0.2572910000000004	0.14702008928571436	0.09681818181818182
-0.36597500000000005	0.21429900000000046	0.1394866071428572	0.09363636363636363
-0.4031	0.31984400000000157	0.15592857142857142	0.08295454545454545
-0.3701000000000001	0.1366039999999984	0.14014620535714284	0.0821590909090909
-0.3834375	0.47384375000000034	0.13843080357142862	0.11159090909090909
-0.37436250000000004	0.4217797500000007	0.14132254464285726	0.10397727272727272
-0.42771250000000005	0.3612477500000004	0.15237499999999993	0.09545454545454544
-0.35607500000000003	0.417231000000001	0.14353794642857143	0.08272727272727272
-0.3859125	0.38818775000000016	0.13161272321428566	0.08647727272727272
-0.381375	0.22497499999999881	0.14389732142857145	0.08249999999999999
-0.3870125	0.4491497500000019	0.1410212053571428	0.08647727272727272
-0.39141249999999994	0.27367775000000094	0.1407366071428571	0.09113636363636364
-0.38893750000000005	0.2504437500000005	0.14581026785714277	0.08499999999999999
-0.336275	0.21831900000000104	0.13316406250000007	0.09852272727272726
-0.4065375	0.3568377500000004	0.14155915178571427	0.10761363636363636
-0.3919625	0.18545774999999942	0.1512689732142856	0.09102272727272727
-0.37450000000000006	0.25909999999999833	0.13889732142857142	0.0890909090909091
-0.3833000000000001	0.40305599999999764	0.1435424107142857	0.08181818181818182
-0.38715	0.3009240000000002	0.13999888392857135	0.09761363636363636
-0.381375	0.32297499999999957	0.13531361607142864	0.08443181818181818
-0.37326250000000005	0.28394975000000144	0.1497142857142857	0.0875
-0.3916875000000001	0.4466937499999979	0.13788058035714293	0.08738636363636364
-0.40117500000000006	0.2297709999999995	0.14176897321428578	0.08352272727272726
-0.40131249999999996	0.43999375000000107	0.14027120535714288	0.09125
-0.430875	0.2932750000000013	0.14666741071428568	0.08454545454545455
-0.4077750000000001	0.2623989999999985	0.14379464285714288	0.10113636363636364
-0.383575	0.3733810000000002	0.14279575892857144	0.10215909090909091
-0.3569000000000001	0.2697939999999992	0.14089508928571431	0.08795454545454545
-0.36377500000000007	0.24061900000000058	0.13125334821428564	0.09238636363636363
-0.3943	0.25899600000000156	0.14422321428571439	0.1025
-0.4147875	0.1933977500000008	0.1524854910714285	0.10102272727272726
-0.40447500000000003	0.2519789999999986	0.13904575892857124	0.09193181818181818
-0.32775	0.280400000000002	0.12261049107142849	0.08920454545454545
-0.35868750000000005	0.33224374999999995	0.1382857142857143	0.09545454545454544
-0.3834375	0.3823437500000004	0.1395424107142857	0.09431818181818181
-0.40021249999999997	0.3679477500000008	0.1548839285714284	0.08590909090909091
-0.36226250000000004	0.289639750000001	0.14696763392857143	0.10375
-0.3845375	0.22037774999999904	0.1420122767857142	0.09420454545454544
-0.3857750000000001	0.3164089999999984	0.14782589285714287	0.09
-0.32843750000000005	0.282343749999999	0.11651227678571435	0.10784090909090908
-0.3679000000000001	0.20891399999999827	0.13835937500000006	0.0915909090909091
-0.41135	0.27115399999999923	0.1498883928571429	0.08431818181818182
-0.38783750000000006	0.3715377499999999	0.16458482142857128	0.09204545454545456
-0.3471375	0.19826975000000147	0.1361227678571428	0.09954545454545455
-0.37587500000000007	0.39102499999999907	0.14261495535714286	0.09647727272727272
-0.4026875000000001	0.3674437499999996	0.13657142857142862	0.08727272727272727
-0.4064	0.44013400000000225	0.1352845982142859	0.08670454545454545
-0.3845375	0.4611277499999993	0.13728013392857136	0.08852272727272727
-0.39608750000000004	0.32842774999999946	0.1360111607142857	0.08227272727272726
-0.33352500000000007	0.25753899999999774	0.13621651785714284	0.09204545454545456
-0.388525	0.458889000000001	0.1504430803571429	0.08534090909090909
-0.4029625	0.37162774999999826	0.1368950892857142	0.10772727272727271
-0.3833000000000001	0.4758059999999986	0.1298973214285715	0.08409090909090909
-0.3669375	0.3049937500000013	0.15295647321428568	0.09011363636363637
-0.40612499999999996	0.3639750000000017	0.14155468750000008	0.09624999999999999
-0.3894875000000001	0.3185097499999987	0.15916852678571433	0.08761363636363637
-0.39485000000000003	0.35448400000000113	0.14197879464285715	0.08511363636363636
-0.4186375	0.45130975000000007	0.1404174107142857	0.08545454545454545
-0.36336250000000003	0.32403975000000074	0.13006026785714286	0.09272727272727271
-0.38027500000000003	0.2655989999999999	0.13238616071428577	0.09409090909090909
-0.3850875	0.15325774999999986	0.13762165178571426	0.09011363636363637
-0.4025500000000001	0.34222600000000014	0.15161495535714278	0.09056818181818183
-0.39705	0.35285599999999917	0.1432075892857144	0.08863636363636364
-0.3621249999999999	0.23252500000000076	0.12467075892857135	0.09056818181818183
-0.40365000000000006	0.3209540000000004	0.1492254464285713	0.08886363636363637
-0.3848125	0.44669375000000144	0.13818415178571417	0.09420454545454544
-0.400625	0.40787500000000065	0.14688839285714272	0.07727272727272727
-0.38563749999999997	0.3558797499999997	0.1286026785714285	0.0915909090909091
-0.3993875000000001	0.2980797499999994	0.13145089285714281	0.10113636363636364
-0.37917500000000004	0.17744099999999996	0.1431729910714285	0.08238636363636363
-0.3203250000000001	0.26671099999999903	0.1276350446428572	0.1053409090909091
-0.3740875	0.32988774999999926	0.13271875000000002	0.09181818181818183
-0.35195	0.2973960000000009	0.15018526785714287	0.09749999999999999
-0.3584125	0.3507377499999986	0.1338325892857144	0.09022727272727273
-0.38893750000000005	0.16469374999999964	0.15203571428571416	0.08977272727272727
-0.382475	0.3815690000000007	0.14683705357142868	0.09295454545454544
-0.42125	0.3379999999999992	0.15241964285714277	0.09295454545454544
-0.39759999999999995	0.32330400000000026	0.13171205357142854	0.09568181818181817
-0.41079999999999994	0.2614060000000009	0.1598861607142854	0.09409090909090909
-0.360475	0.3578589999999995	0.13872433035714277	0.09874999999999999
-0.3738125000000001	0.37024374999999843	0.13194642857142852	0.09409090909090909
-0.4152	0.35141600000000217	0.15373437500000006	0.08681818181818182
-0.3724375	0.3634937500000017	0.13512388392857153	0.09943181818181818
-0.37931249999999994	0.3129937500000022	0.15294866071428564	0.09068181818181818
-0.41313750000000005	0.508529750000001	0.13827678571428578	0.08954545454545455
-0.3537374999999999	0.38782975000000164	0.14315401785714285	0.08886363636363637
-0.38825	0.37210000000000143	0.13381919642857146	0.08590909090909091
-0.35524999999999995	0.3609000000000009	0.14553013392857145	0.08693181818181818
-0.3595125000000001	0.4027497499999999	0.14698549107142866	0.10056818181818182
-0.37092499999999995	0.297111000000001	0.12222433035714295	0.09238636363636363
-0.36624999999999996	0.38425000000000153	0.1345189732142858	0.09647727272727272
-0.3911375	0.4061597500000005	0.13214955357142855	0.09318181818181817
-0.3932000000000001	0.20474599999999832	0.1467276785714285	0.09409090909090909
-0.3592375	0.5749997500000017	0.1397154017857143	0.10579545454545455
-0.38027500000000003	0.33959899999999976	0.13436830357142843	0.09249999999999999
-0.33820000000000006	0.318696000000001	0.1308783482142857	0.08670454545454545
-0.39237500000000003	0.30897499999999845	0.13499665178571424	0.09261363636363636
-0.37285	0.28947400000000023	0.14234040178571428	0.08329545454545455
-0.3811000000000001	0.20688399999999874	0.14378348214285713	0.08954545454545455
-0.3848125	0.27444375000000143	0.13884709821428567	0.09761363636363636
-0.40805	0.38854599999999984	0.14869196428571446	0.0784090909090909
-0.40035	0.28692400000000085	0.13914508928571417	0.09386363636363636
-0.3944375	0.27524375000000134	0.14427232142857133	0.08204545454545455
-0.4103875000000001	0.39183974999999904	0.14061941964285704	0.10147727272727272
-0.40708750000000005	0.3333977499999996	0.1249720982142858	0.0971590909090909
-0.3710625000000001	0.29694374999999873	0.13989620535714284	0.08488636363636363
-0.34177500000000005	0.3430289999999996	0.14623883928571418	0.08795454545454545
-0.400625	0.30437500000000206	0.14071316964285702	0.09170454545454546
-0.39278750000000007	0.19598774999999868	0.14330357142857145	0.09431818181818181
-0.40859999999999996	0.3840840000000014	0.14563727678571428	0.09147727272727273
-0.41932500000000006	0.3958510000000004	0.15181026785714277	0.08409090909090909
-0.3578625	0.4582197499999996	0.15053236607142859	0.08374999999999999
-0.36253749999999996	0.34486775000000236	0.12648549107142854	0.08806818181818182
-0.3922375	0.40771975000000005	0.1458024553571428	0.08397727272727272
-0.4042	0.13355600000000223	0.1396037946428571	0.08011363636363636
-0.38563749999999997	0.30412974999999953	0.1403236607142858	0.09499999999999999
-0.36515	0.36893399999999943	0.13425446428571425	0.09818181818181818
-0.41079999999999994	0.4871560000000006	0.1386484375	0.09284090909090909
-0.38536250000000005	0.36431974999999994	0.12608147321428564	0.09829545454545455
-0.39993750000000006	0.3389937500000002	0.15473772321428575	0.09102272727272727
-0.37670000000000003	0.3854059999999997	0.13836607142857132	0.09022727272727273
-0.40846250000000006	0.2498877499999992	0.1406283482142856	0.08829545454545455
-0.3845375	0.30937774999999945	0.14638727678571423	0.08534090909090909
-0.40695000000000003	0.2761959999999988	0.14500558035714292	0.08693181818181818
-0.3644625	0.4294077500000011	0.14480691964285702	0.09602272727272726
-0.38935	0.5019939999999998	0.13812611607142863	0.08920454545454545
-0.37078750000000005	0.24002774999999943	0.13960937500000004	0.08204545454545455
-0.36734999999999995	0.4812840000000005	0.14269308035714284	0.08920454545454545
-0.3534625	0.27178775000000144	0.12273437499999998	0.09227272727272727
-0.3710625000000001	0.20644375000000004	0.139388392857143	0.08545454545454545
-0.38275000000000003	0.43789999999999907	0.14823437500000003	0.09681818181818182
-0.38385	0.2577040000000004	0.13318080357142853	0.09181818181818183
-0.4018625	0.3106297499999986	0.14371540178571418	0.08875
-0.4032375	0.3238097499999988	0.14990178571428575	0.08181818181818182
-0.41025	0.4941499999999994	0.14671540178571432	0.08352272727272726
-0.37931249999999994	0.5029937500000017	0.13227455357142862	0.09659090909090909
-0.433075	0.4688010000000009	0.14600669642857125	0.0775
-0.34438750000000007	0.28077975000000066	0.1354084821428572	0.0865909090909091
-0.44215000000000004	0.43352399999999847	0.13719977678571424	0.08761363636363637
-0.3644625	0.44640775000000055	0.14381249999999998	0.09409090909090909
-0.41451249999999995	0.41304975000000077	0.14653013392857137	0.08193181818181818
-0.38756250000000003	0.18374374999999965	0.13680803571428563	0.08863636363636364
-0.3569000000000001	0.40329399999999893	0.15069642857142854	0.09704545454545455
-0.37945000000000007	0.41479599999999905	0.1508392857142858	0.08772727272727272
-0.3569000000000001	0.3965439999999987	0.14064174107142852	0.08897727272727272
-0.3870125	0.35614975000000193	0.13775111607142845	0.10443181818181818
-0.36130000000000007	0.4460759999999997	0.13598549107142857	0.08079545454545455
-0.36858750000000007	0.4623777499999999	0.1438013392857141	0.08931818181818182
-0.40241249999999995	0.3157577500000013	0.1396071428571428	0.09204545454545456
-0.3712000000000001	0.22452599999999912	0.13915401785714293	0.0890909090909091
-0.3897625	0.34153974999999903	0.14741852678571438	0.08965909090909091
-0.38715	0.29492399999999996	0.1499799107142856	0.08772727272727272
-0.4246875	0.29484375000000007	0.14087388392857148	0.09397727272727271
-0.4267500000000001	0.26309999999999967	0.14697991071428587	0.08522727272727272
-0.3904500000000001	0.3156060000000007	0.14233258928571424	0.10863636363636363
-0.379725	0.2941490000000009	0.12593415178571432	0.08738636363636364
-0.3947125	0.40173775000000234	0.1313839285714285	0.09363636363636363
-0.4256500000000001	0.3892939999999996	0.15813727678571443	0.08579545454545455
-0.39759999999999995	0.40855400000000053	0.1321629464285714	0.09568181818181817
-0.39759999999999995	0.35005400000000186	0.1440747767857142	0.09579545454545454
-0.42661250000000006	0.36621975000000084	0.141470982142857	0.07090909090909091
-0.39815	0.43174399999999835	0.13538281250000006	0.08920454545454545
-0.3916875000000001	0.5116937499999974	0.13827455357142854	0.08840909090909091
-0.3736750000000001	0.25592099999999895	0.15628236607142848	0.09193181818181818
-0.3795875000000001	0.35934774999999775	0.14269754464285722	0.09011363636363637
-0.403925	0.2771310000000007	0.13897098214285727	0.08704545454545455
-0.38632500000000003	0.3860209999999995	0.14347991071428567	0.09431818181818181
-0.3228	0.3064360000000015	0.12949330357142855	0.09954545454545455
-0.36707500000000004	0.156841	0.14000223214285712	0.0934090909090909
-0.3787625	0.3740297499999983	0.14437500000000011	0.08727272727272727
-0.38880000000000003	0.36992599999999776	0.14057924107142858	0.08602272727272726
-0.39746250000000005	0.42431775000000016	0.1557924107142859	0.08772727272727272
-0.4332125	0.38165775000000046	0.1374441964285714	0.09090909090909091
-0.3688625	0.2103097500000004	0.14574441964285711	0.09556818181818182
-0.3833000000000001	0.35455599999999876	0.13751339285714284	0.09045454545454545
-0.37573749999999995	0.4529597499999998	0.14023102678571428	0.09624999999999999
-0.3437	0.35962599999999867	0.12993973214285715	0.09
-0.3474125	0.28135774999999974	0.14327120535714288	0.09420454545454544
-0.38178750000000006	0.3931077500000004	0.14627790178571415	0.09897727272727272
-0.3905875000000001	0.24461774999999975	0.14063392857142853	0.08454545454545455
-0.411625	0.24552500000000066	0.13326004464285718	0.10352272727272727
-0.3955375	0.4559577499999996	0.14288839285714267	0.0959090909090909
-0.42069999999999996	0.38264600000000115	0.13587946428571424	0.08136363636363636
-0.42056250000000006	0.41749374999999844	0.1527667410714285	0.08625
-0.35057499999999997	0.31410100000000085	0.12394642857142857	0.09113636363636364
-0.36473749999999994	0.20911975000000105	0.13346986607142855	0.09352272727272727
-0.41093750000000007	0.3060937500000005	0.14571651785714304	0.07795454545454546
-0.38426250000000006	0.3303097499999996	0.14980133928571415	0.09022727272727273
-0.37931249999999994	0.46274375000000134	0.1334966517857144	0.08738636363636364
-0.40021249999999997	0.3344477500000007	0.13950781249999997	0.10034090909090909
-0.3679000000000001	0.2886639999999989	0.1436216517857142	0.08306818181818182
-0.42276250000000004	0.21061974999999933	0.145703125	0.08613636363636364
-0.40117500000000006	0.27802099999999896	0.14832254464285718	0.09102272727272727
-0.38825	0.4276	0.1342656249999999	0.09818181818181818
-0.36143749999999997	0.3436937500000017	0.13054129464285721	0.10102272727272726
-0.34204999999999997	0.2224060000000012	0.14440401785714285	0.0875
-0.365425	0.3633910000000018	0.12284709821428583	0.0878409090909091
-0.39869999999999994	0.4354260000000014	0.1370758928571429	0.0934090909090909
-0.42785000000000006	0.5423739999999988	0.14838839285714292	0.08113636363636363
