-0.18925000000000003	0.1537377499999999	0.0749190340909091	0.08625
-0.17100000000000004	0.09328599999999998	0.08408735795454547	0.0734375
-0.20025000000000004	0.10334974999999957	0.0966519886363636	0.073125
-0.19325000000000003	0.11411775000000013	0.0846008522727272	0.08325
-0.15100000000000002	0.09079599999999965	0.08535511363636367	0.07925
-0.22850000000000004	0.05715099999999973	0.08224431818181814	0.083125
-0.17525000000000002	0.033149749999999756	0.0774438920454546	0.0773125
-0.18825000000000003	0.07624774999999984	0.09348366477272732	0.0729375
-0.19974999999999998	0.09139975000000033	0.08437286931818187	0.0829375
-0.22950000000000004	0.13731899999999975	0.08362286931818182	0.0721875
-0.21499999999999997	0.16860000000000053	0.07619318181818183	0.074625
-0.19625000000000004	0.1321937499999999	0.08401917613636364	0.0808125
-0.18474999999999997	0.10496974999999997	0.0805333806818182	0.0769375
-0.21450000000000002	0.13495899999999983	0.08477769886363637	0.0734375
-0.1995	0.09154899999999966	0.08327130681818187	0.08225
-0.25049999999999994	0.07649900000000054	0.0898849431818182	0.0745
-0.20599999999999996	0.09400600000000026	0.07086647727272727	0.077
-0.22175	0.13880775000000023	0.07550284090909096	0.0785
-0.21725000000000005	0.14145974999999966	0.09011079545454544	0.072
-0.20025000000000004	0.10859974999999977	0.08343749999999998	0.075375
-0.17225000000000001	0.07331974999999957	0.08244673295454547	0.0788125
-0.19699999999999995	0.16026400000000018	0.08526562500000001	0.078375
-0.20399999999999996	0.1287860000000003	0.08554474431818179	0.0779375
-0.1995	0.11504899999999996	0.07752059659090907	0.0724375
-0.23224999999999996	0.07448975000000013	0.09173437500000006	0.082
-0.22775	0.10426975000000027	0.08429403409090913	0.076625
-0.25149999999999995	0.10774100000000031	0.08769886363636367	0.06875
-0.20950000000000002	0.08868899999999957	0.08537855113636367	0.0761875
-0.20850000000000002	0.03486099999999981	0.08747514204545455	0.0768125
-0.21975	0.13258974999999973	0.08437926136363633	0.0795
-0.20425000000000004	0.10987774999999989	0.08601562500000001	0.071
-0.1995	0.0782989999999999	0.08054190340909094	0.0860625
-0.17874999999999996	0.08119375000000018	0.08866406249999996	0.0758125
-0.15700000000000003	0.0804039999999997	0.07765909090909093	0.074
-0.22750000000000004	0.10572499999999962	0.08699999999999995	0.06875
-0.22224999999999995	0.09841975000000014	0.09399715909090908	0.0745
-0.21325000000000005	0.1048477499999998	0.08268963068181819	0.0720625
-0.24075000000000002	0.08515774999999959	0.08060582386363635	0.0739375
-0.20274999999999999	0.1108197500000001	0.0719936079545454	0.0738125
-0.18274999999999997	0.1304097500000001	0.07929332386363636	0.0715625
-0.20775	0.11460975000000007	0.08433025568181819	0.0735625
-0.1885	0.07837100000000019	0.0828856534090909	0.0766875
-0.20525000000000004	0.1257397499999997	0.07606534090909094	0.0775
-0.22499999999999998	0.047250000000000014	0.08392329545454551	0.07325
-0.19499999999999995	0.12115000000000009	0.08460511363636364	0.07275
-0.21175	0.06839774999999992	0.09124218750000004	0.0744375
-0.23524999999999996	0.18262975000000026	0.08712357954545463	0.0685
-0.18400000000000005	0.09557599999999988	0.09007883522727274	0.0739375
-0.19199999999999995	0.18654400000000004	0.0905752840909091	0.0805
-0.18825000000000003	0.10924774999999975	0.07685156249999997	0.0811875
-0.21325000000000005	0.12959774999999985	0.10128835227272731	0.072375
-0.1745	0.09069899999999986	0.08236150568181821	0.0766875
-0.19225000000000003	0.09290975000000001	0.08948650568181815	0.0715625
-0.21675	0.07007775000000027	0.08059517045454542	0.079125
-0.236	0.09671600000000025	0.0870575284090909	0.0684375
-0.23950000000000005	0.13455899999999943	0.08452627840909088	0.0793125
-0.21875	0.05034375000000013	0.08560227272727275	0.07175
-0.17825000000000002	0.12040774999999959	0.0781981534090909	0.0740625
-0.1995	0.12004899999999985	0.08448366477272734	0.0785625
-0.18300000000000005	0.08479399999999959	0.07909943181818184	0.076625
-0.19799999999999995	0.15818400000000032	0.0877862215909091	0.0770625
-0.1835	0.130811	0.08436008522727272	0.0834375
-0.18799999999999994	0.09812400000000032	0.0872173295454546	0.076625
-0.19074999999999998	0.0747077500000004	0.08849360795454553	0.0793125
-0.247	0.0977140000000003	0.08891548295454545	0.0775625
-0.20450000000000002	0.08121899999999993	0.08809090909090907	0.07425
-0.19525000000000003	0.1272597499999999	0.07530042613636363	0.0766875
-0.23299999999999998	0.04159399999999991	0.08618821022727272	0.0779375
-0.21350000000000002	0.12142099999999978	0.08138778409090906	0.0745
-0.1915	0.05781100000000006	0.08212499999999996	0.074875
-0.15849999999999997	0.107761	0.08036292613636369	0.0915625
-0.21225000000000005	0.0840497499999997	0.0826917613636363	0.079125
-0.18974999999999997	0.12722975000000014	0.08398295454545451	0.08075
-0.18774999999999997	0.0834997500000001	0.09038352272727274	0.08325
-0.17574999999999996	0.08169775000000046	0.07866051136363636	0.082875
-0.18999999999999995	0.028850000000000264	0.08119389204545455	0.0735625
-0.17200000000000004	0.10666399999999987	0.08497798295454544	0.0861875
-0.16949999999999998	0.12232900000000013	0.08400213068181817	0.0796875
-0.20025000000000004	0.030849749999999787	0.08973153409090903	0.074375
-0.24224999999999997	0.11225975000000021	0.08365056818181818	0.085875
-0.19025000000000003	0.05721974999999979	0.07929332386363641	0.0798125
-0.22899999999999998	0.14823600000000026	0.0806697443181818	0.0670625
-0.19674999999999998	0.09015774999999993	0.07617613636363639	0.071625
-0.16425	0.12958774999999978	0.08565980113636364	0.0760625
-0.1765	0.11639100000000013	0.08186292613636367	0.0769375
-0.18925000000000003	0.040737749999999906	0.08459872159090912	0.0735625
-0.19125000000000003	0.0816937499999999	0.08731107954545457	0.070125
-0.1765	0.07864100000000018	0.07921448863636364	0.07975
-0.21399999999999997	0.09606599999999998	0.0809041193181819	0.0798125
-0.22499999999999998	0.10424999999999995	0.0903004261363636	0.0784375
-0.22299999999999998	0.15183400000000002	0.07892045454545457	0.068
-0.22724999999999995	0.10692975000000038	0.08115980113636363	0.0739375
-0.16125	0.04899375000000017	0.08889204545454546	0.07325
-0.18274999999999997	0.13615975000000002	0.08533380681818181	0.074125
-0.24224999999999997	0.07000975000000009	0.08409588068181817	0.0738125
-0.23750000000000004	0.11137499999999934	0.08545099431818184	0.0805625
-0.23924999999999996	0.13753775000000035	0.08379545454545463	0.07675
-0.23724999999999996	0.15959975000000037	0.07761860795454545	0.0734375
-0.22499999999999998	0.11900000000000022	0.08774360795454551	0.0828125
-0.22399999999999998	0.09104599999999996	0.08325426136363634	0.079625
-0.17525000000000002	0.08364974999999975	0.07742258522727273	0.0744375
-0.18225000000000002	0.14638974999999999	0.07864559659090906	0.0883125
-0.245	0.17790000000000017	0.08819105113636364	0.0700625
-0.19425000000000003	0.11356775000000008	0.07788281249999997	0.0830625
-0.1995	0.07204899999999981	0.08796306818181819	0.070875
-0.19525000000000003	0.16450975000000012	0.0811747159090909	0.07275
-0.20650000000000002	0.09493099999999988	0.08001562500000002	0.07675
-0.20025000000000004	0.05509974999999967	0.08691690340909089	0.0710625
-0.19999999999999996	0.08175000000000043	0.08738991477272728	0.0806875
-0.19574999999999998	0.09347775000000036	0.08662713068181822	0.0734375
-0.1975	0.11897499999999983	0.09257386363636362	0.076625
-0.1975	0.04047499999999982	0.08726420454545455	0.071
-0.22275	0.16627975000000017	0.09121022727272729	0.075
-0.22224999999999995	0.08366975000000032	0.08431960227272726	0.078375
-0.23675000000000002	0.07729774999999961	0.08723650568181815	0.0718125
-0.22399999999999998	0.14754600000000018	0.09206250000000002	0.070625
-0.18425000000000002	0.11770775000000011	0.08783948863636368	0.0815
-0.18500000000000005	0.10809999999999986	0.07953196022727271	0.0776875
-0.25649999999999995	0.10533100000000006	0.08466051136363634	0.0835
-0.23824999999999996	0.17369775000000054	0.09168110795454551	0.0698125
-0.20599999999999996	0.09150600000000031	0.08622656249999999	0.0729375
-0.18200000000000005	0.0905039999999997	0.0879950284090909	0.0740625
-0.19299999999999995	0.05250400000000033	0.09131249999999998	0.0755
-0.23824999999999996	0.08044775000000026	0.08846164772727268	0.07025
-0.239	0.12151600000000018	0.08549360795454544	0.0808125
-0.17049999999999998	0.12121899999999997	0.0788075284090909	0.0709375
-0.18674999999999997	0.16574774999999997	0.08912642045454548	0.080375
-0.21375	0.016493750000000418	0.07643821022727272	0.0744375
-0.20399999999999996	0.11303600000000014	0.08026491477272725	0.0684375
-0.22075	0.12957774999999971	0.08795028409090914	0.074375
-0.19325000000000003	0.11686774999999994	0.07983025568181813	0.0770625
-0.23299999999999998	0.21284400000000003	0.0858813920454545	0.0760625
-0.1785	0.13005099999999992	0.08212926136363634	0.079
-0.21850000000000003	0.08253099999999947	0.09416548295454541	0.0739375
-0.1825	0.10702500000000015	0.08474360795454547	0.0739375
-0.19974999999999998	0.09489975000000017	0.0879609375	0.0734375
-0.19874999999999998	0.11599375000000034	0.08605823863636367	0.069875
-0.26225	0.10439975000000024	0.07933806818181816	0.069375
-0.19099999999999995	0.10532600000000025	0.07989843749999992	0.0801875
-0.22750000000000004	0.08772499999999939	0.0826342329545455	0.0699375
-0.22099999999999997	0.13588600000000017	0.08431107954545457	0.07
-0.20899999999999996	0.15352599999999983	0.07842187499999997	0.077125
-0.19374999999999998	0.048093750000000046	0.0772947443181818	0.0699375
-0.20325000000000004	0.10275774999999943	0.08307741477272726	0.0718125
-0.21399999999999997	0.13631600000000033	0.08653764204545454	0.0804375
-0.19099999999999995	0.16907600000000045	0.07577130681818181	0.084625
-0.1975	0.07047500000000007	0.09187073863636364	0.071375
-0.19274999999999998	0.10938975000000006	0.07884375000000003	0.0795
-0.19174999999999998	0.056677750000000415	0.08533380681818184	0.082375
-0.22975	0.07410974999999986	0.0860923295454546	0.0755
-0.19574999999999998	0.10847775000000004	0.07919531249999993	0.0736875
-0.23224999999999996	0.10673975000000002	0.08728551136363631	0.07475
-0.20350000000000001	0.11660099999999973	0.08558309659090908	0.0754375
-0.23175	0.06191774999999966	0.08593039772727273	0.068125
-0.20525000000000004	0.12448974999999995	0.08401491477272732	0.0701875
-0.22599999999999998	0.046946000000000154	0.08010085227272723	0.07025
-0.22875	0.09144374999999982	0.08804829545454543	0.076875
-0.19399999999999995	0.14970600000000012	0.091125	0.07425
-0.18600000000000005	0.19011599999999973	0.07869247159090909	0.0756875
-0.19825000000000004	0.04053774999999993	0.091546875	0.08175
-0.19125000000000003	0.11919374999999999	0.07543465909090907	0.07725
-0.21050000000000002	0.13825900000000013	0.08748153409090907	0.07225
-0.20699999999999996	0.1011040000000003	0.0862414772727273	0.075125
-0.20899999999999996	0.12327600000000016	0.08828906250000002	0.0768125
-0.22075	0.11132774999999961	0.07564559659090911	0.0656875
-0.17800000000000005	0.12876399999999988	0.0778721590909091	0.0815
-0.241	0.14742599999999983	0.08929048295454543	0.0609375
-0.21850000000000003	0.10378099999999968	0.09256321022727271	0.0718125
-0.20399999999999996	0.12428600000000056	0.0743522727272727	0.0805
-0.21499999999999997	0.14635000000000042	0.07357670454545448	0.077
-0.19099999999999995	0.1393260000000005	0.08120028409090917	0.080625
-0.18200000000000005	0.06925399999999993	0.08275142045454546	0.077
-0.19625000000000004	0.08869375000000002	0.08538281250000003	0.0748125
-0.19999999999999996	0.08575000000000044	0.08540411931818183	0.0795625
-0.18925000000000003	0.13698774999999985	0.08177556818181815	0.084375
-0.15000000000000002	0.0767500000000001	0.07942968750000005	0.0855625
-0.18974999999999997	0.12147974999999978	0.08795028409090909	0.07675
-0.26175000000000004	0.17194774999999973	0.0831370738636364	0.0700625
-0.19474999999999998	0.08978975000000045	0.08749005681818184	0.07775
-0.19674999999999998	0.12440775000000004	0.0920539772727273	0.0735
-0.21650000000000003	0.08801099999999984	0.08496732954545459	0.070625
-0.23175	0.10341774999999975	0.08862357954545452	0.072
-0.23875000000000002	0.06699374999999952	0.08064417613636361	0.0848125
-0.17874999999999996	0.10044375000000016	0.09054332386363637	0.0744375
-0.17974999999999997	0.13125975000000034	0.08888778409090912	0.07725
-0.23199999999999998	0.1202040000000002	0.08866619318181822	0.0765
-0.22299999999999998	0.07208400000000026	0.08682954545454546	0.074
-0.23399999999999999	0.09497599999999995	0.07489133522727265	0.0784375
-0.19974999999999998	0.13764975000000002	0.08555326704545452	0.0714375
-0.15425	0.07407774999999983	0.0821058238636364	0.0778125
-0.21675	0.055827750000000176	0.08345028409090904	0.068125
-0.19825000000000004	0.12478774999999986	0.08865767045454545	0.073125
-0.23975000000000002	0.17632974999999984	0.08631392045454549	0.07475
-0.16949999999999998	0.13932900000000004	0.08030326704545453	0.0774375
-0.17374999999999996	0.0679937500000003	0.08146022727272732	0.07075
-0.20550000000000002	0.06857899999999972	0.07678977272727272	0.07125
-0.1985	0.09014100000000003	0.08029048295454547	0.0698125
-0.16674999999999995	0.1497777500000006	0.07003338068181819	0.0796875
-0.19874999999999998	0.05749375000000034	0.07603764204545456	0.0824375
-0.23424999999999996	0.1335077500000006	0.09135724431818172	0.0733125
-0.21025000000000005	0.06892974999999968	0.09096306818181822	0.077
-0.21775	0.11633974999999985	0.08473508522727269	0.0740625
-0.21575	0.10105775000000028	0.08611789772727277	0.080125
-0.1775	0.08997499999999992	0.07536860795454552	0.0790625
-0.20299999999999996	0.0776640000000004	0.09239488636363642	0.07925
-0.21325000000000005	0.08709774999999986	0.09207528409090905	0.07325
-0.20899999999999996	0.07777600000000007	0.08392116477272729	0.0798125
-0.20775	0.09285975000000013	0.07742258522727272	0.0716875
-0.21075	0.09158774999999997	0.08090411931818184	0.0799375
-0.20975	0.10926974999999972	0.08305610795454543	0.0754375
-0.1925	0.06077500000000002	0.08628409090909095	0.076375
-0.1885	0.14012100000000016	0.07818323863636367	0.082875
-0.1985	0.08914100000000014	0.07652130681818184	0.074125
-0.19599999999999995	0.08483600000000013	0.08049928977272726	0.0760625
-0.15849999999999997	0.09326100000000004	0.07841548295454545	0.0735625
-0.18799999999999994	0.077874	0.08999786931818182	0.0816875
-0.22750000000000004	0.0867249999999995	0.08541051136363637	0.079625
-0.19974999999999998	0.14139975000000016	0.08326065340909092	0.0805625
-0.19699999999999995	0.10701400000000039	0.0853764204545455	0.082125
-0.18025000000000002	0.11003974999999988	0.08471590909090908	0.085125
-0.238	0.14792400000000017	0.09265482954545462	0.07275
-0.19099999999999995	0.10207600000000028	0.08002201704545453	0.0739375
-0.22224999999999995	0.06391975000000016	0.08594957386363639	0.0799375
-0.21225000000000005	0.09279974999999974	0.08407670454545454	0.07325
-0.20899999999999996	0.1360260000000002	0.08766477272727277	0.06775
-0.21050000000000002	0.1325090000000002	0.08568110795454545	0.0775625
-0.1985	0.09814100000000003	0.08826562500000001	0.076875
-0.20199999999999996	0.09653400000000056	0.08093821022727268	0.0670625
-0.23050000000000004	0.12672899999999965	0.07988991477272728	0.0660625
-0.23150000000000004	0.16738099999999978	0.0929169034090909	0.0780625
-0.19174999999999998	0.08617775000000005	0.07703480113636366	0.0715625
-0.237	0.11232400000000009	0.08148366477272737	0.0753125
-0.21599999999999997	0.13162600000000024	0.08810582386363636	0.0763125
-0.24924999999999997	0.08899774999999988	0.08590909090909093	0.072
-0.19699999999999995	0.1480140000000003	0.08032883522727273	0.0753125
-0.19425000000000003	0.10231774999999965	0.08075071022727273	0.0729375
-0.20450000000000002	0.06671899999999997	0.09744034090909094	0.075875
-0.19299999999999995	0.13225400000000054	0.08715553977272725	0.0760625
-0.21475	0.08527974999999977	0.08273224431818182	0.0666875
-0.22299999999999998	0.15358399999999994	0.08851704545454551	0.077125
-0.1785	0.09530099999999964	0.09078409090909088	0.076625
-0.18925000000000003	0.11373774999999986	0.08535085227272726	0.077125
-0.1915	0.130811	0.08440696022727272	0.0724375
-0.21399999999999997	0.12656599999999996	0.08922443181818185	0.0855
-0.258	0.13874399999999998	0.08456036931818182	0.0755625
-0.23024999999999995	0.08343975000000015	0.08489914772727274	0.069875
-0.20450000000000002	0.10796899999999976	0.08017542613636361	0.0778125
-0.19199999999999995	0.13004400000000027	0.08424076704545455	0.0790625
-0.1925	0.14827499999999993	0.07762500000000001	0.07675
-0.22550000000000003	0.10284899999999997	0.08154119318181818	0.07825
-0.23024999999999995	0.18068975000000043	0.08739630681818186	0.080375
-0.20299999999999996	0.09991400000000006	0.08436008522727273	0.0746875
-0.19699999999999995	0.179014	0.09093323863636364	0.077375
-0.20625000000000004	0.12159374999999972	0.08550000000000005	0.076375
-0.16900000000000004	0.08575599999999994	0.08535937500000004	0.080875
-0.20225000000000004	0.10062974999999952	0.08966974431818181	0.0729375
-0.20650000000000002	0.0864309999999997	0.08642471590909087	0.07775
-0.19774999999999998	0.09907975000000002	0.0821910511363636	0.0889375
-0.19399999999999995	0.1167060000000002	0.07980681818181815	0.081125
-0.20225000000000004	0.08387974999999948	0.07674928977272721	0.0759375
-0.20550000000000002	0.14507899999999996	0.07895454545454544	0.07425
-0.21625000000000005	0.1269437499999997	0.08152414772727269	0.074625
-0.18425000000000002	0.08345775	0.07732883522727271	0.0768125
-0.21099999999999997	0.11166600000000049	0.08331392045454537	0.076375
-0.18700000000000006	0.10137399999999941	0.0782471590909091	0.077375
-0.20550000000000002	0.059079000000000104	0.09060298295454546	0.0794375
-0.23375	0.1469437499999997	0.08397230113636363	0.0743125
-0.20499999999999996	0.10289999999999999	0.08488849431818184	0.0761875
-0.21199999999999997	0.12897400000000037	0.07960866477272727	0.0813125
-0.23450000000000004	0.12878899999999982	0.08425781250000004	0.0730625
-0.18600000000000005	0.10361599999999971	0.0864332386363637	0.08225
-0.21675	0.16382775000000027	0.08520809659090912	0.0734375
-0.1995	0.14654899999999982	0.08781392045454545	0.073125
-0.21750000000000003	0.11577499999999974	0.08141548295454548	0.0749375
-0.17049999999999998	0.13171899999999992	0.08244673295454545	0.0719375
-0.21325000000000005	0.11434774999999986	0.08010085227272729	0.070125
-0.21775	0.11433975000000007	0.08037357954545452	0.073875
-0.20899999999999996	0.1530260000000001	0.07986860795454553	0.0813125
-0.16774999999999995	0.11493975000000045	0.07330610795454545	0.0848125
-0.18999999999999995	0.11810000000000054	0.0762251420454546	0.0773125
-0.21999999999999997	0.1484000000000001	0.08697443181818186	0.08025
-0.19825000000000004	0.10903774999999971	0.08638849431818181	0.0739375
-0.18825000000000003	0.04249774999999989	0.08213139204545458	0.0744375
-0.21050000000000002	0.12525900000000023	0.08142187499999995	0.071125
-0.20350000000000001	0.038600999999999885	0.08045454545454545	0.0885
-0.19725000000000004	0.059119749999999804	0.08182244318181818	0.079
-0.21175	0.09989774999999979	0.08553409090909092	0.084375
-0.21699999999999997	0.13414400000000004	0.08355042613636363	0.0771875
-0.251	0.10349599999999981	0.0857578125	0.0758125
-0.20575	0.057667749999999796	0.09070099431818178	0.0730625
-0.23175	0.10766774999999962	0.09413139204545451	0.0726875
-0.17525000000000002	0.09789974999999984	0.08838920454545451	0.078625
-0.20850000000000002	0.11011099999999985	0.08024999999999997	0.073125
-0.21650000000000003	0.10276099999999966	0.08248721590909089	0.06975
-0.1995	0.07779899999999973	0.08739204545454549	0.078
-0.20375	0.12569374999999994	0.08493963068181823	0.0788125
-0.16625	0.059443749999999795	0.08775000000000002	0.084125
-0.16025	0.09177974999999972	0.08387642045454542	0.075125
-0.24150000000000005	0.10771099999999967	0.08223366477272724	0.0748125
-0.1755	0.09879900000000008	0.08736860795454547	0.0688125
-0.20125000000000004	0.08574374999999979	0.08634588068181816	0.0760625
-0.21525000000000005	0.11191974999999932	0.08149431818181817	0.075375
-0.21350000000000002	0.123421	0.08336505681818179	0.082125
-0.1945	0.16517899999999974	0.08489488636363635	0.07475
-0.18200000000000005	0.15850399999999976	0.08330752840909086	0.0781875
-0.1935	0.06298099999999973	0.08290909090909093	0.0725
-0.24375000000000002	0.1080937500000001	0.0897357954545455	0.070875
-0.24950000000000006	0.19349899999999964	0.08761150568181818	0.0725625
-0.16725	0.06110974999999996	0.08241051136363636	0.0775
-0.16774999999999995	0.10393975000000033	0.09020454545454543	0.079625
-0.13849999999999996	0.11827100000000024	0.0882144886363637	0.074375
-0.19599999999999995	0.1378360000000005	0.08410227272727272	0.077875
-0.16300000000000003	0.06922399999999973	0.0765362215909091	0.0748125
-0.21199999999999997	0.1859740000000003	0.08913707386363641	0.0755625
-0.20599999999999996	0.12350600000000034	0.08322443181818177	0.06875
-0.19774999999999998	0.11707974999999982	0.0871022727272728	0.075125
-0.18000000000000005	0.08489999999999975	0.08683380681818184	0.081625
-0.21075	0.11883774999999996	0.07673863636363636	0.071625
-0.22999999999999998	0.1551499999999999	0.08565980113636362	0.0718125
-0.22150000000000003	0.12625099999999945	0.08372514204545459	0.0673125
-0.22650000000000003	0.11879099999999942	0.08929261363636361	0.078625
-0.21425000000000005	0.1361377499999996	0.08642045454545455	0.0715
-0.18425000000000002	0.06570775000000006	0.0803757102272727	0.0849375
-0.24575000000000002	0.14842774999999975	0.08577059659090908	0.0713125
-0.21799999999999997	0.11890400000000012	0.07963423295454544	0.0729375
-0.17225000000000001	0.0480697499999998	0.09147656250000004	0.0809375
-0.18225000000000002	0.14238974999999998	0.08325852272727274	0.073375
-0.2005	0.1851989999999999	0.08184801136363634	0.072125
-0.18999999999999995	0.09710000000000019	0.08043536931818185	0.0773125
-0.21099999999999997	0.17316600000000015	0.09332599431818182	0.0713125
-0.21750000000000003	0.11327499999999979	0.08442400568181811	0.0780625
-0.22175	0.11555775000000024	0.09000000000000007	0.081
-0.19174999999999998	0.10142775000000004	0.07179971590909086	0.0745
-0.20399999999999996	0.11653600000000042	0.08556178977272727	0.0755625
-0.16974999999999996	0.12298975000000034	0.0783622159090909	0.068375
-0.21525000000000005	0.059169749999999244	0.0893778409090909	0.072375
-0.18899999999999995	0.16386600000000007	0.0829005681818182	0.074625
-0.23324999999999996	0.1353777500000004	0.0930958806818182	0.0733125
-0.23050000000000004	0.07172899999999949	0.0895525568181818	0.068
-0.21150000000000002	0.10107099999999969	0.08453906249999997	0.0680625
-0.22399999999999998	0.11104599999999998	0.08609446022727274	0.0749375
-0.21799999999999997	0.09815400000000007	0.08138352272727271	0.082
-0.22524999999999995	0.15504975000000032	0.07873508522727274	0.0718125
-0.22275	0.15977975000000022	0.08811434659090905	0.0813125
-0.23450000000000004	0.09078900000000001	0.09063920454545457	0.08375
-0.23950000000000005	0.08505899999999977	0.07923153409090904	0.082
-0.17300000000000004	0.15028400000000008	0.07921661931818182	0.0781875
-0.21750000000000003	0.10777499999999973	0.08048011363636363	0.076625
-0.20350000000000001	0.11385099999999992	0.08031818181818182	0.0755
-0.20699999999999996	0.11185400000000012	0.08756036931818179	0.0784375
-0.19599999999999995	0.09233600000000042	0.08091903409090913	0.06675
-0.1825	0.13652500000000023	0.08376775568181813	0.0811875
-0.21025000000000005	0.13592974999999985	0.08629261363636365	0.071125
-0.24850000000000005	0.1564909999999995	0.09166193181818182	0.066625
-0.20699999999999996	0.08460400000000012	0.08378906250000001	0.0778125
-0.20950000000000002	0.11093899999999968	0.08828693181818184	0.074625
-0.1875	0.16337499999999983	0.08187997159090915	0.0719375
-0.21575	0.12530775000000016	0.08271306818181824	0.07725
-0.1885	0.14412100000000017	0.07852201704545458	0.0828125
-0.23450000000000004	0.14553899999999986	0.07643607954545453	0.076375
-0.17974999999999997	0.14950975000000044	0.0745653409090909	0.0765
-0.25075000000000003	0.12524774999999977	0.08560653409090915	0.064875
-0.21075	0.06508775	0.07674289772727276	0.076
-0.19999999999999996	0.08150000000000057	0.08696164772727275	0.078625
-0.20399999999999996	0.12228600000000034	0.08249786931818179	0.0723125
-0.18925000000000003	0.09723774999999968	0.07463352272727272	0.0775
-0.19699999999999995	0.09001400000000004	0.0753068181818182	0.065375
-0.18200000000000005	0.0815039999999998	0.08665056818181818	0.068
-0.20775	0.13885974999999995	0.08531676136363632	0.07275
-0.22024999999999995	0.09995975000000001	0.08201846590909095	0.070625
-0.16925	0.08666774999999971	0.08860227272727275	0.06975
-0.25025	0.1384997499999998	0.08818678977272718	0.0690625
-0.18574999999999997	0.05998775000000034	0.0899424715909091	0.0769375
-0.1795	0.07936900000000024	0.08605397727272733	0.073
-0.23750000000000004	0.1381249999999996	0.08122372159090913	0.0761875
-0.19425000000000003	0.07356775000000004	0.0805078125	0.0659375
-0.20125000000000004	0.08424374999999973	0.08054403409090907	0.074
-0.20375	0.06519374999999972	0.07986647727272736	0.073
-0.20575	0.09041774999999985	0.0876818181818182	0.075625
-0.17774999999999996	0.0878697500000003	0.08810369318181817	0.073625
-0.20775	0.14910975000000004	0.0757052556818182	0.0825625
-0.20599999999999996	0.11125600000000047	0.08253409090909095	0.073
-0.25175000000000003	0.1434877499999998	0.08431534090909097	0.073
-0.23624999999999996	0.15474375000000018	0.09418039772727271	0.066375
-0.22375	0.10449374999999961	0.08966761363636365	0.071125
-0.22150000000000003	0.18425099999999972	0.08463920454545451	0.07775
-0.20499999999999996	0.1214000000000004	0.0849758522727273	0.074375
-0.20999999999999996	0.12860000000000005	0.08582812500000002	0.08225
-0.20825000000000005	0.08727774999999971	0.08160511363636365	0.077125
-0.24450000000000005	0.061878999999999795	0.08456249999999997	0.07825
-0.18974999999999997	0.08747974999999997	0.08881534090909095	0.079
-0.18025000000000002	0.030789749999999838	0.08462642045454545	0.077875
-0.25075000000000003	0.1884977499999998	0.08753480113636364	0.0759375
-0.22650000000000003	0.0920409999999996	0.08917329545454546	0.0735
-0.20525000000000004	0.07673974999999977	0.08391903409090912	0.072125
-0.261	0.14276599999999995	0.08386576704545451	0.0806875
-0.20375	0.09844374999999994	0.0908863636363636	0.072625
-0.22150000000000003	0.16575099999999976	0.08604545454545458	0.07775
-0.18725000000000003	0.04549974999999984	0.08493750000000004	0.0865
-0.1735	0.07084100000000015	0.08580681818181819	0.0745
-0.18174999999999997	0.10186775000000026	0.09206036931818182	0.0780625
-0.18625000000000003	0.09524374999999985	0.0831455965909091	0.0755625
-0.18225000000000002	0.12363974999999972	0.07955326704545457	0.0725625
-0.20099999999999996	0.12739600000000006	0.0846178977272728	0.076875
-0.18674999999999997	0.1494977500000001	0.08923295454545455	0.072125
-0.18374999999999997	0.15019375000000013	0.08532741477272723	0.0744375
-0.22599999999999998	0.12669599999999992	0.08733877840909089	0.0714375
-0.15500000000000003	0.10915000000000008	0.0819822443181818	0.0755625
-0.19299999999999995	0.09475400000000045	0.07911860795454545	0.0815625
-0.17800000000000005	0.12476399999999988	0.07879474431818184	0.0725625
-0.17274999999999996	0.07537975000000019	0.09323650568181815	0.0778125
-0.17874999999999996	0.1404437500000002	0.0822357954545455	0.074
-0.20199999999999996	0.08653400000000033	0.08675071022727274	0.0631875
-0.24475000000000002	0.1338897499999998	0.0965774147727273	0.0759375
-0.1885	0.11537100000000011	0.09296803977272727	0.0823125
-0.24250000000000005	0.06152499999999961	0.08677627840909088	0.0659375
-0.24250000000000005	0.13652499999999979	0.08745596590909088	0.0735
-0.20875	0.09619374999999986	0.08313281249999999	0.0793125
-0.22875	0.11219374999999987	0.08798437500000005	0.07625
-0.23275	0.10230974999999987	0.07978977272727278	0.07675
-0.1885	0.09912100000000024	0.0847244318181818	0.073625
-0.24650000000000005	0.07195099999999943	0.09823508522727276	0.0701875
-0.16125	0.15449375000000032	0.08192258522727275	0.0835625
-0.22350000000000003	0.08669100000000007	0.08021803977272729	0.0775625
-0.20325000000000004	0.0840077499999996	0.08442187499999998	0.06625
-0.19525000000000003	0.09825974999999998	0.07954474431818184	0.0691875
-0.24324999999999997	0.10431775000000032	0.08811434659090907	0.0735625
-0.20975	0.15901975000000013	0.08884517045454544	0.07425
-0.21825000000000006	0.10721774999999978	0.08686789772727269	0.08275
-0.19899999999999995	0.11159600000000047	0.08519957386363643	0.0669375
-0.20325000000000004	0.08775774999999975	0.08821874999999996	0.086875
-0.23475000000000001	0.1368197499999999	0.08867258522727273	0.0778125
-0.23650000000000004	0.1270209999999996	0.08534872159090905	0.0745625
-0.24475000000000002	0.13313974999999978	0.10126491477272731	0.0749375
-0.17200000000000004	0.12791399999999964	0.08059090909090912	0.08325
-0.19699999999999995	0.07801400000000003	0.08597514204545449	0.0803125
-0.21125000000000005	0.05499374999999951	0.0856065340909091	0.070625
-0.20625000000000004	0.09084374999999989	0.07946803977272726	0.0703125
-0.21025000000000005	0.13142974999999968	0.08640127840909091	0.0791875
-0.18025000000000002	0.06553975000000012	0.0803778409090909	0.088
-0.20825000000000005	0.13602774999999978	0.09334090909090907	0.070125
-0.19025000000000003	0.1344697499999996	0.08468607954545454	0.07525
-0.21475	0.13252974999999978	0.08540625000000006	0.08
-0.258	0.09199400000000013	0.08938210227272728	0.06975
-0.21325000000000005	0.12109774999999967	0.08877485795454548	0.0758125
-0.1965	0.0788009999999999	0.08656534090909089	0.078375
-0.24050000000000005	0.10213899999999976	0.09343892045454547	0.079125
-0.17125	0.049443749999999564	0.07825142045454543	0.0835
-0.2005	0.08144899999999966	0.07735227272727276	0.07825
-0.20899999999999996	0.12127599999999994	0.08813565340909094	0.0708125
-0.21725000000000005	0.11970974999999973	0.08553835227272727	0.072875
-0.19374999999999998	0.1160937500000001	0.08401917613636364	0.0734375
-0.248	0.024734000000000034	0.09245667613636359	0.0739375
-0.1825	0.1095250000000001	0.07732883522727267	0.0691875
-0.22175	0.12530775000000016	0.09616619318181815	0.08425
-0.24550000000000005	0.1304189999999994	0.09014275568181818	0.0678125
-0.17500000000000004	0.09299999999999997	0.07112215909090913	0.07925
-0.20425000000000004	0.0763777499999998	0.08635866477272729	0.0805625
-0.20625000000000004	0.10709374999999977	0.08341193181818185	0.079375
-0.26325	0.17654775000000011	0.09292542613636365	0.0675625
-0.21750000000000003	0.10177499999999995	0.08050568181818185	0.07875
-0.1855	0.11835899999999988	0.0857407670454546	0.0706875
-0.20775	0.07985974999999979	0.08652059659090906	0.0746875
-0.18974999999999997	0.08847974999999986	0.08779900568181817	0.0769375
-0.20999999999999996	0.15934999999999988	0.08059943181818181	0.080625
-0.21250000000000002	0.09462499999999974	0.08221875000000003	0.080625
-0.20099999999999996	0.11764600000000014	0.08219957386363631	0.0773125
-0.21525000000000005	0.17191974999999937	0.07377911931818178	0.0730625
-0.20950000000000002	0.09218899999999985	0.08908380681818183	0.075125
-0.20025000000000004	0.19609974999999968	0.08314772727272723	0.079375
-0.238	0.10192400000000035	0.08707457386363639	0.0765625
-0.21125000000000005	0.11924374999999943	0.0856278409090909	0.077875
-0.23750000000000004	0.13587499999999952	0.08619673295454544	0.0761875
-0.20199999999999996	0.06953400000000043	0.0798558238636364	0.0791875
-0.20675	0.1072677500000001	0.09030681818181818	0.077625
-0.19174999999999998	0.08967775000000033	0.08060582386363632	0.0728125
-0.19725000000000004	0.08336975000000013	0.08059303977272728	0.0829375
-0.18625000000000003	0.11149374999999973	0.08201846590909084	0.073375
-0.1935	0.14948099999999975	0.07909090909090907	0.073375
-0.18899999999999995	0.1546160000000003	0.08246377840909094	0.0746875
-0.16649999999999998	0.06261100000000042	0.08394886363636364	0.088375
-0.22050000000000003	0.14576900000000004	0.07951491477272728	0.0806875
-0.1955	0.09911899999999996	0.083671875	0.08225
-0.22724999999999995	0.08167975000000016	0.09139346590909095	0.07125
-0.17200000000000004	0.09041399999999955	0.0787798295454546	0.07425
-0.20225000000000004	0.12262974999999976	0.07645738636363636	0.07475
-0.24324999999999997	0.07681775000000046	0.08253409090909092	0.07175
-0.22999999999999998	0.1451500000000001	0.08916051136363637	0.0695
-0.16549999999999998	0.11118899999999998	0.08640980113636364	0.0791875
-0.1865	0.09462100000000007	0.08732173295454546	0.0854375
-0.18925000000000003	0.16073775	0.08464985795454545	0.0780625
-0.18700000000000006	0.0816239999999997	0.08355468750000003	0.0808125
-0.21750000000000003	0.17602499999999965	0.0926910511363636	0.0776875
-0.20499999999999996	0.11015000000000041	0.08148579545454543	0.082
-0.245	0.10889999999999977	0.09163636363636363	0.076625
-0.23475000000000001	0.10356974999999968	0.08508451704545457	0.0739375
-0.25149999999999995	0.11949100000000001	0.09171519886363635	0.0778125
-0.15449999999999997	0.10476900000000056	0.07684090909090911	0.082125
-0.20825000000000005	0.1470277499999999	0.08985298295454551	0.0755625
-0.18925000000000003	0.12148775	0.07952130681818183	0.083875
-0.242	0.14399400000000018	0.08741761363636358	0.073375
-0.20025000000000004	0.10859974999999977	0.08231676136363633	0.071625
-0.249	0.0964959999999997	0.08844673295454544	0.0686875
-0.1945	0.06167899999999982	0.08076562499999998	0.0715
-0.26	0.1400999999999999	0.09429545454545456	0.07375
-0.22575	0.12764774999999995	0.08348224431818185	0.0816875
-0.18100000000000005	0.09870599999999952	0.08371661931818185	0.0880625
-0.19374999999999998	0.10434374999999996	0.0796981534090909	0.0759375
-0.22924999999999995	0.06402775000000016	0.08247017045454542	0.076125
-0.18025000000000002	0.06978974999999998	0.07366832386363636	0.0734375
-0.21350000000000002	0.10392099999999971	0.08339062499999997	0.077
-0.18125000000000002	0.13984374999999982	0.07762713068181816	0.0785625
-0.13924999999999998	0.11243775000000023	0.07898650568181816	0.0808125
-0.17874999999999996	0.09294375000000032	0.0770241477272727	0.07875
-0.18725000000000003	0.08374974999999996	0.08829545454545448	0.071625
-0.20950000000000002	0.14968899999999952	0.07919744318181816	0.079625
-0.22524999999999995	0.07679975000000061	0.08809943181818183	0.067375
-0.20775	0.12960974999999975	0.08460085227272729	0.078125
-0.18225000000000002	0.07088974999999964	0.09086292613636365	0.0859375
-0.21625000000000005	0.09319374999999974	0.0728032670454546	0.0721875
-0.2005	0.1214489999999997	0.07987926136363639	0.078125
-0.21225000000000005	0.09704975000000005	0.08198863636363637	0.086
-0.25075000000000003	0.1389977499999997	0.09351988636363633	0.06675
-0.22124999999999995	0.09269375000000046	0.09099502840909089	0.0721875
-0.20074999999999998	0.07554775000000014	0.08644602272727274	0.0775
-0.19674999999999998	0.07490774999999994	0.07814914772727265	0.072125
-0.23299999999999998	0.15784400000000032	0.0779275568181818	0.077125
-0.17300000000000004	0.09528399999999992	0.09707812500000004	0.081625
-0.17900000000000005	0.10508599999999957	0.08282173295454545	0.0785625
-0.17525000000000002	0.11439975000000002	0.08447088068181816	0.0705625
-0.22075	0.11082774999999989	0.07624218749999999	0.0780625
-0.22750000000000004	0.11122499999999969	0.08890696022727275	0.0825625
-0.21125000000000005	0.10999374999999967	0.08672514204545455	0.0685625
-0.21199999999999997	0.09447400000000039	0.08321377840909093	0.0774375
-0.19625000000000004	0.14344374999999987	0.0899893465909091	0.0781875
-0.245	0.1288999999999998	0.09476633522727271	0.0791875
-0.2015	0.08984099999999984	0.07647656249999998	0.0813125
-0.20825000000000005	0.1287777499999998	0.08686576704545454	0.0703125
-0.17125	0.07419374999999961	0.07981960227272727	0.08
-0.19974999999999998	0.09914975000000004	0.0858494318181818	0.081625
-0.24750000000000005	0.1854749999999994	0.08938423295454544	0.0705625
-0.20925000000000005	0.06710774999999991	0.08856178977272729	0.0736875
-0.24824999999999997	0.13873774999999977	0.08720028409090912	0.071625
-0.22399999999999998	0.07454599999999978	0.08373792613636367	0.0678125
-0.22450000000000003	0.16139899999999985	0.0929041193181818	0.0753125
-0.22324999999999995	0.15888775000000033	0.08823792613636365	0.0726875
-0.24024999999999996	0.11636975000000005	0.08323295454545455	0.0635
-0.21950000000000003	0.10752899999999954	0.0896356534090909	0.0770625
-0.22499999999999998	0.03950000000000031	0.0861221590909091	0.079625
-0.22050000000000003	0.1357689999999998	0.08359730113636364	0.0795625
-0.20299999999999996	0.13291400000000042	0.08121519886363639	0.0828125
-0.23550000000000004	0.09915899999999978	0.08296022727272725	0.072375
-0.21699999999999997	0.03214400000000017	0.09041122159090909	0.0721875
-0.20499999999999996	0.13190000000000035	0.08309872159090904	0.0796875
-0.18300000000000005	0.12054399999999932	0.08135795454545458	0.07575
-0.19074999999999998	0.10845775000000035	0.08753267045454549	0.063375
-0.19525000000000003	0.13275974999999995	0.09790269886363637	0.0735625
-0.21599999999999997	0.12712600000000052	0.0826917613636364	0.07675
-0.20225000000000004	0.09687974999999938	0.08034588068181822	0.0738125
-0.20125000000000004	0.10074374999999991	0.09169815340909092	0.0761875
-0.17400000000000004	0.10789599999999977	0.08670809659090913	0.0794375
-0.23050000000000004	0.11697899999999972	0.08499502840909089	0.0720625
-0.21375	0.09849375000000027	0.08985724431818184	0.0700625
-0.23250000000000004	0.10777499999999973	0.08171803977272724	0.0771875
-0.20425000000000004	0.13212775	0.08726207386363631	0.0776875
-0.18225000000000002	0.050139749999999594	0.08730468749999998	0.0769375
-0.18125000000000002	0.11159374999999994	0.08456463068181817	0.0775625
-0.20550000000000002	0.07482899999999981	0.08649289772727274	0.07575
-0.18600000000000005	0.12986599999999937	0.08499289772727268	0.079375
-0.20350000000000001	0.13610099999999958	0.08738352272727276	0.0755
-0.18999999999999995	0.05535000000000023	0.08089559659090904	0.0790625
-0.24175000000000002	0.062477749999999777	0.08117258522727272	0.0800625
-0.20125000000000004	0.0887437499999999	0.07952982954545451	0.073375
-0.21599999999999997	0.1263760000000005	0.0849375	0.071125
-0.1885	0.09862100000000007	0.08263423295454544	0.0834375
-0.22050000000000003	0.054518999999999984	0.08831036931818181	0.0690625
-0.20225000000000004	0.07637974999999964	0.08861292613636364	0.0689375
-0.1955	0.11511899999999997	0.07919744318181823	0.0805
-0.18400000000000005	0.08557599999999965	0.08094460227272726	0.077
-0.22924999999999995	0.17377775000000018	0.0872663352272727	0.0781875
-0.22050000000000003	0.11151899999999992	0.08419176136363639	0.0725
-0.19599999999999995	0.1023360000000002	0.08081249999999995	0.07825
-0.243	0.2098040000000001	0.07983025568181827	0.0690625
-0.17374999999999996	0.12299375000000001	0.08213991477272728	0.0758125
-0.20499999999999996	0.08515000000000006	0.08462215909090907	0.07675
-0.21499999999999997	0.13410000000000055	0.09084588068181819	0.0796875
-0.18925000000000003	0.08048775000000008	0.08179474431818182	0.0816875
-0.15575000000000006	0.12446774999999999	0.08846164772727275	0.06975
-0.21075	0.09208775000000013	0.0871853693181818	0.0708125
-0.21375	0.11549375000000017	0.09003622159090906	0.0683125
-0.20975	0.12101974999999987	0.08400852272727272	0.0745
-0.16900000000000004	0.1222559999999997	0.07707954545454548	0.077
-0.19425000000000003	0.14181774999999996	0.08045454545454547	0.08025
-0.22075	0.08432774999999992	0.08048437499999998	0.079625
-0.17974999999999997	0.11950975000000019	0.07813423295454544	0.0806875
-0.19474999999999998	0.12278975000000036	0.08060582386363634	0.0683125
-0.20775	0.14010975000000014	0.07987286931818183	0.0764375
-0.20850000000000002	0.15511100000000022	0.08691903409090902	0.074
-0.21499999999999997	0.12460000000000049	0.0897208806818182	0.0776875
-0.19774999999999998	0.1233297499999999	0.09099715909090911	0.084875
-0.22424999999999995	0.12409775000000023	0.08678906249999999	0.0658125
-0.18974999999999997	0.06497975	0.08751988636363636	0.07625
-0.20699999999999996	0.11260400000000015	0.08602201704545459	0.0831875
-0.14800000000000002	0.13863400000000015	0.08353124999999997	0.086125
-0.18525000000000003	0.043479749999999484	0.08154545454545456	0.080875
-0.21050000000000002	0.060509000000000146	0.07348295454545453	0.08125
-0.25225	0.1092297499999999	0.09153622159090916	0.0704375
-0.21025000000000005	0.16642974999999982	0.09318110795454551	0.0811875
-0.248	0.07898399999999972	0.09079474431818181	0.0800625
-0.18974999999999997	0.08222974999999977	0.07976633522727278	0.0810625
-0.18525000000000003	0.08347974999999952	0.08091051136363638	0.07425
-0.23024999999999995	0.1594397500000002	0.08092116477272725	0.0784375
-0.20199999999999996	0.15553400000000028	0.08001775568181813	0.0855625
-0.18374999999999997	0.13344375000000053	0.08747088068181816	0.0730625
-0.19474999999999998	0.10378975000000024	0.08179474431818179	0.0758125
-0.19825000000000004	0.07753774999999985	0.09410156250000005	0.0814375
-0.21499999999999997	0.12135000000000051	0.08773934659090907	0.0835625
-0.20174999999999998	0.05068775000000025	0.07738423295454544	0.0750625
-0.24550000000000005	0.15316899999999967	0.09477911931818178	0.0631875
-0.20699999999999996	0.1516040000000003	0.0851505681818182	0.08
-0.22650000000000003	0.12104099999999951	0.07547088068181822	0.0746875
-0.21325000000000005	0.08859774999999992	0.08708948863636366	0.07525
-0.24175000000000002	0.09222774999999972	0.08298366477272723	0.0805625
-0.21375	0.12049375000000007	0.08411718750000002	0.0725625
-0.22350000000000003	0.12319099999999983	0.0819289772727273	0.07775
-0.21924999999999994	0.06696775000000033	0.0799623579545455	0.0736875
-0.19274999999999998	0.05463975000000021	0.08357173295454548	0.0766875
-0.19374999999999998	0.09009374999999986	0.0803160511363636	0.0775625
-0.22050000000000003	0.13526900000000008	0.08702769886363634	0.0731875
-0.20274999999999999	0.0675697500000001	0.0871768465909091	0.0816875
-0.21650000000000003	0.11651099999999959	0.08190127840909087	0.0835625
-0.21425000000000005	0.08563774999999962	0.0854573863636363	0.079875
-0.21850000000000003	0.11803099999999977	0.09221164772727275	0.07225
-0.1765	0.09664099999999998	0.08862784090909093	0.08275
-0.19425000000000003	0.16606774999999985	0.0770518465909091	0.0803125
-0.18525000000000003	0.052479749999999825	0.07970880681818181	0.08075
-0.18500000000000005	0.0803499999999997	0.07618252840909089	0.0781875
-0.24750000000000005	0.14247499999999969	0.09021519886363633	0.0769375
-0.24024999999999996	0.09311975000000006	0.08444531249999994	0.0733125
-0.20750000000000002	0.12602500000000028	0.07548366477272725	0.0769375
-0.22024999999999995	0.042959750000000074	0.08990838068181825	0.0769375
-0.20350000000000001	0.0766009999999997	0.08280468749999999	0.0770625
-0.18625000000000003	0.06349374999999968	0.08551065340909092	0.0689375
-0.22524999999999995	0.1350497500000003	0.07994744318181823	0.0705
-0.18074999999999997	0.0753177500000004	0.08561292613636365	0.0744375
-0.16925	0.11241774999999965	0.07727343750000003	0.0840625
-0.1975	0.0894750000000002	0.0921711647727273	0.0694375
-0.21850000000000003	0.12578099999999948	0.09075852272727271	0.067625
-0.14625	0.05494375000000007	0.08172017045454545	0.079375
-0.22999999999999998	0.17364999999999986	0.08932031250000003	0.0815625
-0.21350000000000002	0.11742099999999978	0.08971661931818183	0.0650625
-0.23875000000000002	0.09349374999999993	0.09220525568181823	0.0669375
-0.20550000000000002	0.07557899999999984	0.07444602272727277	0.077875
-0.20074999999999998	0.15829775000000046	0.08104048295454541	0.0646875
-0.19299999999999995	0.15650400000000042	0.08838068181818176	0.07625
-0.24975000000000003	0.19099975000000002	0.09265696022727271	0.0690625
-0.23199999999999998	0.17095400000000005	0.08780965909090907	0.068125
-0.20575	0.14216775000000004	0.08608167613636357	0.0795625
-0.21125000000000005	0.1762437499999998	0.09021306818181818	0.087375
-0.20850000000000002	0.09936100000000003	0.08151349431818179	0.0720625
-0.23150000000000004	0.11113099999999942	0.08815482954545457	0.0745
-0.19974999999999998	0.050399749999999965	0.08386576704545456	0.0749375
-0.22424999999999995	0.15209775000000025	0.08252343750000005	0.0734375
-0.17874999999999996	0.10794375000000045	0.07045738636363635	0.073875
-0.19099999999999995	0.09557600000000033	0.07588849431818182	0.0804375
-0.22299999999999998	0.09208400000000028	0.08357173295454548	0.0776875
-0.24875000000000003	0.14699375000000003	0.0895291193181818	0.0720625
-0.22299999999999998	0.10708399999999996	0.07794247159090911	0.0816875
-0.21899999999999997	0.08215600000000034	0.08239559659090913	0.0774375
-0.22624999999999995	0.11674375000000037	0.0812919034090909	0.0761875
-0.22999999999999998	0.1594000000000002	0.09477911931818184	0.0774375
-0.16249999999999998	0.14012499999999983	0.0775674715909091	0.0824375
-0.23075	0.18926774999999996	0.07514701704545454	0.0833125
-0.21699999999999997	0.14014400000000027	0.08879616477272727	0.0711875
-0.21599999999999997	0.17837600000000053	0.0945447443181818	0.0768125
-0.21099999999999997	0.11491600000000046	0.0873728693181818	0.0789375
-0.19425000000000003	0.07531774999999996	0.08102769886363638	0.0848125
-0.1825	0.11952499999999988	0.08792045454545454	0.078625
-0.20650000000000002	0.1096809999999997	0.09733167613636363	0.0743125
-0.18925000000000003	0.09673774999999996	0.08960795454545456	0.072625
-0.19599999999999995	0.0985860000000005	0.08963352272727274	0.073625
-0.18400000000000005	0.10732599999999959	0.09563991477272726	0.0756875
-0.19925000000000004	0.14444774999999987	0.08601775568181817	0.0735625
-0.22575	0.1706477500000001	0.08456676136363633	0.070375
-0.23175	0.1491677499999997	0.08625426136363638	0.069625
-0.18200000000000005	0.13350399999999985	0.07628053977272727	0.0780625
-0.16800000000000004	0.04985399999999984	0.07791903409090908	0.087
-0.18899999999999995	0.0801160000000003	0.07832386363636365	0.06975
-0.20350000000000001	0.05310099999999984	0.08120454545454542	0.0775
-0.13724999999999998	0.07539974999999988	0.08733877840909092	0.0855625
-0.22499999999999998	0.10749999999999993	0.09380326704545455	0.0751875
-0.18600000000000005	0.06761599999999968	0.08591122159090907	0.0849375
-0.22599999999999998	0.10019599999999995	0.08967613636363633	0.07325
-0.18325000000000002	0.03842774999999987	0.08391690340909091	0.0744375
-0.1895	0.13085900000000006	0.07853693181818183	0.0785
-0.23624999999999996	0.1264937500000003	0.0862776988636364	0.0773125
-0.22624999999999995	0.16574375000000074	0.0891370738636364	0.0770625
-0.21699999999999997	0.07139400000000018	0.08887926136363637	0.07175
-0.20499999999999996	0.06115000000000004	0.0852421875	0.0804375
-0.15949999999999998	0.0859890000000001	0.07673011363636366	0.07625
-0.21199999999999997	0.1467240000000003	0.08356534090909089	0.078125
-0.20725000000000005	0.1851897499999997	0.0799069602272727	0.0739375
-0.21025000000000005	0.07142974999999963	0.08057173295454544	0.0773125
-0.22050000000000003	0.10201899999999986	0.08828693181818181	0.079125
-0.23775000000000002	0.15014974999999975	0.08167542613636367	0.0770625
-0.20199999999999996	0.1405340000000006	0.08448366477272723	0.0785625
-0.19674999999999998	0.17040774999999986	0.0828174715909091	0.0774375
-0.16574999999999995	0.07610775000000025	0.08109374999999998	0.078125
-0.23075	0.08951775000000017	0.09210298295454543	0.0716875
-0.21899999999999997	0.16915600000000008	0.08337357954545457	0.077
-0.21725000000000005	0.13020974999999968	0.07847514204545453	0.0734375
-0.23775000000000002	0.08989974999999983	0.08942045454545455	0.07275
-0.24350000000000005	0.08033099999999971	0.0936903409090909	0.077375
-0.22299999999999998	0.15708400000000022	0.08793536931818186	0.0748125
-0.20199999999999996	0.14678400000000025	0.08562997159090914	0.0776875
-0.22724999999999995	0.10942975000000033	0.08397869318181816	0.066625
-0.16000000000000003	0.07434999999999992	0.08313494318181822	0.077375
-0.235	0.11059999999999981	0.09309161931818186	0.0711875
-0.16625	0.09969375000000014	0.07781036931818178	0.0754375
-0.22950000000000004	0.04706900000000003	0.08497585227272725	0.068125
-0.18500000000000005	0.11759999999999993	0.07657457386363639	0.0805625
-0.17174999999999996	0.10425774999999993	0.08077627840909091	0.0670625
-0.18925000000000003	0.11023775000000002	0.09349218749999996	0.0761875
-0.21225000000000005	0.1325497499999999	0.09866335227272732	0.088625
-0.20650000000000002	0.09318099999999996	0.08116406250000005	0.0693125
-0.19125000000000003	0.07494375000000009	0.07793607954545455	0.077875
-0.17174999999999996	0.11200775000000007	0.08157741477272726	0.0789375
-0.1955	0.12586900000000023	0.08674005681818182	0.071375
-0.22850000000000004	0.08290099999999967	0.09055397727272724	0.071375
-0.2025	0.16172500000000012	0.07550071022727273	0.0843125
-0.23950000000000005	0.13530899999999946	0.0824616477272727	0.07275
-0.22550000000000003	0.10159899999999977	0.08480326704545454	0.0694375
-0.19774999999999998	0.06882974999999991	0.0868934659090909	0.071125
-0.19825000000000004	0.08203774999999958	0.08049289772727272	0.08125
-0.14625	0.11294375000000034	0.0811491477272727	0.08225
-0.20825000000000005	0.13127774999999975	0.08554261363636362	0.086375
-0.19874999999999998	0.044993750000000166	0.08962926136363634	0.076125
-0.24575000000000002	0.08042774999999969	0.09294034090909087	0.07275
-0.19574999999999998	0.08197775000000007	0.07736505681818184	0.081125
-0.20299999999999996	0.09316400000000025	0.07123934659090907	0.0700625
-0.19799999999999995	0.1131840000000004	0.08146448863636367	0.078
-0.19999999999999996	0.15850000000000053	0.08490340909090904	0.075375
-0.21325000000000005	0.1468477499999996	0.07836860795454545	0.0783125
-0.19799999999999995	0.10943400000000025	0.09133593750000002	0.0784375
-0.18274999999999997	0.10590975000000036	0.0815923295454545	0.076125
-0.20575	0.056417750000000044	0.09512215909090904	0.075125
-0.18799999999999994	0.10237400000000019	0.08557244318181821	0.081625
-0.21975	0.18858974999999978	0.08813352272727269	0.077375
-0.18400000000000005	0.1438259999999998	0.08467116477272726	0.0819375
-0.18074999999999997	0.08606775000000022	0.08767968750000002	0.0848125
-0.22824999999999995	0.08035775000000056	0.08087215909090908	0.078875
-0.20225000000000004	0.06587974999999968	0.08483096590909095	0.067625
-0.20999999999999996	0.1051000000000002	0.09309375	0.071375
-0.23099999999999998	0.17830600000000008	0.0828600852272728	0.0825625
-0.18874999999999997	0.10699375	0.07983451704545454	0.0764375
-0.1965	0.11955099999999952	0.08368465909090908	0.0825
-0.21650000000000003	0.07601099999999983	0.08741761363636365	0.07875
-0.21650000000000003	0.09876099999999965	0.08035866477272728	0.0744375
-0.22799999999999998	0.14331400000000016	0.08701491477272724	0.0736875
-0.21675	0.1253277500000003	0.0921434659090909	0.085375
-0.18074999999999997	0.0490677500000003	0.07896519886363634	0.0800625
-0.18600000000000005	0.10386599999999957	0.08474786931818183	0.0781875
-0.20399999999999996	0.08003600000000022	0.08309872159090907	0.0683125
-0.17925000000000002	0.13247775000000006	0.07655326704545454	0.0755625
-0.22199999999999998	0.047114000000000544	0.09236718749999995	0.0748125
-0.22324999999999995	0.11863775000000043	0.08545099431818176	0.0803125
-0.2015	0.13784099999999988	0.08618181818181819	0.072375
-0.24350000000000005	0.09108099999999952	0.09070312500000006	0.073625
-0.17374999999999996	0.09299375000000021	0.07442471590909093	0.077
-0.24	0.0858500000000002	0.08635440340909091	0.0736875
-0.1875	0.11912499999999993	0.08753267045454542	0.078
-0.24224999999999997	0.15325975000000014	0.08583664772727276	0.0805
-0.253	0.0792139999999999	0.09536079545454546	0.06725
-0.1755	0.09279899999999985	0.09261647727272729	0.08225
-0.20350000000000001	0.12535099999999977	0.08281960227272726	0.07125
-0.20599999999999996	0.10625600000000013	0.08451349431818184	0.0671875
-0.255	0.15615000000000023	0.08672088068181816	0.0760625
-0.21775	0.10883975000000001	0.08033735795454547	0.0820625
-0.20199999999999996	0.10853400000000057	0.08861931818181817	0.074375
-0.21050000000000002	0.1362589999999999	0.08292826704545456	0.0863125
-0.22450000000000003	0.1003989999999999	0.08427059659090916	0.0786875
-0.22775	0.1217697499999999	0.09075639204545455	0.0735625
-0.21350000000000002	0.11517099999999969	0.08968465909090913	0.081625
-0.22024999999999995	0.07720975000000019	0.08740482954545453	0.07625
-0.1995	0.07504899999999992	0.08374005681818177	0.078875
-0.19199999999999995	0.0812940000000002	0.08730894886363634	0.0783125
-0.22650000000000003	0.14004099999999964	0.0851356534090909	0.0749375
-0.22450000000000003	0.11814899999999984	0.07895667613636359	0.0760625
-0.1995	0.07279899999999984	0.0868252840909091	0.072125
-0.23550000000000004	0.15190899999999985	0.0834758522727273	0.07225
-0.22799999999999998	0.1405639999999999	0.08601349431818178	0.0634375
-0.21425000000000005	0.10363774999999942	0.08692329545454548	0.072625
-0.22250000000000003	0.06222499999999975	0.08651633522727274	0.0723125
-0.25849999999999995	0.09921100000000038	0.09286363636363631	0.07025
-0.21425000000000005	0.07913774999999967	0.09197727272727277	0.07625
-0.20325000000000004	0.15075774999999947	0.08354190340909091	0.0848125
-0.23375	0.1129437499999999	0.08950142045454539	0.072
-0.237	0.06607399999999997	0.08157315340909088	0.0791875
-0.19825000000000004	0.13103774999999995	0.0886981534090909	0.0763125
-0.21575	0.08780775000000007	0.07379403409090907	0.07475
-0.20274999999999999	0.09006975000000006	0.08104261363636361	0.07625
-0.20675	0.08351774999999995	0.0856299715909091	0.0765625
-0.18999999999999995	0.10185000000000022	0.08875142045454544	0.078
-0.18774999999999997	0.07324975	0.07726278409090907	0.074125
-0.20775	0.12385974999999982	0.07662784090909097	0.08075
-0.21499999999999997	0.11360000000000037	0.07888423295454539	0.0766875
-0.20099999999999996	0.1141460000000003	0.07926349431818185	0.0799375
-0.20074999999999998	0.14304775000000047	0.08110440340909095	0.0780625
-0.20499999999999996	0.11565000000000003	0.08362713068181818	0.0754375
-0.23950000000000005	0.0765589999999996	0.08755823863636367	0.079
-0.22724999999999995	0.10167975000000018	0.08948224431818187	0.0829375
-0.23099999999999998	0.08880600000000038	0.0863629261363636	0.0751875
-0.23199999999999998	0.1199539999999999	0.08683167613636363	0.0735625
-0.23099999999999998	0.06205600000000011	0.0835035511363637	0.0800625
-0.1945	0.11067899999999975	0.09047514204545455	0.0714375
-0.21650000000000003	0.1182609999999995	0.08712357954545452	0.07625
-0.21150000000000002	0.04982099999999967	0.08558948863636362	0.0775
-0.21575	0.15280775000000002	0.08679545454545451	0.07825
-0.23075	0.10176775000000005	0.08823579545454543	0.074
-0.1835	0.0473110000000001	0.08379119318181817	0.079375
-0.22175	0.1550577500000001	0.08848082386363638	0.0740625
-0.17374999999999996	0.07049375000000024	0.07814914772727277	0.084
-0.22299999999999998	0.11158400000000013	0.08999147727272729	0.074875
-0.24024999999999996	0.19011975000000003	0.08588778409090908	0.083375
-0.22575	0.12064774999999983	0.08519744318181818	0.080125
-0.21525000000000005	0.10391974999999931	0.0765532670454546	0.0799375
-0.22375	0.1329937499999998	0.08282812500000004	0.082
-0.23624999999999996	0.17849375000000034	0.08829971590909091	0.067375
-0.21650000000000003	0.1677609999999996	0.08931605113636366	0.0770625
-0.1925	0.095275	0.08489488636363635	0.064
-0.18700000000000006	0.14587399999999962	0.08098934659090913	0.0788125
-0.18300000000000005	0.1137939999999995	0.08600923295454546	0.0776875
-0.20675	0.14751775	0.08020738636363636	0.079
-0.15300000000000002	0.10361399999999987	0.0835973011363636	0.0783125
-0.20975	0.14351974999999983	0.07734374999999999	0.073375
-0.20950000000000002	0.11118899999999954	0.0852421875	0.0778125
-0.27175000000000005	0.13810774999999964	0.09289346590909092	0.066
-0.19425000000000003	0.11756774999999964	0.09190056818181816	0.074625
-0.22224999999999995	0.11541975000000004	0.09296377840909091	0.0753125
-0.20575	0.11816775000000002	0.07362357954545454	0.077
-0.16125	0.04874375000000031	0.08233167613636364	0.0810625
-0.19399999999999995	0.08595600000000037	0.07973863636363636	0.073875
-0.24450000000000005	0.17637899999999984	0.09374573863636368	0.069125
-0.20950000000000002	0.1089389999999999	0.0767684659090909	0.077375
-0.19599999999999995	0.07308600000000043	0.08724502840909096	0.0733125
-0.24550000000000005	0.08866899999999944	0.08346946022727271	0.0723125
-0.19525000000000003	0.12875974999999995	0.08751349431818178	0.0700625
-0.22924999999999995	0.10452775000000036	0.08303693181818181	0.076125
-0.19074999999999998	0.08120775000000036	0.07934019886363633	0.0713125
-0.21425000000000005	0.10413774999999958	0.08381889204545458	0.0756875
-0.1795	0.05936900000000023	0.07984517045454542	0.0625
-0.16374999999999995	0.09274375000000035	0.08034161931818184	0.0804375
-0.18625000000000003	0.05499374999999951	0.0804737215909091	0.0761875
-0.18899999999999995	0.04911600000000016	0.09931321022727271	0.0774375
-0.20699999999999996	0.10560400000000003	0.08681676136363636	0.084
-0.17125	0.03269374999999952	0.08365056818181818	0.08025
-0.19225000000000003	0.06365974999999979	0.08446661931818182	0.0814375
-0.19499999999999995	0.10614999999999997	0.08520809659090908	0.0844375
-0.24550000000000005	0.09491899999999953	0.08477769886363644	0.0733125
-0.20825000000000005	0.14627774999999987	0.08883025568181821	0.0780625
-0.20799999999999996	0.10994400000000004	0.07782315340909093	0.0824375
-0.21650000000000003	0.0702609999999999	0.0800411931818182	0.0815
-0.19899999999999995	0.10059600000000035	0.0797066761363636	0.0841875
-0.25	0.11799999999999988	0.08130681818181813	0.0705
-0.1855	0.090109	0.08093181818181823	0.081625
-0.20225000000000004	0.10262974999999974	0.08970809659090913	0.0746875
-0.25275000000000003	0.10721975000000006	0.08857670454545458	0.075125
-0.22024999999999995	0.08720974999999997	0.09170454545454546	0.07225
-0.24550000000000005	0.22966899999999946	0.08785440340909084	0.0775625
-0.17374999999999996	0.07024375000000038	0.08300284090909088	0.072625
-0.18600000000000005	0.07936599999999938	0.09134232954545454	0.070875
-0.22875	0.1561937499999999	0.08765411931818184	0.0675625
-0.20425000000000004	0.08012774999999994	0.08746022727272726	0.088
-0.18974999999999997	0.11797974999999994	0.07489772727272728	0.076625
-0.18974999999999997	0.04972975000000002	0.0825639204545455	0.085875
-0.22899999999999998	0.12623600000000001	0.0879758522727273	0.068
-0.1845	0.1300889999999999	0.08187784090909095	0.075
-0.23099999999999998	0.07380600000000026	0.09348153409090909	0.0755
-0.19925000000000004	0.13844774999999965	0.09076065340909092	0.0755625
-0.235	0.11909999999999998	0.08719815340909089	0.0766875
-0.20199999999999996	0.10478400000000043	0.08217826704545456	0.0766875
-0.19925000000000004	0.12594774999999991	0.08871093749999999	0.0770625
-0.24750000000000005	0.13947499999999957	0.0789161931818182	0.077875
-0.19125000000000003	0.10444374999999972	0.08032457386363634	0.0854375
-0.17025	0.09080975000000002	0.07946377840909091	0.0705625
-0.18674999999999997	0.09299774999999988	0.0948473011363636	0.0830625
-0.19025000000000003	0.14096975	0.08260653409090908	0.077875
-0.21725000000000005	0.09795974999999935	0.08515482954545456	0.071875
-0.237	0.13907399999999992	0.08756676136363636	0.075
-0.18974999999999997	0.12922974999999992	0.08935440340909094	0.0724375
-0.22499999999999998	0.13750000000000018	0.0898529829545455	0.0798125
-0.23924999999999996	0.16528775000000007	0.08408735795454549	0.0658125
-0.19025000000000003	0.07221974999999992	0.08905823863636365	0.075625
-0.21675	0.10657775000000003	0.08925639204545457	0.0860625
-0.22424999999999995	0.11959775000000006	0.0935390625	0.0794375
-0.21350000000000002	0.14717099999999972	0.07828764204545455	0.0803125
-0.22124999999999995	0.13094375000000058	0.09045383522727274	0.0705625
-0.21425000000000005	0.14563774999999968	0.07737144886363637	0.0684375
-0.21075	0.09333774999999989	0.08822514204545459	0.0776875
-0.22524999999999995	0.07854975000000053	0.08477769886363637	0.0698125
-0.17474999999999996	0.0743497500000001	0.0792613636363636	0.077125
-0.16900000000000004	0.11250599999999977	0.08663565340909096	0.0760625
-0.19274999999999998	0.18813974999999994	0.09086931818181815	0.079
-0.22475	0.0649497499999998	0.08117045454545456	0.08025
-0.18799999999999994	0.08362400000000036	0.07725000000000007	0.078625
-0.2015	0.057091000000000225	0.08286860795454545	0.0770625
-0.16649999999999998	0.07011100000000026	0.07877130681818179	0.06975
-0.15225	0.08177974999999993	0.07619531249999997	0.0775625
-0.19874999999999998	0.10424375000000019	0.08690411931818183	0.0769375
-0.22924999999999995	0.15677775000000027	0.07916548295454547	0.0734375
-0.2025	0.0699749999999999	0.08155610795454551	0.0853125
-0.20650000000000002	0.05843099999999968	0.08428124999999999	0.07675
-0.19125000000000003	0.12769375000000016	0.08064417613636365	0.0856875
-0.17600000000000005	0.10859599999999991	0.09146590909090907	0.080875
-0.22424999999999995	0.07834775000000027	0.08848934659090907	0.0791875
-0.16649999999999998	0.11561100000000035	0.0912933238636364	0.0719375
-0.21575	0.15130774999999996	0.07712002840909098	0.0683125
-0.1985	0.10814099999999982	0.0827471590909091	0.074125
-0.20274999999999999	0.053819750000000166	0.09014488636363638	0.07875
-0.24375000000000002	0.19759375000000023	0.09370312500000003	0.069125
-0.21099999999999997	0.10716600000000032	0.08991903409090912	0.071625
-0.19874999999999998	0.11699375000000023	0.0803948863636364	0.071625
-0.21075	0.10308774999999981	0.09255255681818184	0.081
-0.16000000000000003	0.03410000000000002	0.08656534090909093	0.074
-0.17374999999999996	0.08024375000000017	0.08516548295454546	0.0806875
-0.20475	0.07780975000000012	0.08386576704545456	0.0773125
-0.18899999999999995	0.09761600000000037	0.0882421875	0.0766875
-0.22650000000000003	0.12879099999999966	0.08238281250000004	0.0764375
-0.2015	0.113591	0.07836434659090907	0.0746875
-0.22150000000000003	0.06475099999999978	0.08956321022727273	0.0641875
-0.22050000000000003	0.09126900000000004	0.08720454545454542	0.081375
-0.1775	0.14822500000000005	0.0760866477272727	0.07525
-0.17200000000000004	0.11416399999999971	0.08806107954545453	0.08
-0.20350000000000001	0.1158509999999997	0.08572798295454545	0.0819375
-0.21599999999999997	0.11562600000000023	0.08619673295454544	0.0751875
-0.22775	0.08226975000000003	0.08918821022727279	0.0781875
-0.24324999999999997	0.16481775000000054	0.08688068181818182	0.071375
-0.20325000000000004	0.11025774999999971	0.08151349431818178	0.0759375
-0.22799999999999998	0.14106400000000008	0.0878117897727273	0.0741875
-0.25025	0.11574974999999998	0.08601988636363636	0.069375
-0.19599999999999995	0.09933600000000009	0.0825106534090909	0.0699375
-0.22124999999999995	0.07869375000000067	0.08984872159090912	0.0771875
-0.19725000000000004	0.08211974999999994	0.08650568181818186	0.078125
-0.21350000000000002	0.127421	0.07981321022727271	0.0774375
-0.21350000000000002	0.08592099999999991	0.07890127840909086	0.0700625
-0.22575	0.12939774999999987	0.08388920454545452	0.07925
-0.17274999999999996	0.08287975000000003	0.07935085227272727	0.084125
-0.18899999999999995	0.08711599999999997	0.07296306818181825	0.077625
-0.22250000000000003	0.12372499999999986	0.09673721590909092	0.07525
-0.24875000000000003	0.09049374999999982	0.08779687500000004	0.072
-0.2005	0.184199	0.08591335227272728	0.079125
-0.17874999999999996	0.08644375000000037	0.08207173295454546	0.0735625
-0.19274999999999998	0.10238974999999995	0.07851562500000002	0.074625
-0.22199999999999998	0.10486400000000051	0.09353480113636356	0.0728125
-0.22499999999999998	0.10200000000000031	0.0950518465909091	0.0618125
-0.1975	0.10197499999999993	0.07756960227272722	0.083
-0.1835	0.09381100000000009	0.07841761363636365	0.07425
-0.20850000000000002	0.09261100000000022	0.08489701704545458	0.0656875
-0.18074999999999997	0.10056775000000018	0.08866619318181818	0.076625
-0.22450000000000003	0.17514899999999978	0.08469673295454547	0.0771875
-0.24824999999999997	0.11948774999999978	0.08651633522727273	0.0724375
-0.20850000000000002	0.13686100000000012	0.09069886363636369	0.07425
-0.19825000000000004	0.08653774999999975	0.08454758522727271	0.0681875
-0.17274999999999996	0.10887975000000027	0.08270454545454545	0.08675
-0.17774999999999996	0.08486975000000019	0.08550852272727276	0.076
-0.1935	0.10223099999999974	0.08473508522727274	0.0748125
-0.18174999999999997	0.14236775000000046	0.08466690340909092	0.0784375
-0.20274999999999999	0.09031974999999992	0.08552982954545457	0.0745
-0.19599999999999995	0.055336000000000496	0.08113636363636362	0.068875
-0.20975	0.07451974999999988	0.08179900568181815	0.0688125
-0.19474999999999998	0.10078975000000012	0.08613068181818181	0.081625
-0.18574999999999997	0.04798775000000033	0.08274289772727272	0.0715
-0.17974999999999997	0.1157597500000005	0.07676846590909092	0.07725
-0.17825000000000002	0.09815774999999993	0.07914417613636361	0.0808125
-0.19699999999999995	0.1330140000000002	0.07544531250000004	0.0820625
-0.24150000000000005	0.15196099999999957	0.08953977272727269	0.06925
-0.1905	0.12308900000000023	0.0818288352272727	0.0731875
-0.19274999999999998	0.09988975	0.0834268465909091	0.0686875
-0.20825000000000005	0.11477775000000001	0.08772230113636365	0.0764375
-0.19525000000000003	0.08525975000000008	0.0865397727272727	0.07375
-0.21725000000000005	0.11295974999999947	0.08298153409090912	0.075
-0.21850000000000003	0.09728099999999973	0.07583735795454548	0.0764375
-0.19874999999999998	0.08599375000000009	0.07802769886363642	0.0768125
-0.22424999999999995	0.11084775000000002	0.08599005681818185	0.077375
-0.21175	0.06739775000000003	0.08468607954545453	0.074625
-0.18725000000000003	0.14099974999999976	0.08499502840909091	0.0824375
-0.16525	0.06976974999999985	0.08056747159090913	0.0799375
-0.21775	0.07558974999999979	0.09072656250000004	0.0626875
-0.18374999999999997	0.047693750000000534	0.08282599431818187	0.0796875
-0.19825000000000004	0.06953774999999984	0.0810980113636363	0.07425
-0.21250000000000002	0.12062499999999954	0.08714914772727278	0.068125
-0.18225000000000002	0.14163974999999995	0.08359730113636361	0.0700625
-0.21150000000000002	0.07382099999999969	0.08001775568181817	0.0730625
-0.1925	0.09452499999999997	0.0860028409090909	0.082
-0.16474999999999995	0.10292975000000038	0.08197159090909087	0.077
-0.20775	0.08935974999999985	0.07966832386363637	0.0796875
-0.17325000000000002	0.14868775000000012	0.08438139204545456	0.0770625
-0.18025000000000002	0.08303975000000019	0.08287073863636364	0.066
-0.17800000000000005	0.09651399999999954	0.08496519886363633	0.0766875
-0.24424999999999997	0.11261775000000052	0.08336718749999997	0.0759375
